Date;OPEN_PRC;HIGH_1;LOW_1;TRDPRC_1;TRNOVR_UNS
2002-09-30;;23.1;22.25;22.5;1597100.0
2002-10-01;;22.55;22.0;22.39;13930.0
2002-10-02;;23.68;23.05;23.42;356880.0
2002-10-03;;23.75;23.17;23.75;746420.0
2002-10-04;;22.87;22.39;22.39;789490.0
2002-10-07;;22.36;21.77;22.03;4658670.0
2002-10-08;;22.44;22.08;22.14;1333960.0
2002-10-09;;22.16;21.21;21.55;3863420.0
2002-10-10;;21.84;21.31;21.84;1752480.0
2002-10-11;;23.42;22.88;23.39;1853030.0
2002-10-14;;23.54;23.02;23.2;3726850.0
2002-10-15;;24.58;23.93;24.58;5255840.0
2002-10-16;;25.5;24.43;24.66;1663730.0
2002-10-17;;25.7;25.13;25.39;2167290.0
2002-10-18;;25.53;25.0;25.38;24330.0
2002-10-21;;25.44;24.97;25.32;2068570.0
2002-10-22;;25.88;25.2;25.2;3192660.0
2002-10-23;;25.15;24.15;24.16;1331810.0
2002-10-24;;24.94;24.26;24.66;2794640.0
2002-10-25;;24.45;24.3;24.44;17780.0
2002-10-28;;25.4;25.0;25.0;726920.0
2002-10-29;;25.18;23.9;23.9;1496570.0
2002-10-30;;24.63;24.21;24.63;611590.0
2002-10-31;;25.4;24.95;25.11;1651360.0
2002-11-01;;24.66;24.44;24.64;3293970.0
2002-11-04;;25.87;25.25;25.87;1521040.0
2002-11-05;;26.29;25.59;26.26;622040.0
2002-11-06;;26.35;25.8;25.8;35420.0
2002-11-07;;26.15;25.0;25.0;636250.0
2002-11-08;;25.0;24.5;24.5;513740.0
2002-11-11;;24.43;24.06;24.33;59620.0
2002-11-12;;24.61;24.24;24.24;22490.0
2002-11-13;;24.6;23.92;23.95;603630.0
2002-11-14;;25.2;23.8;25.1;760290.0
2002-11-15;;25.44;25.26;25.35;21400.0
2002-11-18;;25.95;25.4;25.7;31960.0
2002-11-19;;;;25.7;
2002-11-20;;25.7;25.11;25.47;1736100.0
2002-11-21;;26.4;26.0;26.4;364820.0
2002-11-22;;26.6;26.3;26.44;58610.0
2002-11-25;;26.5;26.37;26.37;67440.0
2002-11-26;;26.5;25.69;25.69;1278800.0
2002-11-27;;26.57;25.63;26.5;34530.0
2002-11-28;;26.83;26.45;26.78;52290.0
2002-11-29;;26.89;26.61;26.61;672650.0
2002-12-02;;27.23;26.83;27.23;753370.0
2002-12-03;;26.67;26.11;26.11;687680.0
2002-12-04;;26.02;25.72;25.8;16940.0
2002-12-05;;26.32;25.3;25.3;17330.0
2002-12-06;;25.2;24.64;25.2;10723990.0
2002-12-09;;25.43;24.64;24.64;23780.0
2002-12-10;;24.87;24.73;24.73;12230.0
2002-12-11;;25.27;25.13;25.15;1736190.0
2002-12-12;;24.99;24.64;24.93;18700.0
2002-12-13;;24.35;24.21;24.21;18710.0
2002-12-16;;25.0;24.74;24.79;672200.0
2002-12-17;;25.26;25.24;25.24;634020.0
2002-12-18;;24.7;24.4;24.4;900520.0
2002-12-19;;24.54;23.93;23.93;249810.0
2002-12-20;;24.51;24.23;24.28;2006120.0
2002-12-23;;24.55;24.4;24.55;646180.0
2002-12-27;;24.35;23.85;23.85;25520.0
2002-12-30;;23.9;23.76;23.76;281450.0
2003-01-02;;24.9;24.75;24.9;1253690.0
2003-01-03;;25.22;25.02;25.02;9050.0
2003-01-06;;25.42;24.86;25.15;1120800.0
2003-01-07;;25.51;24.94;24.94;20130.0
2003-01-08;;24.95;24.85;24.85;119670.0
2003-01-09;;24.5;24.13;24.38;48680.0
2003-01-10;;25.15;24.7;24.7;247630.0
2003-01-13;;25.37;25.04;25.04;673150.0
2003-01-14;;25.25;25.24;25.24;3580.0
2003-01-15;;25.26;25.16;25.26;32190.0
2003-01-16;;24.83;24.74;24.8;722300.0
2003-01-17;;24.38;24.13;24.13;203560.0
2003-01-20;;23.82;23.82;23.82;20.0
2003-01-21;;23.93;23.53;23.53;107700.0
2003-01-22;;23.54;22.65;23.11;582470.0
2003-01-23;;23.17;23.02;23.17;690.0
2003-01-24;;22.98;22.45;22.46;739660.0
2003-01-27;;21.71;21.55;21.65;19940.0
2003-01-28;;21.7;21.5;21.5;3680.0
2003-01-29;;21.74;21.11;21.74;579440.0
2003-01-30;;22.54;22.11;22.24;2257360.0
2003-01-31;;22.01;22.01;22.01;1540.0
2003-02-03;;22.87;22.63;22.85;103320.0
2003-02-04;;22.7;22.0;22.0;553410.0
2003-02-05;;22.24;21.8;22.24;24460.0
2003-02-06;;21.72;21.7;21.7;7030.0
2003-02-07;;21.54;21.45;21.51;7600.0
2003-02-10;;21.4;21.14;21.4;4020.0
2003-02-11;;22.0;21.69;22.0;418180.0
2003-02-12;;21.52;21.45;21.45;2690.0
2003-02-13;;21.45;21.22;21.34;2340.0
2003-02-14;;21.5;21.5;21.5;12900.0
2003-02-17;;22.48;22.29;22.35;1282220.0
2003-02-18;;22.65;22.35;22.47;1455590.0
2003-02-19;;22.56;22.4;22.4;13360.0
2003-02-20;;22.42;21.8;21.8;550920.0
2003-02-21;;21.6;21.6;21.6;36720.0
2003-02-24;;21.84;21.84;21.84;480480.0
2003-02-25;;21.3;20.71;20.9;4087270.0
2003-02-26;;21.5;20.65;20.7;752450.0
2003-02-27;;20.96;20.78;20.96;499770.0
2003-02-28;;21.0;21.0;21.0;100.0
2003-03-03;;21.57;21.56;21.56;541590.0
2003-03-04;;21.2;20.2;20.98;979410.0
2003-03-05;;20.94;20.82;20.88;381800.0
2003-03-06;;20.92;20.69;20.69;196670.0
2003-03-07;;20.25;20.0;20.13;120580.0
2003-03-10;;19.9;19.54;19.54;546900.0
2003-03-11;;19.64;19.16;19.55;236220.0
2003-03-12;;19.16;18.6;18.6;1040640.0
2003-03-13;;19.44;18.89;19.36;232560.0
2003-03-14;;20.58;20.22;20.52;30680.0
2003-03-17;;21.83;20.29;21.83;1630000.0
2003-03-18;;22.2;21.83;22.08;127640.0
2003-03-19;;22.3;21.99;22.3;29220.0
2003-03-20;;22.4;21.59;21.59;653990.0
2003-03-21;;22.54;22.0;22.54;134650.0
2003-03-24;;22.23;21.4;21.4;574190.0
2003-03-25;;21.88;20.94;21.88;639850.0
2003-03-26;;22.26;21.73;21.81;94350.0
2003-03-27;;21.5;21.34;21.34;39960.0
2003-03-28;;21.39;21.02;21.26;506160.0
2003-03-31;;20.9;20.37;20.37;518060.0
2003-04-01;;20.75;20.47;20.47;386810.0
2003-04-02;;21.57;21.15;21.49;580000.0
2003-04-03;;22.17;21.78;21.78;47290.0
2003-04-04;;22.54;21.83;22.2;79140.0
2003-04-07;;23.5;22.88;23.0;147070.0
2003-04-08;;23.5;22.74;22.85;155540.0
2003-04-09;;23.17;22.5;23.0;171340.0
2003-04-10;;22.71;22.5;22.71;164240.0
2003-04-11;;22.77;22.54;22.7;355270.0
2003-04-14;;22.76;22.53;22.76;28520.0
2003-04-15;;23.5;22.96;23.21;78880.0
2003-04-16;;23.53;23.43;23.5;79810.0
2003-04-17;;24.0;22.81;23.3;57910.0
2003-04-22;;23.35;23.0;23.35;10420.0
2003-04-23;;24.0;24.0;24.0;1320.0
2003-04-24;;23.91;23.52;23.52;505920.0
2003-04-25;;23.32;23.0;23.0;5880.0
2003-04-28;;23.69;22.8;23.69;588460.0
2003-04-29;;24.0;23.53;23.55;165280.0
2003-04-30;;24.1;23.5;23.5;26890.0
2003-05-02;;23.28;22.91;22.91;16190.0
2003-05-05;;24.0;23.75;23.9;134510.0
2003-05-06;;24.0;23.94;24.0;280460.0
2003-05-07;;24.18;23.7;23.89;39760.0
2003-05-08;;23.6;23.16;23.2;161630.0
2003-05-09;;23.23;23.0;23.23;14280.0
2003-05-12;;23.41;23.14;23.19;54510.0
2003-05-13;;23.36;23.25;23.32;45380.0
2003-05-14;;23.73;23.3;23.32;24260.0
2003-05-15;;23.69;23.4;23.57;244030.0
2003-05-16;;24.0;23.71;23.71;525610.0
2003-05-19;;24.0;22.78;22.78;74930.0
2003-05-20;;23.25;22.7;22.9;350790.0
2003-05-21;;22.7;22.33;22.59;81150.0
2003-05-22;;22.87;22.77;22.77;12530.0
2003-05-23;;22.9;22.7;22.7;14900.0
2003-05-26;;23.0;23.0;23.0;20.0
2003-05-27;;22.89;22.3;22.88;10340.0
2003-05-28;;23.41;23.0;23.17;17380.0
2003-05-29;;23.59;23.32;23.59;171460.0
2003-05-30;;23.86;23.38;23.67;166950.0
2003-06-02;;24.0;23.77;24.0;8340.0
2003-06-03;;23.91;23.83;23.87;21310.0
2003-06-04;;24.33;24.1;24.3;122250.0
2003-06-05;;24.44;24.02;24.02;33880.0
2003-06-06;;24.74;24.26;24.49;136200.0
2003-06-09;;24.53;24.3;24.4;7070.0
2003-06-10;;24.52;24.4;24.52;14410.0
2003-06-11;;24.8;24.7;24.8;30220.0
2003-06-12;;25.29;24.96;25.06;70410.0
2003-06-13;;25.35;25.09;25.1;6710.0
2003-06-16;;25.1;24.8;25.1;10710.0
2003-06-17;;25.8;25.37;25.59;547240.0
2003-06-18;;25.69;25.4;25.61;31570.0
2003-06-19;;26.0;25.58;25.63;85920.0
2003-06-20;;25.52;25.36;25.38;11430.0
2003-06-23;;25.5;25.1;25.1;30580.0
2003-06-24;;24.99;24.69;24.84;3500820.0
2003-06-25;;24.98;24.82;24.82;756410.0
2003-06-26;;24.93;24.83;24.83;41530.0
2003-06-27;;25.1;24.87;24.98;50600.0
2003-06-30;;25.07;24.66;24.66;13940.0
2003-07-01;;24.5;24.03;24.11;44930.0
2003-07-02;;24.63;24.48;24.56;45410.0
2003-07-03;;24.65;24.42;24.48;1560900.0
2003-07-04;;24.56;24.51;24.56;5400.0
2003-07-07;;25.32;25.01;25.23;964840.0
2003-07-08;;25.53;25.2;25.28;165420.0
2003-07-09;;25.33;25.12;25.12;53400.0
2003-07-10;;25.0;24.82;24.82;13960.0
2003-07-11;;25.11;24.9;25.11;45140.0
2003-07-14;;25.68;25.23;25.68;56780.0
2003-07-15;;25.72;25.4;25.55;76850.0
2003-07-16;;25.61;25.25;25.25;136170.0
2003-07-17;;25.9;24.85;24.94;18120.0
2003-07-18;;25.13;25.01;25.03;23290.0
2003-07-21;;25.29;24.65;24.69;169610.0
2003-07-22;;24.71;24.55;24.65;272840.0
2003-07-23;;25.07;24.7;24.7;37380.0
2003-07-24;;25.24;24.83;25.24;3980.0
2003-07-25;;25.09;24.92;24.92;38850.0
2003-07-28;;25.41;25.29;25.3;13610.0
2003-07-29;;25.59;25.15;25.15;59270.0
2003-07-30;;25.29;25.0;25.28;35240.0
2003-07-31;;25.7;25.56;25.56;35330.0
2003-08-01;;25.68;25.26;25.3;83760.0
2003-08-04;;25.52;24.98;25.02;44650.0
2003-08-05;;25.38;25.21;25.28;1895220.0
2003-08-06;;24.97;24.68;24.83;779700.0
2003-08-07;;24.8;24.64;24.64;4890.0
2003-08-08;;25.22;24.9;25.06;29890.0
2003-08-11;;;;25.06;
2003-08-12;;25.59;25.49;25.59;6390.0
2003-08-13;;25.5;25.45;25.45;1150.0
2003-08-14;;25.86;25.44;25.86;42320.0
2003-08-18;;26.24;25.92;26.24;34760.0
2003-08-19;;26.44;26.36;26.41;43950.0
2003-08-20;;26.5;26.04;26.04;3040.0
2003-08-21;;26.48;26.32;26.41;106820.0
2003-08-22;;26.6;26.32;26.43;197890.0
2003-08-25;;26.32;26.05;26.05;26570.0
2003-08-26;;26.35;25.96;26.04;41110.0
2003-08-27;;26.11;25.95;25.95;29020.0
2003-08-28;;26.42;26.11;26.23;169590.0
2003-08-29;;26.47;26.17;26.28;59990.0
2003-09-01;;26.58;26.39;26.48;177690.0
2003-09-02;;26.66;26.44;26.56;75760.0
2003-09-03;;27.05;26.8;26.96;239960.0
2003-09-04;;27.03;26.83;26.87;198360.0
2003-09-05;;27.0;26.7;26.7;98390.0
2003-09-08;;26.95;26.71;26.86;115410.0
2003-09-09;;27.25;26.67;26.67;57700.0
2003-09-10;;26.53;26.17;26.25;74290.0
2003-09-11;;26.34;26.2;26.2;16130.0
2003-09-12;;26.4;25.95;25.95;15680.0
2003-09-15;;26.29;26.05;26.05;54780.0
2003-09-16;;26.29;26.04;26.27;137070.0
2003-09-17;;26.68;26.48;26.48;139040.0
2003-09-18;;26.7;26.35;26.62;618970.0
2003-09-19;;26.89;26.33;26.4;578440.0
2003-09-22;;28.0;25.71;25.72;176400.0
2003-09-23;;25.7;25.28;25.57;115990.0
2003-09-24;;26.06;25.42;25.42;84070.0
2003-09-25;;25.28;25.0;25.0;1875130.0
2003-09-26;;25.24;24.88;25.02;17680.0
2003-09-29;;25.26;24.7;24.7;140540.0
2003-09-30;;25.07;24.79;24.79;3320.0
2003-10-01;;24.19;23.9;24.16;123810.0
2003-10-02;;25.19;24.41;24.48;79260.0
2003-10-03;;25.12;24.5;25.08;3413970.0
2003-10-06;;26.0;25.0;25.0;43640.0
2003-10-07;;24.89;24.65;24.66;48150.0
2003-10-08;;25.01;24.91;25.01;7460.0
2003-10-09;;25.37;25.01;25.37;139370.0
2003-10-10;;25.98;25.17;25.17;39090.0
2003-10-13;;25.65;25.49;25.65;111810.0
2003-10-14;;25.73;25.5;25.5;30830.0
2003-10-15;;25.99;25.71;25.73;3931720.0
2003-10-16;;25.88;25.51;25.61;1398220.0
2003-10-17;;25.83;25.51;25.56;152920.0
2003-10-20;;25.66;25.51;25.52;95900.0
2003-10-21;;25.86;25.66;25.71;131190.0
2003-10-22;;25.64;25.26;25.26;1350900.0
2003-10-23;;25.25;24.5;24.94;702650.0
2003-10-24;;25.0;24.76;24.82;186670.0
2003-10-27;;25.24;25.02;25.14;109430.0
2003-10-28;;25.42;25.29;25.37;685150.0
2003-10-29;;25.72;25.48;25.54;110930.0
2003-10-30;;25.91;25.55;25.77;51250.0
2003-10-31;;25.84;25.62;25.77;847100.0
2003-11-03;;26.34;25.85;26.34;105610.0
2003-11-04;;26.4;26.25;26.35;420780.0
2003-11-05;;26.32;26.1;26.18;33860.0
2003-11-06;;26.45;26.01;26.44;139660.0
2003-11-07;;26.79;26.49;26.74;308050.0
2003-11-10;;26.61;26.46;26.48;67380.0
2003-11-11;;26.23;25.91;26.19;124170.0
2003-11-12;;26.41;26.19;26.34;69040.0
2003-11-13;;26.99;26.33;26.43;364410.0
2003-11-14;;26.71;26.33;26.67;1021660.0
2003-11-17;;26.33;25.91;25.91;110490.0
2003-11-18;;27.0;25.86;25.86;127710.0
2003-11-19;;25.75;25.54;25.66;244000.0
2003-11-20;;25.89;25.46;25.74;61750.0
2003-11-21;;25.86;25.75;25.75;47300.0
2003-11-24;;26.43;26.16;26.43;67760.0
2003-11-25;;26.53;26.33;26.37;81880.0
2003-11-26;;26.96;26.45;26.47;1547800.0
2003-11-27;;26.94;26.33;26.45;100410.0
2003-11-28;;26.54;26.22;26.36;133050.0
2003-12-01;;26.73;26.6;26.73;119760.0
2003-12-02;;26.96;26.7;26.7;91530.0
2003-12-03;;27.06;26.8;26.98;184280.0
2003-12-04;;27.04;26.9;27.0;31310.0
2003-12-05;;27.01;26.62;26.68;688470.0
2003-12-08;;26.5;26.45;26.45;4260.0
2003-12-09;;26.79;26.78;26.79;3480.0
2003-12-10;;26.69;26.63;26.63;6340.0
2003-12-11;;26.85;26.72;26.75;132340.0
2003-12-12;;27.18;26.92;26.92;148310.0
2003-12-15;;27.35;27.09;27.09;431110.0
2003-12-16;;27.07;26.91;27.05;152040.0
2003-12-17;;27.49;26.92;26.92;1771360.0
2003-12-18;;27.22;26.94;27.21;44110.0
2003-12-19;;27.32;27.22;27.32;559150.0
2003-12-22;;27.44;27.3;27.34;640880.0
2003-12-23;;27.45;27.22;27.39;57950.0
2003-12-29;;27.6;27.39;27.47;73140.0
2003-12-30;;27.9;27.55;27.68;1359640.0
2004-01-02;;28.08;27.72;28.0;102770.0
2004-01-05;;28.17;27.92;28.17;907260.0
2004-01-06;;28.5;28.0;28.18;1028690.0
2004-01-07;;28.22;27.8;27.84;2109260.0
2004-01-08;;28.42;28.08;28.18;2121180.0
2004-01-09;;28.37;27.9;28.0;377350.0
2004-01-12;;28.51;27.9;27.94;3691040.0
2004-01-13;;28.32;28.09;28.1;347070.0
2004-01-14;;28.34;27.5;28.34;2743500.0
2004-01-15;;28.77;28.2;28.39;122270.0
2004-01-16;;28.72;28.57;28.7;398730.0
2004-01-19;;28.99;28.77;28.83;3879950.0
2004-01-20;;28.94;28.68;28.68;530480.0
2004-01-21;;28.8;28.65;28.69;301410.0
2004-01-22;;29.11;28.86;28.94;1225380.0
2004-01-23;;29.32;28.91;29.02;956280.0
2004-01-26;;29.3;28.8;28.82;495900.0
2004-01-27;;29.21;29.0;29.0;212380.0
2004-01-28;;29.05;28.74;29.01;1036220.0
2004-01-29;;28.88;28.65;28.65;110840.0
2004-01-30;;29.15;28.5;28.51;515900.0
2004-02-02;;28.73;28.43;28.57;347630.0
2004-02-03;;28.69;28.38;28.52;723800.0
2004-02-04;;28.4;28.24;28.37;1091970.0
2004-02-05;;28.53;28.0;28.25;1665520.0
2004-02-06;;28.52;28.24;28.47;107940.0
2004-02-09;;29.0;28.72;28.74;260880.0
2004-02-10;;28.88;28.72;28.81;221070.0
2004-02-11;;29.0;28.9;28.96;84450.0
2004-02-12;;29.18;29.0;29.0;409100.0
2004-02-13;;29.07;28.58;28.74;1015140.0
2004-02-16;;28.99;28.7;28.88;170760.0
2004-02-17;;29.08;28.97;29.04;114260.0
2004-02-18;;29.11;29.02;29.06;103680.0
2004-02-19;;29.4;29.15;29.35;429010.0
2004-02-20;;29.41;29.11;29.11;848090.0
2004-02-23;;29.39;29.0;29.15;197220.0
2004-02-24;;29.16;28.69;28.69;105980.0
2004-02-25;;28.9;28.62;28.9;175300.0
2004-02-26;;28.95;28.81;28.81;84310.0
2004-02-27;;29.24;28.95;29.24;54370.0
2004-03-01;;29.43;29.11;29.17;468400.0
2004-03-02;;29.44;29.34;29.44;540980.0
2004-03-03;;29.74;29.3;29.3;866220.0
2004-03-04;;29.5;29.39;29.49;294420.0
2004-03-05;;30.1;29.35;29.59;314610.0
2004-03-08;;30.1;29.64;29.71;130690.0
2004-03-09;;29.69;29.27;29.35;3434410.0
2004-03-10;;30.1;29.11;29.37;1549060.0
2004-03-11;;29.3;28.3;28.38;376300.0
2004-03-12;;28.6;27.86;28.37;1116240.0
2004-03-15;;28.5;27.68;27.68;216440.0
2004-03-16;;27.9;27.41;27.84;1583320.0
2004-03-17;;28.31;27.95;28.31;514150.0
2004-03-18;;28.8;27.7;27.7;616270.0
2004-03-19;;27.92;27.63;27.71;3315050.0
2004-03-22;;27.71;27.03;27.14;66100.0
2004-03-23;;27.48;27.09;27.3;546290.0
2004-03-24;;27.28;26.91;26.91;107780.0
2004-03-25;;27.57;27.42;27.5;183280.0
2004-03-26;;27.82;27.62;27.77;547760.0
2004-03-29;;28.13;27.72;28.13;572210.0
2004-03-30;;28.01;27.87;27.9;820230.0
2004-03-31;;28.24;27.9;27.9;45990.0
2004-04-01;;28.5;28.0;28.1;78300.0
2004-04-02;;28.93;28.35;28.9;173470.0
2004-04-05;;29.31;28.95;29.15;205310.0
2004-04-06;;29.29;28.8;28.8;3050750.0
2004-04-07;;28.87;28.6;28.6;168700.0
2004-04-08;;28.93;28.61;28.62;693190.0
2004-04-13;;29.16;28.94;29.05;411140.0
2004-04-14;;29.07;28.48;28.76;195760.0
2004-04-15;;28.82;28.6;28.6;39590.0
2004-04-16;;28.85;28.6;28.8;221330.0
2004-04-19;;28.94;28.5;28.58;718270.0
2004-04-20;;28.99;28.76;28.85;1243410.0
2004-04-21;;28.8;28.57;28.63;473200.0
2004-04-22;;28.8;28.5;28.79;2357220.0
2004-04-23;;29.23;29.0;29.06;89680.0
2004-04-26;;29.29;28.8;29.01;537610.0
2004-04-27;;29.09;28.91;29.02;431580.0
2004-04-28;;29.0;28.52;28.52;198440.0
2004-04-29;;28.5;28.08;28.23;136640.0
2004-04-30;;28.2;28.0;28.0;110150.0
2004-05-03;;28.39;27.9;28.39;14840.0
2004-05-04;;28.31;28.09;28.31;55410.0
2004-05-05;;28.5;28.26;28.5;82710.0
2004-05-06;;28.99;27.88;27.88;561490.0
2004-05-07;;28.0;27.6;27.82;21980.0
2004-05-10;;27.7;26.6;27.1;263650.0
2004-05-11;;27.45;27.18;27.45;73320.0
2004-05-12;;27.4;27.05;27.05;1563950.0
2004-05-13;;27.24;27.12;27.24;33990.0
2004-05-14;;27.27;26.95;27.23;353870.0
2004-05-17;;26.7;26.54;26.7;60950.0
2004-05-18;;27.03;26.89;26.98;195640.0
2004-05-19;;27.57;27.35;27.57;321150.0
2004-05-20;;27.47;27.25;27.31;63770.0
2004-05-21;;27.43;27.26;27.26;11650.0
2004-05-24;;27.67;27.51;27.51;2273770.0
2004-05-25;;27.41;27.23;27.34;114800.0
2004-05-26;;27.8;27.68;27.68;93110.0
2004-05-27;;28.0;27.9;28.0;105810.0
2004-05-28;;28.0;27.72;27.83;301090.0
2004-05-31;;27.95;27.79;27.85;68810.0
2004-06-01;;27.65;27.55;27.65;5020.0
2004-06-02;;27.85;27.72;27.8;105430.0
2004-06-03;;27.75;27.56;27.7;173540.0
2004-06-04;;28.1;27.93;28.04;1972660.0
2004-06-07;;28.46;28.31;28.43;5208540.0
2004-06-08;;28.53;28.37;28.45;947680.0
2004-06-09;;28.56;28.34;28.41;338730.0
2004-06-10;;28.44;28.32;28.4;745490.0
2004-06-11;;28.43;28.31;28.43;63920.0
2004-06-14;;28.07;27.95;27.97;262770.0
2004-06-15;;28.36;28.04;28.34;284250.0
2004-06-16;;28.52;28.43;28.45;722500.0
2004-06-17;;28.65;28.5;28.5;298840.0
2004-06-18;;28.66;28.48;28.64;1907380.0
2004-06-21;;28.79;28.6;28.6;785960.0
2004-06-22;;28.57;28.27;28.28;453600.0
2004-06-23;;28.55;28.38;28.42;766100.0
2004-06-24;;28.81;28.5;28.75;273340.0
2004-06-25;;28.75;28.64;28.73;109490.0
2004-06-28;;28.98;28.67;28.88;7172230.0
2004-06-29;;28.8;28.67;28.79;338370.0
2004-06-30;;28.9;28.68;28.68;250330.0
2004-07-01;;28.94;28.56;28.57;1394420.0
2004-07-02;;28.53;28.28;28.39;1426200.0
2004-07-05;;28.41;28.34;28.34;948700.0
2004-07-06;;28.69;28.06;28.14;227140.0
2004-07-07;;27.83;27.68;27.78;191450.0
2004-07-08;;27.73;27.54;27.72;113320.0
2004-07-09;;27.86;27.7;27.83;159480.0
2004-07-12;;27.93;27.65;27.66;561810.0
2004-07-13;;27.82;27.73;27.73;1063650.0
2004-07-14;;27.6;27.35;27.6;817920.0
2004-07-15;;27.58;27.28;27.3;139900.0
2004-07-16;;27.35;27.2;27.21;175240.0
2004-07-19;;27.2;27.01;27.08;150330.0
2004-07-20;;27.4;26.85;27.04;509020.0
2004-07-21;;27.47;27.28;27.28;12079810.0
2004-07-22;;27.28;26.85;26.85;902500.0
2004-07-23;;26.95;26.74;26.8;659200.0
2004-07-26;;26.79;26.5;26.5;258210.0
2004-07-27;;26.74;26.54;26.74;186750.0
2004-07-28;;26.97;26.67;26.67;161110.0
2004-07-29;;27.2;26.86;27.12;338110.0
2004-07-30;;27.31;27.08;27.31;243530.0
2004-08-02;;27.09;26.96;27.09;578760.0
2004-08-03;;27.2;27.13;27.2;374270.0
2004-08-04;;26.95;26.84;26.86;3165670.0
2004-08-05;;27.18;27.02;27.02;282240.0
2004-08-06;;26.8;26.31;26.31;2071160.0
2004-08-09;;26.16;25.92;26.08;17472700.0
2004-08-10;;26.22;26.1;26.18;94920.0
2004-08-11;;26.15;25.88;25.88;90840.0
2004-08-12;;26.25;25.91;25.91;83780.0
2004-08-13;;25.96;25.76;25.96;166690.0
2004-08-16;;26.15;25.78;26.15;50310.0
2004-08-17;;26.44;26.15;26.31;1359130.0
2004-08-18;;26.52;26.13;26.39;248410.0
2004-08-19;;26.76;26.41;26.47;1555870.0
2004-08-20;;26.37;26.26;26.37;41850.0
2004-08-23;;26.78;26.56;26.7;51170.0
2004-08-24;;26.8;26.69;26.69;21290.0
2004-08-25;;26.82;26.69;26.7;89730.0
2004-08-26;;27.04;26.93;27.0;444800.0
2004-08-27;;27.6;26.96;27.17;1287140.0
2004-08-30;;27.18;27.04;27.04;500690.0
2004-08-31;;27.13;26.85;26.85;350010.0
2004-09-01;;27.07;26.97;27.07;35330.0
2004-09-02;;27.3;27.01;27.27;10030.0
2004-09-03;;27.55;27.25;27.55;279520.0
2004-09-06;;27.65;27.52;27.65;478310.0
2004-09-07;;27.68;27.58;27.59;498580.0
2004-09-08;;27.67;27.55;27.58;424400.0
2004-09-09;;27.5;27.29;27.42;116620.0
2004-09-10;;27.64;27.57;27.61;27200.0
2004-09-13;;27.86;27.61;27.77;1363910.0
2004-09-14;;28.1;27.79;27.79;153720.0
2004-09-15;;27.94;27.7;27.71;5764210.0
2004-09-16;;27.82;27.7;27.77;283880.0
2004-09-17;;28.06;27.77;28.06;71500.0
2004-09-20;;27.95;27.72;27.88;149810.0
2004-09-21;;28.29;27.9;27.97;595680.0
2004-09-22;;28.01;27.68;27.73;310610.0
2004-09-23;;27.66;27.4;27.43;829960.0
2004-09-24;;27.56;27.37;27.56;304140.0
2004-09-27;;27.56;27.26;27.31;333520.0
2004-09-28;;27.49;27.26;27.4;292350.0
2004-09-29;;27.64;27.51;27.6;282428.0
2004-09-30;;27.8;27.32;27.32;490438.0
2004-10-01;;27.95;27.42;27.95;533274.0
2004-10-04;;28.36;28.21;28.34;240856.0
2004-10-05;;28.6;28.24;28.36;286395.0
2004-10-06;;28.39;28.28;28.39;50849.0
2004-10-07;;28.49;28.34;28.34;288801.0
2004-10-08;;28.51;28.19;28.19;566216.0
2004-10-11;;28.24;28.1;28.15;521309.0
2004-10-12;28.02;28.02;27.75;27.88;
2004-10-13;;28.15;27.88;27.88;1877155.0
2004-10-14;;27.89;27.75;27.89;154180.0
2004-10-15;;27.76;27.6;27.76;476566.0
2004-10-18;;27.78;27.68;27.68;72886.0
2004-10-19;;28.15;28.01;28.02;672268.0
2004-10-20;;28.13;27.7;27.75;2068655.0
2004-10-21;;27.88;27.69;27.87;676628.0
2004-10-22;;28.1;27.89;28.1;325681.0
2004-10-25;;28.6;27.4;27.4;135938.0
2004-10-26;;27.48;27.35;27.35;256613.0
2004-10-27;;27.91;27.58;27.91;670169.0
2004-10-28;;28.27;28.11;28.2;857124.0
2004-10-29;;28.4;28.19;28.22;813631.0
2004-11-01;;28.5;28.28;28.5;1490160.0
2004-11-02;;28.6;28.41;28.6;516472.0
2004-11-03;;28.85;28.63;28.67;408897.0
2004-11-04;;28.63;28.52;28.56;117656.0
2004-11-05;;29.05;28.8;28.8;638596.0
2004-11-08;;29.25;28.73;28.76;422476.0
2004-11-09;;28.79;28.66;28.75;353923.0
2004-11-10;;28.86;28.75;28.79;381526.0
2004-11-11;;29.1;28.74;29.1;216625.0
2004-11-12;;29.9;29.1;29.1;377729.0
2004-11-15;;29.43;29.1;29.12;1372898.0
2004-11-16;;29.84;28.8;28.82;975237.0
2004-11-17;;29.22;28.82;29.22;752287.0
2004-11-18;;29.27;29.15;29.2;170846.0
2004-11-19;;29.5;29.0;29.0;807143.0
2004-11-22;;29.5;28.65;28.83;1634638.0
2004-11-23;;29.08;28.91;28.92;454565.0
2004-11-24;;28.99;28.85;28.88;490081.0
2004-11-25;;29.12;28.9;29.06;942065.0
2004-11-26;;29.05;28.93;29.03;225458.0
2004-11-29;;29.37;29.02;29.02;690960.0
2004-11-30;;29.0;28.8;28.8;464787.0
2004-12-01;;29.1;28.92;29.1;461598.0
2004-12-02;;29.4;29.11;29.38;1064399.0
2004-12-03;;29.7;29.1;29.1;3103138.0
2004-12-06;;29.13;29.0;29.09;175495.0
2004-12-07;;29.5;29.15;29.28;201808.0
2004-12-08;;29.23;29.11;29.23;667460.0
2004-12-09;;29.27;28.9;28.97;217788.0
2004-12-10;;29.17;29.06;29.06;99421.0
2004-12-13;;29.5;29.18;29.38;195993.0
2004-12-14;;29.5;29.37;29.44;1538666.0
2004-12-15;;29.52;29.35;29.35;303668.0
2004-12-16;;29.44;29.31;29.4;172996.0
2004-12-17;;29.4;28.97;29.02;436138.0
2004-12-20;;29.55;29.0;29.15;441800.0
2004-12-21;;29.25;29.14;29.16;808752.0
2004-12-22;;29.5;29.36;29.5;778629.0
2004-12-23;;29.7;29.43;29.62;702798.0
2004-12-27;;29.72;29.61;29.61;172152.0
2004-12-28;;29.8;29.45;29.72;1383676.0
2004-12-29;;29.93;29.59;29.66;197347.0
2004-12-30;;29.69;29.6;29.61;209557.0
2005-01-03;;29.96;29.61;29.74;417164.0
2005-01-04;;29.89;29.75;29.75;988294.0
2005-01-05;;29.6;29.5;29.57;170027.0
2005-01-06;;29.76;29.69;29.69;204928.0
2005-01-07;;29.91;29.72;29.78;496221.0
2005-01-10;;29.87;29.7;29.83;335775.0
2005-01-11;;30.0;29.47;29.55;1077112.0
2005-01-12;;29.55;29.14;29.23;446690.0
2005-01-13;;29.5;29.34;29.42;203975.0
2005-01-14;;29.57;29.36;29.57;710626.0
2005-01-17;;29.7;29.63;29.7;520232.0
2005-01-18;;29.69;29.46;29.69;715514.0
2005-01-19;;29.85;29.58;29.66;1241524.0
2005-01-20;;29.5;29.36;29.46;3622480.0
2005-01-21;;29.56;29.34;29.42;485673.0
2005-01-24;;30.0;29.23;29.4;1125069.0
2005-01-25;;29.67;29.44;29.67;647927.0
2005-01-26;;29.7;29.6;29.65;434173.0
2005-01-27;;29.72;29.53;29.64;224756.0
2005-01-28;;30.36;29.6;29.6;549313.0
2005-01-31;;29.93;29.25;29.9;365075.0
2005-02-01;;30.1;29.89;30.08;492375.0
2005-02-02;;30.31;30.14;30.31;343154.0
2005-02-03;;30.36;30.09;30.12;488803.0
2005-02-04;;30.45;30.24;30.45;3399079.0
2005-02-07;;30.65;30.5;30.63;479715.0
2005-02-08;;30.69;30.54;30.67;549664.0
2005-02-09;;30.77;30.5;30.55;501312.0
2005-02-10;;30.69;30.5;30.54;618516.0
2005-02-11;;30.78;30.54;30.74;2375153.0
2005-02-14;;30.92;30.52;30.77;589924.0
2005-02-15;;31.0;30.82;31.0;1062188.0
2005-02-16;;31.0;30.68;30.77;2604259.0
2005-02-17;;30.92;30.8;30.81;1107845.0
2005-02-18;;31.5;30.76;30.9;319313.0
2005-02-21;;30.9;30.68;30.7;524115.0
2005-02-22;;30.74;30.37;30.49;1840178.0
2005-02-23;;30.4;30.17;30.33;49092309.0
2005-02-24;;30.4;30.29;30.35;710166.0
2005-02-25;;30.73;30.52;30.73;1221353.0
2005-02-28;;31.0;30.73;30.73;1293658.0
2005-03-01;;31.5;30.67;30.85;549795.0
2005-03-02;;30.91;30.7;30.87;648396.0
2005-03-03;;30.97;30.85;30.9;1649775.0
2005-03-04;;31.11;30.88;31.11;2045298.0
2005-03-07;;31.25;31.15;31.22;298624.0
2005-03-08;;31.22;31.06;31.07;118466.0
2005-03-09;;31.24;30.9;30.97;952955.0
2005-03-10;;30.8;30.57;30.57;1012834.0
2005-03-11;;30.85;30.68;30.71;18918473.0
2005-03-14;;30.74;30.6;30.73;568160.0
2005-03-15;;30.91;30.5;30.88;196209.0
2005-03-16;;30.9;30.4;30.4;2201410.0
2005-03-17;;30.5;30.34;30.5;1678105.0
2005-03-18;;30.69;30.55;30.6;210046.0
2005-03-21;;30.67;30.5;30.5;1617827.0
2005-03-22;;30.64;30.33;30.64;3665743.0
2005-03-23;;30.46;30.3;30.46;3791601.0
2005-03-24;;30.7;30.49;30.69;1569592.0
2005-03-29;;30.8;30.5;30.8;1872572.0
2005-03-30;;30.63;30.49;30.63;442975.0
2005-03-31;;30.82;30.6;30.61;515161.0
2005-04-01;;30.8;30.59;30.76;258523.0
2005-04-04;;30.55;30.31;30.46;5745675.0
2005-04-05;;30.68;30.46;30.67;100910.0
2005-04-06;;30.85;30.69;30.75;6347997.0
2005-04-07;;30.93;30.8;30.9;2145769.0
2005-04-08;;31.09;30.95;30.99;7363948.0
2005-04-11;;30.94;30.52;30.88;378639.0
2005-04-12;;30.89;30.66;30.71;3511024.0
2005-04-13;;30.95;30.89;30.9;150584.0
2005-04-14;;30.89;30.75;30.88;182919.0
2005-04-15;;30.72;30.27;30.27;13352965.0
2005-04-18;;30.35;29.45;29.58;1288520.0
2005-04-19;;29.78;29.61;29.69;1443343.0
2005-04-20;;29.87;29.5;29.53;2733739.0
2005-04-21;;29.79;29.5;29.62;4042211.0
2005-04-22;;30.5;29.83;29.87;842030.0
2005-04-25;;30.02;29.81;30.02;412536.0
2005-04-26;;30.02;29.85;29.89;201118.0
2005-04-27;;29.86;29.5;29.53;4072247.0
2005-04-28;;29.78;28.5;29.56;2436610.0
2005-04-29;;29.73;28.8;29.59;2263021.0
2005-05-02;;29.87;29.67;29.82;1712664.0
2005-05-03;;29.89;29.81;29.86;935733.0
2005-05-04;;30.06;29.86;30.03;871652.0
2005-05-05;;30.41;30.1;30.41;1519459.0
2005-05-06;;30.54;30.26;30.48;1929993.0
2005-05-09;;30.41;30.31;30.33;304916.0
2005-05-10;;30.48;30.09;30.11;2827410.0
2005-05-11;;30.49;29.97;30.0;1761010.0
2005-05-12;;30.29;30.17;30.19;405499.0
2005-05-13;;30.21;30.07;30.21;784437.0
2005-05-16;;30.28;30.15;30.28;1485107.0
2005-05-17;;30.3;30.11;30.15;2810051.0
2005-05-18;;30.7;30.33;30.7;1240598.0
2005-05-19;;30.93;30.74;30.93;1856797.0
2005-05-20;;30.99;30.84;30.9;1577443.0
2005-05-23;;31.13;30.98;31.1;1493571.0
2005-05-24;;31.1;30.97;31.1;430462.0
2005-05-25;;31.51;30.99;31.02;1712757.0
2005-05-26;;31.34;31.18;31.32;1308118.0
2005-05-27;;31.37;31.2;31.26;2701229.0
2005-05-30;;31.44;30.5;31.43;658887.0
2005-05-31;;31.48;31.3;31.31;2702080.0
2005-06-01;;31.76;31.37;31.76;382467.0
2005-06-02;;31.88;31.74;31.77;2015476.0
2005-06-03;;32.5;31.61;31.7;2128351.0
2005-06-06;;31.7;31.49;31.5;1062369.0
2005-06-07;;31.92;31.65;31.88;1292557.0
2005-06-08;;31.87;31.74;31.81;2915784.0
2005-06-09;;31.79;31.65;31.79;1469000.0
2005-06-10;;32.06;31.9;31.93;264457.0
2005-06-13;;32.6;31.85;32.09;619916.0
2005-06-14;;32.18;32.02;32.18;7484685.0
2005-06-15;;32.27;31.97;31.97;432970.0
2005-06-16;;32.21;32.09;32.2;317895.0
2005-06-17;;32.45;32.19;32.36;541830.0
2005-06-20;;32.3;32.1;32.23;1035778.0
2005-06-21;;32.44;32.2;32.38;624800.0
2005-06-22;;32.57;32.36;32.4;491579.0
2005-06-23;;33.0;32.35;32.4;4605325.0
2005-06-24;;32.8;32.13;32.2;1074664.0
2005-06-27;;32.0;31.83;31.88;1539346.0
2005-06-28;;32.64;32.02;32.2;679644.0
2005-06-29;;32.07;31.82;32.05;678012.0
2005-06-30;;32.09;31.9;32.0;283468.0
2005-07-01;;32.21;32.0;32.21;249005.0
2005-07-04;;32.33;32.2;32.3;513235.0
2005-07-05;;32.33;32.08;32.25;2553552.0
2005-07-06;;33.0;32.36;32.42;1009950.0
2005-07-07;;32.31;30.96;31.84;5610225.0
2005-07-08;;32.4;32.0;32.4;1372588.0
2005-07-11;;32.69;32.55;32.63;15204573.0
2005-07-12;;32.67;32.47;32.53;1014059.0
2005-07-13;;32.78;32.62;32.78;3752659.0
2005-07-14;;33.08;32.2;32.97;1492810.0
2005-07-15;;33.0;32.85;32.95;416691.0
2005-07-18;;33.5;32.88;32.92;2106591.0
2005-07-19;;33.5;33.04;33.19;3510031.0
2005-07-20;;33.35;33.11;33.22;2683885.0
2005-07-21;;33.47;33.0;33.15;743977.0
2005-07-22;;33.23;32.99;33.09;1072750.0
2005-07-25;;33.21;32.75;33.21;957715.0
2005-07-26;;33.31;33.06;33.19;1170453.0
2005-07-27;;33.38;33.24;33.28;2703500.0
2005-07-28;;33.56;32.98;33.51;4323186.0
2005-07-29;;33.63;33.2;33.34;1457155.0
2005-08-01;;34.21;33.33;33.34;1626484.0
2005-08-02;;33.66;33.4;33.66;1301884.0
2005-08-03;;33.7;33.51;33.6;1921796.0
2005-08-04;;33.56;33.27;33.33;644703.0
2005-08-05;;33.59;33.02;33.02;1366591.0
2005-08-08;;33.4;32.99;33.12;1501322.0
2005-08-09;;33.49;33.13;33.47;1955445.0
2005-08-10;;33.88;33.63;33.88;769708.0
2005-08-11;;34.12;33.61;33.72;3408375.0
2005-08-12;;33.7;33.51;33.56;4393982.0
2005-08-16;;33.65;33.3;33.32;521317.0
2005-08-17;;34.24;33.04;33.2;2519261.0
2005-08-18;;33.11;32.94;33.05;1193068.0
2005-08-19;;33.47;33.14;33.47;4923422.0
2005-08-22;;33.63;33.5;33.58;536916.0
2005-08-23;;33.98;33.24;33.24;457120.0
2005-08-24;;33.5;32.93;33.14;1536522.0
2005-08-25;;32.92;32.75;32.87;2187268.0
2005-08-26;;32.94;32.47;32.47;11487555.0
2005-08-29;;32.62;32.25;32.62;831890.0
2005-08-30;;32.78;32.56;32.56;553993.0
2005-08-31;;32.84;32.58;32.84;1428303.0
2005-09-01;;33.16;32.96;33.0;727175.0
2005-09-02;;33.16;32.89;32.98;3309757.0
2005-09-05;;33.21;33.08;33.18;329152.0
2005-09-06;;33.65;33.37;33.65;1749122.0
2005-09-07;;33.81;33.0;33.72;6745686.0
2005-09-08;;33.72;33.55;33.65;1124695.0
2005-09-09;;33.88;33.5;33.75;866901.0
2005-09-12;;34.2;33.74;33.79;808927.0
2005-09-13;;33.78;33.46;33.51;2658559.0
2005-09-14;;33.69;33.5;33.57;2161179.0
2005-09-15;;33.73;33.56;33.59;2642945.0
2005-09-16;;33.98;33.67;33.95;1014235.0
2005-09-19;;33.95;33.4;33.79;2273308.0
2005-09-20;;34.03;33.86;33.94;1831262.0
2005-09-21;;34.1;33.5;33.55;4286540.0
2005-09-22;;33.5;33.14;33.42;15323940.0
2005-09-23;;34.1;33.42;33.5;1194972.0
2005-09-26;;34.25;33.99;34.25;2884469.0
2005-09-27;;34.22;34.03;34.07;2263202.0
2005-09-28;;34.39;34.19;34.39;1282353.0
2005-09-29;;34.44;34.18;34.19;1958054.0
2005-09-30;;34.5;34.27;34.44;917334.0
2005-10-03;;34.62;34.45;34.58;979613.0
2005-10-04;;34.75;34.44;34.7;1331350.0
2005-10-05;;34.54;34.35;34.36;7373879.0
2005-10-06;;34.2;33.73;33.95;2842105.0
2005-10-07;;34.02;33.45;33.76;5948845.0
2005-10-10;;34.13;33.87;33.92;1514613.0
2005-10-11;;34.15;33.99;34.0;3576092.0
2005-10-12;;33.93;33.67;33.73;2839583.0
2005-10-13;;33.67;33.33;33.44;9713936.0
2005-10-14;;33.72;33.29;33.62;10567256.0
2005-10-17;;33.79;33.61;33.67;1384257.0
2005-10-18;;33.72;33.41;33.53;1130650.0
2005-10-19;;33.4;32.86;32.95;11902996.0
2005-10-20;;33.7;32.9;32.9;4092314.0
2005-10-21;;32.98;32.75;32.83;2739718.0
2005-10-24;;33.21;32.83;33.2;1861425.0
2005-10-25;;33.37;32.87;33.07;7497128.0
2005-10-26;;33.3;33.0;33.16;525657.0
2005-10-27;;32.98;32.5;32.52;1019194.0
2005-10-28;;32.73;32.27;32.54;12529929.0
2005-10-31;;33.3;33.0;33.3;3037220.0
2005-11-01;;33.42;33.24;33.26;428496.0
2005-11-02;;33.7;33.03;33.33;2491064.0
2005-11-03;;33.78;33.43;33.75;4252390.0
2005-11-04;;33.76;33.57;33.67;1896497.0
2005-11-07;;33.87;33.55;33.78;2644603.0
2005-11-08;;33.95;33.65;33.75;8241180.0
2005-11-09;;33.83;33.65;33.73;923082.0
2005-11-10;;33.98;33.7;33.74;948132.0
2005-11-11;;34.23;34.0;34.21;1315724.0
2005-11-14;;35.0;34.13;34.23;4002035.0
2005-11-15;;34.33;34.12;34.32;1100279.0
2005-11-16;;34.26;33.96;34.05;687622.0
2005-11-17;;34.34;34.12;34.17;1814051.0
2005-11-18;;34.58;34.35;34.37;2424512.0
2005-11-21;;34.65;34.4;34.65;1659979.0
2005-11-22;;34.69;34.56;34.67;4501675.0
2005-11-23;;34.83;34.67;34.83;14319820.0
2005-11-24;;34.94;34.64;34.82;4448795.0
2005-11-25;;34.86;34.75;34.82;2262786.0
2005-11-28;;35.11;34.69;34.74;1898396.0
2005-11-29;;34.9;34.56;34.75;1147167.0
2005-11-30;;34.74;34.56;34.69;6726465.0
2005-12-01;;35.15;34.76;35.15;2320521.0
2005-12-02;;35.39;35.2;35.33;2937307.0
2005-12-05;;35.35;35.06;35.16;3524940.0
2005-12-06;;35.42;35.15;35.31;18459250.0
2005-12-07;;35.45;35.16;35.16;2667986.0
2005-12-08;;35.22;34.93;35.22;249515.0
2005-12-09;;35.19;35.08;35.18;813049.0
2005-12-12;;35.47;35.2;35.32;3796747.0
2005-12-13;;35.49;35.25;35.44;3176400.0
2005-12-14;;35.53;35.3;35.35;4273951.0
2005-12-15;;35.42;35.25;35.31;1160942.0
2005-12-16;;35.8;35.4;35.8;3600382.0
2005-12-19;;35.78;35.63;35.64;1357817.0
2005-12-20;35.63;35.8;35.57;35.74;827486.0
2005-12-21;35.86;36.09;35.86;36.07;3896951.0
2005-12-22;36.06;36.13;36.02;36.06;2001201.0
2005-12-23;36.1;36.24;36.1;36.12;2306012.0
2005-12-27;36.21;36.36;36.17;36.29;1625646.0
2005-12-28;36.35;36.35;36.1;36.13;2816763.0
2005-12-29;36.15;36.32;36.15;36.23;1559519.0
2005-12-30;36.22;36.22;35.7;35.78;5352542.0
2006-01-02;35.94;36.18;35.87;36.17;4362846.0
2006-01-03;36.32;36.49;36.11;36.2;24379086.0
2006-01-04;37.0;37.0;36.38;36.62;4904094.0
2006-01-05;36.63;36.72;36.53;36.64;13305703.0
2006-01-06;37.0;37.0;36.61;36.79;3308216.0
2006-01-09;36.97;36.97;36.82;36.84;2679984.0
2006-01-10;36.8;36.8;36.52;36.6;7000002.0
2006-01-11;36.7;36.86;36.68;36.78;10541354.0
2006-01-12;37.0;37.0;36.71;36.82;2383572.0
2006-01-13;36.73;36.77;36.3;36.35;8133506.0
2006-01-16;36.42;36.62;36.35;36.61;3840232.0
2006-01-17;36.4;36.4;36.19;36.25;2315475.0
2006-01-18;36.18;36.18;35.62;35.85;6487088.0
2006-01-19;36.0;36.09;35.9;36.01;5378313.0
2006-01-20;36.15;36.21;35.66;35.67;7064012.0
2006-01-23;36.05;36.05;35.25;35.54;4194952.0
2006-01-24;35.57;35.63;35.39;35.39;6563076.0
2006-01-25;35.53;35.82;35.52;35.78;11774193.0
2006-01-26;35.99;36.47;35.98;36.43;4477388.0
2006-01-27;36.97;36.99;36.65;36.96;8065211.0
2006-01-30;36.85;36.99;36.81;36.92;3556930.0
2006-01-31;37.0;37.21;36.87;37.07;3075774.0
2006-02-01;36.96;37.43;36.95;37.33;1625531.0
2006-02-02;37.45;37.58;36.99;36.99;7097783.0
2006-02-03;37.01;37.14;36.68;36.84;17349201.0
2006-02-06;37.0;37.18;36.86;37.0;1938751.0
2006-02-07;37.04;37.09;36.7;36.89;2160598.0
2006-02-08;36.75;36.91;36.52;36.86;8020973.0
2006-02-09;37.17;37.38;37.12;37.34;2444393.0
2006-02-10;37.29;37.46;37.1;37.16;4478476.0
2006-02-13;37.06;37.37;36.98;37.37;1638203.0
2006-02-14;37.54;37.56;37.21;37.5;11360090.0
2006-02-15;37.45;37.62;37.36;37.42;2574127.0
2006-02-16;37.59;37.69;37.45;37.66;1492976.0
2006-02-17;37.49;37.89;37.49;37.8;5513547.0
2006-02-20;37.71;37.82;37.65;37.82;2559934.0
2006-02-21;37.97;38.17;37.82;37.95;5606330.0
2006-02-22;38.1;38.33;37.86;38.3;2151348.0
2006-02-23;38.4;38.47;38.12;38.27;2368433.0
2006-02-24;38.31;38.42;38.24;38.35;4684813.0
2006-02-27;38.48;38.55;38.33;38.55;2312756.0
2006-02-28;38.48;38.52;37.87;37.93;18066340.0
2006-03-01;38.0;38.2;37.75;38.2;12045552.0
2006-03-02;38.47;39.0;37.62;37.73;4476533.0
2006-03-03;37.67;37.89;37.36;37.5;7959653.0
2006-03-06;37.75;37.82;37.62;37.69;2012991.0
2006-03-07;37.94;37.94;37.34;37.59;2909840.0
2006-03-08;37.67;37.72;37.17;37.48;19316775.0
2006-03-09;37.64;37.79;37.54;37.64;1460821.0
2006-03-10;37.6;38.08;37.57;38.07;6895566.0
2006-03-13;38.1;38.43;38.1;38.32;2290194.0
2006-03-14;38.25;38.43;38.23;38.43;1074558.0
2006-03-15;38.48;38.67;38.48;38.5;11303838.0
2006-03-16;38.68;38.87;38.39;38.5;7066654.0
2006-03-17;38.6;38.9;38.4;38.46;13237208.0
2006-03-20;38.12;38.83;38.12;38.55;2817769.0
2006-03-21;38.7;39.0;38.3;38.57;1608238.0
2006-03-22;38.42;38.87;38.42;38.82;2046900.0
2006-03-23;38.99;39.0;38.67;38.75;11231481.0
2006-03-24;38.8;38.9;38.71;38.85;9936045.0
2006-03-27;38.87;38.87;38.43;38.43;13119907.0
2006-03-28;38.5;38.62;38.14;38.28;14834824.0
2006-03-29;38.29;38.4;38.15;38.4;4486930.0
2006-03-30;38.45;38.93;38.45;38.88;19652225.0
2006-03-31;39.0;39.0;38.55;38.76;1756776.0
2006-04-03;38.9;38.98;38.74;38.92;5678752.0
2006-04-04;38.79;38.8;38.61;38.65;1773896.0
2006-04-05;38.83;38.83;38.6;38.77;1800440.0
2006-04-06;38.82;38.95;38.66;38.82;6039734.0
2006-04-07;38.79;38.93;38.39;38.43;6490406.0
2006-04-10;38.34;38.62;38.31;38.62;4494047.0
2006-04-11;38.59;38.59;38.0;38.08;2813528.0
2006-04-12;37.99;38.08;37.73;37.97;9287146.0
2006-04-13;38.03;38.03;37.75;38.0;3455541.0
2006-04-18;37.98;38.0;37.7;37.92;1412576.0
2006-04-19;38.33;38.43;38.22;38.38;1420881.0
2006-04-20;38.5;38.97;38.49;38.78;6019104.0
2006-04-21;38.93;39.13;38.93;39.05;3382848.0
2006-04-24;38.89;38.98;38.79;38.88;1152035.0
2006-04-25;38.97;39.08;38.87;38.97;3391352.0
2006-04-26;39.07;39.16;38.96;39.11;2888481.0
2006-04-27;39.09;39.12;38.55;38.93;25570635.0
2006-04-28;38.83;38.83;38.57;38.64;2596531.0
2006-05-02;38.67;38.88;38.66;38.86;1617683.0
2006-05-03;38.91;39.02;38.44;38.48;16472994.0
2006-05-04;38.57;38.74;38.43;38.74;7705451.0
2006-05-05;38.79;39.1;38.75;39.1;7359206.0
2006-05-08;39.25;39.4;39.13;39.16;4084706.0
2006-05-09;39.27;39.28;39.08;39.26;3758807.0
2006-05-10;39.17;39.34;39.1;39.1;5068460.0
2006-05-11;39.17;39.4;38.88;38.88;2452168.0
2006-05-12;38.8;38.8;38.08;38.1;9694890.0
2006-05-15;38.55;38.55;37.27;37.75;6431765.0
2006-05-16;37.46;37.96;37.39;37.76;6450701.0
2006-05-17;37.94;37.99;36.73;36.77;19890764.0
2006-05-18;36.7;36.94;36.11;36.55;44091477.0
2006-05-19;36.65;36.85;36.54;36.76;31919174.0
2006-05-22;36.32;36.6;35.87;35.9;13327683.0
2006-05-23;36.32;36.95;36.26;36.76;12088753.0
2006-05-24;36.77;36.77;36.01;36.32;11740556.0
2006-05-25;36.41;36.86;36.1;36.81;4495925.0
2006-05-26;37.1;37.51;37.04;37.5;12534605.0
2006-05-29;37.48;37.48;37.33;37.39;3080241.0
2006-05-30;37.35;37.41;36.37;36.4;9233350.0
2006-05-31;36.22;37.0;36.0;36.87;8136210.0
2006-06-01;36.93;37.12;36.61;37.08;8643812.0
2006-06-02;37.51;38.09;36.96;37.07;19884174.0
2006-06-05;36.97;36.97;36.58;36.77;7000585.0
2006-06-06;36.5;36.5;35.87;36.05;5958688.0
2006-06-07;36.19;36.4;35.8;36.28;13551892.0
2006-06-08;35.72;35.83;35.3;35.37;38893379.0
2006-06-09;35.8;35.96;35.66;35.78;12461737.0
2006-06-12;35.75;35.93;35.45;35.45;7645846.0
2006-06-13;35.01;35.08;34.6;34.73;5336938.0
2006-06-14;34.87;34.98;34.46;34.79;7929552.0
2006-06-15;34.3;35.6;34.3;35.6;4999394.0
2006-06-16;36.03;36.1;35.3;35.4;21236213.0
2006-06-19;35.67;35.94;35.53;35.69;3511376.0
2006-06-20;35.4;35.8;35.37;35.8;9399859.0
2006-06-21;35.81;35.93;35.52;35.9;3526985.0
2006-06-22;36.0;36.43;36.0;36.15;2514233.0
2006-06-23;36.35;36.36;36.01;36.24;1218716.0
2006-06-26;36.39;36.39;36.05;36.1;2742328.0
2006-06-27;36.27;36.31;35.8;35.8;896594.0
2006-06-28;34.95;35.34;34.91;35.19;1608020.0
2006-06-29;35.0;35.94;34.6;35.87;7649525.0
2006-06-30;36.33;36.67;35.54;36.59;7894914.0
2006-07-03;36.61;36.75;36.54;36.7;6496929.0
2006-07-04;36.72;36.8;36.57;36.79;7337940.0
2006-07-05;36.7;36.7;36.18;36.32;46527438.0
2006-07-06;36.46;36.75;36.43;36.74;4146496.0
2006-07-07;36.83;36.83;36.4;36.6;3752023.0
2006-07-10;36.53;36.84;36.34;36.81;3548080.0
2006-07-11;36.61;36.66;36.26;36.28;3811563.0
2006-07-12;36.56;36.75;36.38;36.41;1578602.0
2006-07-13;36.28;36.28;35.64;35.68;6831770.0
2006-07-14;35.6;35.64;35.26;35.31;30218230.0
2006-07-17;35.25;35.28;34.78;35.14;5690146.0
2006-07-18;34.96;35.27;34.9;34.94;21467313.0
2006-07-19;35.44;35.95;35.08;35.95;19761072.0
2006-07-20;36.08;36.24;35.9;35.99;19738258.0
2006-07-21;35.89;35.98;35.58;35.68;11661472.0
2006-07-24;35.8;36.44;35.75;36.39;9597498.0
2006-07-25;36.47;36.63;36.32;36.44;21792299.0
2006-07-26;36.52;36.57;36.36;36.44;1851423.0
2006-07-27;36.75;36.92;36.62;36.92;21617334.0
2006-07-28;36.75;37.25;36.67;37.23;22079615.0
2006-07-31;37.28;37.28;37.01;37.04;26452033.0
2006-08-01;37.15;37.16;36.49;36.5;5403231.0
2006-08-02;36.84;37.14;36.78;37.08;1751522.0
2006-08-03;37.09;37.09;36.61;36.8;6362845.0
2006-08-04;37.04;37.46;36.97;37.34;6622789.0
2006-08-07;36.93;36.97;36.69;36.78;12944989.0
2006-08-08;37.01;37.01;36.69;36.83;2745831.0
2006-08-09;37.0;37.26;36.7;37.26;2145013.0
2006-08-10;36.83;36.98;36.53;36.97;15124367.0
2006-08-11;37.03;37.16;36.78;36.9;11854653.0
2006-08-14;37.18;37.4;37.16;37.4;5393022.0
2006-08-16;37.49;38.15;37.49;38.03;42082438.0
2006-08-17;38.1;38.21;38.0;38.2;14943570.0
2006-08-18;38.17;38.25;38.0;38.07;23833201.0
2006-08-21;38.15;38.29;37.86;37.92;6845407.0
2006-08-22;38.13;38.15;37.74;38.1;11319167.0
2006-08-23;38.16;38.16;37.72;37.72;11057112.0
2006-08-24;37.6;38.15;37.6;37.95;6984335.0
2006-08-25;38.0;38.12;37.84;38.0;2773745.0
2006-08-28;37.95;38.29;37.76;38.29;3128049.0
2006-08-29;38.29;38.47;38.2;38.27;13047074.0
2006-08-30;38.36;38.45;38.28;38.41;4120698.0
2006-08-31;38.45;38.48;38.21;38.3;5489484.0
2006-09-01;38.21;38.57;38.21;38.41;6009211.0
2006-09-04;38.5;38.58;38.42;38.53;1662092.0
2006-09-05;38.54;38.54;38.21;38.33;4153923.0
2006-09-06;38.37;38.37;37.84;37.89;4626556.0
2006-09-07;37.9;37.9;37.47;37.57;3721010.0
2006-09-08;37.63;37.8;37.55;37.68;2406983.0
2006-09-11;37.55;37.75;37.28;37.6;6143461.0
2006-09-12;37.6;38.08;37.52;38.06;13446188.0
2006-09-13;38.15;38.26;37.48;38.16;4392020.0
2006-09-14;38.3;38.49;38.02;38.14;17094672.0
2006-09-15;38.18;38.43;38.05;38.36;11786384.0
2006-09-18;38.34;38.43;38.1;38.23;4324494.0
2006-09-19;38.45;38.45;37.88;38.01;17006891.0
2006-09-20;37.97;38.61;37.97;38.57;2258424.0
2006-09-21;38.6;38.87;38.5;38.81;8893178.0
2006-09-22;38.59;38.59;38.2;38.35;18671617.0
2006-09-25;38.46;38.61;38.21;38.39;19547207.0
2006-09-26;38.7;38.97;38.6;38.97;6759596.0
2006-09-27;38.2;39.05;38.2;38.91;10106308.0
2006-09-28;38.91;39.1;38.89;38.96;6240753.0
2006-09-29;39.1;39.24;38.96;38.96;11728047.0
2006-10-02;39.15;39.28;38.83;38.93;12333343.0
2006-10-03;38.8;38.82;38.6;38.8;6463934.0
2006-10-04;38.6;39.16;38.6;39.14;7497103.0
2006-10-05;39.2;39.53;39.2;39.42;7938547.0
2006-10-06;39.42;39.53;39.25;39.42;5575140.0
2006-10-09;39.45;39.46;39.21;39.41;2358815.0
2006-10-10;39.46;39.67;39.46;39.67;15693551.0
2006-10-11;39.61;39.75;39.42;39.73;5710817.0
2006-10-12;39.74;40.05;39.65;40.04;9170532.0
2006-10-13;40.37;40.37;39.9;40.06;17143037.0
2006-10-16;40.08;40.19;39.92;40.0;5113892.0
2006-10-17;39.99;39.99;39.51;39.53;18391416.0
2006-10-18;39.67;40.1;39.67;39.95;7280865.0
2006-10-19;39.71;40.06;39.71;39.89;5312150.0
2006-10-20;40.0;40.21;39.86;40.0;9108849.0
2006-10-23;40.09;40.34;39.9;40.27;4046670.0
2006-10-24;40.17;40.32;40.09;40.19;15355282.0
2006-10-25;39.9;40.32;39.9;40.26;5375513.0
2006-10-26;40.37;40.54;40.26;40.32;4982339.0
2006-10-27;40.43;40.47;40.03;40.14;4190221.0
2006-10-30;40.0;40.1;39.83;40.05;4861818.0
2006-10-31;40.0;40.27;39.97;40.1;20220652.0
2006-11-01;40.13;40.35;40.09;40.24;2620648.0
2006-11-02;40.01;40.16;39.68;39.9;5223174.0
2006-11-03;39.96;40.17;39.82;39.92;13269099.0
2006-11-06;40.11;40.52;40.11;40.5;2075792.0
2006-11-07;40.55;40.85;40.53;40.81;11169067.0
2006-11-08;40.68;40.85;40.56;40.82;10588957.0
2006-11-09;40.95;40.95;40.68;40.82;7139666.0
2006-11-10;40.74;40.83;40.58;40.67;4924749.0
2006-11-13;40.71;41.03;40.69;40.98;7243694.0
2006-11-14;41.01;41.06;40.78;40.92;8816213.0
2006-11-15;41.1;41.19;41.03;41.17;13468858.0
2006-11-16;41.13;41.26;41.09;41.21;7901030.0
2006-11-17;41.01;41.22;40.78;40.92;24738789.0
2006-11-20;40.81;41.12;40.63;41.11;4885676.0
2006-11-21;41.04;41.26;41.04;41.07;4294497.0
2006-11-22;41.3;41.34;41.0;41.11;8618883.0
2006-11-23;41.17;41.2;40.88;41.01;10161915.0
2006-11-24;40.93;40.93;40.41;40.65;6532680.0
2006-11-27;40.42;40.7;39.97;39.97;7988408.0
2006-11-28;39.95;40.04;39.65;39.91;26268402.0
2006-11-29;40.1;40.39;40.0;40.38;8590558.0
2006-11-30;40.46;40.5;39.96;39.96;23897271.0
2006-12-01;40.0;40.25;39.28;39.43;7104310.0
2006-12-04;39.67;39.79;39.41;39.79;7542021.0
2006-12-05;39.88;40.26;39.79;40.23;9193959.0
2006-12-06;40.3;40.32;40.05;40.24;10965438.0
2006-12-07;40.12;40.52;40.09;40.36;8959607.0
2006-12-08;40.16;40.36;39.95;40.27;2681879.0
2006-12-11;40.52;40.7;40.52;40.65;11459089.0
2006-12-12;40.66;40.75;40.58;40.75;7787529.0
2006-12-13;40.97;41.1;40.65;41.04;7350346.0
2006-12-14;41.2;41.36;41.13;41.31;11345046.0
2006-12-15;41.49;41.63;41.37;41.58;13640672.0
2006-12-18;41.51;41.57;41.39;41.48;16674555.0
2006-12-19;41.35;41.35;40.98;41.2;9286392.0
2006-12-20;41.35;41.47;41.29;41.36;4791348.0
2006-12-21;41.28;41.38;41.18;41.24;4238640.0
2006-12-22;41.21;41.23;40.9;40.91;6418801.0
2006-12-27;41.25;41.5;40.99;41.46;13502488.0
2006-12-28;41.5;41.6;41.37;41.44;8438552.0
2006-12-29;41.38;41.55;41.32;41.32;8634354.0
2007-01-02;41.98;42.0;41.6;41.98;11294183.0
2007-01-03;42.05;42.12;41.9;42.1;12592546.0
2007-01-04;41.83;42.0;41.72;41.97;4833727.0
2007-01-05;41.86;41.86;41.5;41.5;7264763.0
2007-01-08;41.64;41.66;41.29;41.42;6127053.0
2007-01-09;41.62;41.7;41.48;41.48;6502893.0
2007-01-10;41.86;41.86;40.93;41.12;7957696.0
2007-01-11;41.32;41.85;41.09;41.85;11051832.0
2007-01-12;41.86;41.97;41.7;41.88;20244877.0
2007-01-15;42.0;42.2;42.0;42.11;11848978.0
2007-01-16;42.14;42.15;41.89;41.89;4280778.0
2007-01-17;41.95;41.99;41.49;41.65;5291977.0
2007-01-18;41.85;41.93;41.47;41.58;9248748.0
2007-01-19;41.53;41.94;41.33;41.9;24222387.0
2007-01-22;42.07;42.08;41.56;41.67;5895941.0
2007-01-23;41.66;41.66;41.33;41.52;19624551.0
2007-01-24;41.74;42.1;41.69;42.05;13267413.0
2007-01-25;42.15;42.29;41.85;41.93;4094767.0
2007-01-26;41.71;41.9;41.53;41.7;6969851.0
2007-01-29;41.62;41.95;41.62;41.89;14569907.0
2007-01-30;41.85;42.19;41.75;42.19;6695756.0
2007-01-31;42.24;42.24;41.78;41.85;10266013.0
2007-02-01;42.18;42.38;42.18;42.26;8990530.0
2007-02-02;42.5;42.5;42.25;42.37;7132113.0
2007-02-05;42.56;42.85;42.24;42.38;4445113.0
2007-02-06;42.48;42.59;42.4;42.44;1919357.0
2007-02-07;42.46;42.65;42.46;42.59;3335249.0
2007-02-08;42.59;42.63;42.23;42.33;3908243.0
2007-02-09;42.57;42.69;42.55;42.63;4365722.0
2007-02-12;42.35;42.42;42.15;42.22;6556872.0
2007-02-13;42.08;42.44;42.08;42.42;5511315.0
2007-02-14;42.58;42.75;42.5;42.75;4696285.0
2007-02-15;42.79;42.79;42.6;42.64;7472717.0
2007-02-16;43.0;43.0;42.49;42.55;4389507.0
2007-02-19;42.42;42.82;42.42;42.75;10102669.0
2007-02-20;42.73;42.73;42.37;42.53;5252557.0
2007-02-21;42.7;42.78;42.31;42.39;16207773.0
2007-02-22;42.67;42.74;42.57;42.58;2101111.0
2007-02-23;42.53;42.6;42.37;42.46;11191866.0
2007-02-26;42.97;42.97;42.63;42.78;6964012.0
2007-02-27;42.97;43.0;41.6;41.63;45111262.0
2007-02-28;41.58;41.58;40.75;41.04;43873047.0
2007-03-01;40.87;41.2;39.7;40.52;36985859.0
2007-03-02;40.58;40.78;39.92;40.24;3843649.0
2007-03-05;40.75;40.75;39.3;40.0;21311787.0
2007-03-06;40.24;40.29;40.02;40.15;16351998.0
2007-03-07;40.26;40.38;40.16;40.31;6443104.0
2007-03-08;40.1;40.9;40.1;40.83;16987498.0
2007-03-09;40.94;41.15;40.62;40.97;27963840.0
2007-03-12;41.2;41.24;40.65;40.83;4331509.0
2007-03-13;41.29;41.29;40.28;40.28;14407360.0
2007-03-14;40.0;40.0;39.15;39.15;18943180.0
2007-03-15;39.67;39.88;39.44;39.88;25731355.0
2007-03-16;39.93;40.15;39.65;39.88;21357926.0
2007-03-19;40.5;40.62;40.23;40.61;4258144.0
2007-03-20;40.61;40.88;40.4;40.88;18202293.0
2007-03-21;40.87;41.05;40.83;40.87;3471708.0
2007-03-22;41.25;41.9;41.25;41.82;37478992.0
2007-03-23;41.73;42.09;41.62;42.08;33024840.0
2007-03-26;41.03;42.02;40.53;41.52;10994963.0
2007-03-27;40.5;41.86;40.5;41.63;7494434.0
2007-03-28;41.52;41.52;41.22;41.38;8092246.0
2007-03-29;41.5;41.9;41.5;41.85;7047153.0
2007-03-30;41.81;42.18;41.69;42.08;20191221.0
2007-04-02;42.5;42.5;41.7;41.98;6175928.0
2007-04-03;42.2;42.59;42.19;42.51;9056899.0
2007-04-04;42.6;42.72;42.57;42.72;17961395.0
2007-04-05;42.69;42.85;42.65;42.77;11171520.0
2007-04-10;42.9;43.24;42.77;43.12;5484438.0
2007-04-11;43.2;43.4;43.0;43.11;11802780.0
2007-04-12;42.8;43.3;42.7;42.95;25773848.0
2007-04-13;42.96;43.36;42.96;43.26;13156910.0
2007-04-16;43.3;44.0;43.3;43.88;15281430.0
2007-04-17;43.84;44.08;43.65;44.03;9524914.0
2007-04-18;44.03;44.03;43.52;43.78;17431070.0
2007-04-19;43.5;43.89;43.06;43.52;22327221.0
2007-04-20;43.89;44.47;43.8;44.25;14242817.0
2007-04-23;44.2;44.47;43.63;44.25;4368131.0
2007-04-24;44.5;44.5;43.7;43.88;8503927.0
2007-04-25;44.0;44.25;43.97;44.13;9697896.0
2007-04-26;44.18;44.52;44.18;44.34;14484619.0
2007-04-27;44.28;44.31;43.84;44.1;17793482.0
2007-04-30;43.95;44.33;43.95;44.2;34663223.0
2007-05-02;44.38;44.5;43.87;44.43;6629189.0
2007-05-03;44.5;44.6;44.21;44.48;30354537.0
2007-05-04;44.63;44.88;44.52;44.87;10176028.0
2007-05-07;44.75;44.99;44.73;44.76;4533160.0
2007-05-08;44.7;44.75;44.4;44.53;13958797.0
2007-05-09;44.35;44.82;44.35;44.6;8196820.0
2007-05-10;44.83;44.83;44.29;44.29;3111252.0
2007-05-11;44.2;44.64;43.0;44.59;8949320.0
2007-05-14;43.53;44.88;43.53;44.52;5381505.0
2007-05-15;44.53;44.85;44.39;44.79;19964949.0
2007-05-16;44.74;44.92;44.63;44.68;16573020.0
2007-05-17;44.77;44.89;44.68;44.72;1498917.0
2007-05-18;44.03;45.38;44.0;45.36;16684014.0
2007-05-21;44.52;45.55;44.52;45.4;16356149.0
2007-05-22;45.4;45.48;45.22;45.27;8608332.0
2007-05-23;45.6;45.99;45.25;45.61;4302751.0
2007-05-24;45.55;45.64;45.19;45.28;20331457.0
2007-05-25;45.0;45.47;45.0;45.42;15780833.0
2007-05-28;45.0;45.54;45.0;45.45;1197874.0
2007-05-29;45.5;45.61;45.41;45.5;14351081.0
2007-05-30;45.14;45.4;45.05;45.4;17370525.0
2007-05-31;45.5;46.01;45.5;45.86;13275913.0
2007-06-01;45.94;46.37;45.94;46.3;13602906.0
2007-06-04;46.21;46.34;46.0;46.14;7093964.0
2007-06-05;46.29;46.29;45.85;46.0;14847724.0
2007-06-06;46.76;46.76;45.12;45.29;18031002.0
2007-06-07;45.38;45.46;44.5;44.67;40185094.0
2007-06-08;44.68;44.81;44.09;44.51;33004883.0
2007-06-11;44.97;44.98;44.4;44.84;3508626.0
2007-06-12;44.81;45.03;44.5;44.68;6294263.0
2007-06-13;44.61;44.97;44.32;44.77;11651588.0
2007-06-14;45.0;45.64;45.0;45.57;10487189.0
2007-06-15;45.72;46.41;45.72;46.32;5167869.0
2007-06-18;46.9;46.9;46.12;46.18;9258157.0
2007-06-19;46.85;46.85;46.06;46.19;10304893.0
2007-06-20;46.35;46.6;46.3;46.36;5855392.0
2007-06-21;46.0;46.3;45.52;45.9;13213532.0
2007-06-22;45.99;46.0;45.6;45.66;12064292.0
2007-06-25;45.67;45.67;45.13;45.65;13734049.0
2007-06-26;45.1;45.45;45.09;45.25;10459652.0
2007-06-27;45.03;45.05;44.72;45.04;14459857.0
2007-06-28;45.38;45.46;45.26;45.4;36435898.0
2007-06-29;45.5;45.73;45.28;45.65;16141453.0
2007-07-02;45.4;45.67;45.1;45.64;17308891.0
2007-07-03;45.97;46.13;45.87;46.05;16128490.0
2007-07-04;46.11;46.22;46.08;46.17;3381969.0
2007-07-05;46.2;46.28;45.8;45.9;21099609.0
2007-07-06;45.77;46.16;45.77;46.1;1166575.0
2007-07-09;46.28;46.4;46.16;46.19;5239250.0
2007-07-10;46.32;46.39;45.55;45.74;13729500.0
2007-07-11;45.52;45.52;44.98;45.44;24203105.0
2007-07-12;45.97;46.09;45.27;46.0;11350077.0
2007-07-13;46.08;46.5;46.08;46.36;11017971.0
2007-07-16;46.35;46.53;46.34;46.52;6806750.0
2007-07-17;46.39;46.39;46.07;46.22;8628694.0
2007-07-18;46.05;46.3;45.64;45.82;17492398.0
2007-07-19;45.63;46.46;45.63;45.99;4951837.0
2007-07-20;46.06;46.18;45.43;45.46;8312251.0
2007-07-23;45.46;45.67;45.19;45.67;11951561.0
2007-07-24;45.13;45.75;45.0;45.14;27368684.0
2007-07-25;44.4;44.4;43.5;43.57;27368768.0
2007-07-26;43.79;43.88;42.75;42.8;39206121.0
2007-07-27;42.5;42.91;42.12;42.66;35070219.0
2007-07-30;42.0;42.74;42.0;42.56;21429182.0
2007-07-31;42.91;43.35;42.89;43.22;15503595.0
2007-08-01;42.14;42.85;42.0;42.6;21112004.0
2007-08-02;42.6;43.2;42.6;42.98;17065805.0
2007-08-03;43.47;43.47;42.4;42.49;19088816.0
2007-08-06;42.3;42.36;41.95;42.2;27199240.0
2007-08-07;42.57;42.86;42.16;42.84;7988420.0
2007-08-08;42.95;43.84;42.95;43.79;32924879.0
2007-08-09;43.98;43.99;42.6;43.01;40221055.0
2007-08-10;42.22;42.43;41.6;41.96;25635471.0
2007-08-13;42.32;42.78;42.16;42.78;10858014.0
2007-08-14;42.41;42.77;42.03;42.06;15174106.0
2007-08-16;43.0;43.0;40.74;40.92;27618842.0
2007-08-17;40.5;42.25;40.34;41.81;21979211.0
2007-08-20;42.05;42.24;41.85;41.87;5795335.0
2007-08-21;41.97;42.44;41.45;41.71;21951652.0
2007-08-22;42.21;42.55;42.21;42.42;12286676.0
2007-08-23;42.84;42.85;42.43;42.48;8313374.0
2007-08-24;42.9;42.9;42.16;42.5;8666919.0
2007-08-27;42.74;42.99;42.55;42.58;1800938.0
2007-08-28;42.5;42.5;41.79;41.79;9916825.0
2007-08-29;41.67;42.1;41.5;42.05;21771898.0
2007-08-30;42.43;42.7;42.05;42.7;16884514.0
2007-08-31;42.89;43.28;42.74;42.95;10440970.0
2007-09-03;42.95;43.18;42.95;43.07;2845924.0
2007-09-04;43.0;43.41;42.73;43.4;16247702.0
2007-09-05;43.6;43.92;42.5;42.5;30570967.0
2007-09-06;42.42;42.81;42.16;42.68;32059412.0
2007-09-07;42.1;42.77;41.74;41.77;16893336.0
2007-09-10;41.89;42.05;41.45;41.46;22276424.0
2007-09-11;41.95;42.19;41.75;42.08;10127594.0
2007-09-12;41.52;42.18;41.02;42.18;5219535.0
2007-09-13;41.95;42.69;41.94;42.69;11895239.0
2007-09-14;42.45;42.46;42.06;42.38;10703754.0
2007-09-17;42.12;42.29;41.81;42.02;11754185.0
2007-09-18;41.8;42.81;41.8;42.77;11280115.0
2007-09-19;42.98;44.47;42.98;44.11;17563035.0
2007-09-20;43.53;43.87;43.53;43.87;31099818.0
2007-09-21;43.7;44.05;43.7;43.89;3627067.0
2007-09-24;43.72;43.89;43.64;43.78;3173881.0
2007-09-25;43.64;43.67;43.25;43.46;8615372.0
2007-09-26;43.95;43.95;43.63;43.8;9284209.0
2007-09-27;43.5;44.19;43.5;44.04;14732481.0
2007-09-28;44.0;44.1;43.65;43.84;13187356.0
2007-10-01;44.47;44.47;43.6;44.24;11822604.0
2007-10-02;44.4;44.58;44.34;44.39;8605786.0
2007-10-03;44.02;44.43;44.02;44.36;2519103.0
2007-10-04;44.22;44.48;44.17;44.41;6315887.0
2007-10-05;44.02;44.94;44.02;44.67;8237799.0
2007-10-08;44.12;44.7;44.12;44.54;4504452.0
2007-10-09;44.5;44.73;44.38;44.61;7590667.0
2007-10-10;44.12;44.71;44.12;44.52;6928995.0
2007-10-11;44.0;45.0;44.0;44.84;5297863.0
2007-10-12;45.09;45.09;44.35;44.82;18300926.0
2007-10-15;44.84;45.09;44.48;44.5;9036154.0
2007-10-16;44.23;44.35;44.11;44.28;2941685.0
2007-10-17;44.78;44.78;44.28;44.48;25665713.0
2007-10-18;44.0;44.69;44.0;44.31;8292456.0
2007-10-19;44.22;44.45;44.18;44.21;27550617.0
2007-10-22;43.9;43.9;43.47;43.67;13790224.0
2007-10-23;43.34;44.13;43.34;43.91;3763749.0
2007-10-24;44.0;44.04;43.58;43.61;3241185.0
2007-10-25;44.06;44.37;44.01;44.19;2535258.0
2007-10-26;44.41;44.67;44.23;44.55;26727006.0
2007-10-29;44.68;44.92;44.44;44.85;16665213.0
2007-10-30;44.77;44.85;44.69;44.81;20978596.0
2007-10-31;45.1;45.1;44.64;44.99;6210074.0
2007-11-01;44.99;45.0;44.1;44.29;10927294.0
2007-11-02;43.92;44.23;43.9;44.16;14998936.0
2007-11-05;43.9;44.08;43.87;44.03;4272861.0
2007-11-06;44.77;44.77;44.1;44.2;3680582.0
2007-11-07;44.04;44.39;43.66;44.08;11335586.0
2007-11-08;43.8;44.0;43.47;43.7;15550384.0
2007-11-09;43.85;44.02;42.95;43.11;30784049.0
2007-11-12;42.8;43.12;42.12;43.12;13822967.0
2007-11-13;42.8;43.25;42.8;43.17;18411746.0
2007-11-14;42.34;43.99;42.34;43.51;9406556.0
2007-11-15;43.48;43.54;42.99;43.13;6778294.0
2007-11-16;42.92;43.15;42.75;43.03;16659270.0
2007-11-19;42.9;43.12;42.43;42.48;10409839.0
2007-11-20;43.1;43.1;40.9;42.97;13044779.0
2007-11-21;42.7;42.7;41.8;42.06;12897595.0
2007-11-22;42.31;42.43;42.03;42.27;8648823.0
2007-11-23;41.8;42.9;41.55;42.79;10214886.0
2007-11-26;42.96;43.24;42.51;42.51;9634661.0
2007-11-27;42.03;42.51;42.03;42.4;8945459.0
2007-11-28;42.0;43.41;42.0;43.39;8592429.0
2007-11-29;43.5;44.0;43.36;43.63;16483199.0
2007-11-30;44.11;44.25;43.7;44.07;18944633.0
2007-12-03;44.39;44.49;43.85;43.88;6416262.0
2007-12-04;44.49;44.49;43.51;43.6;7776656.0
2007-12-05;43.59;44.3;41.5;44.3;10722141.0
2007-12-06;44.35;44.75;44.1;44.22;16867508.0
2007-12-07;44.79;44.81;44.5;44.64;7202290.0
2007-12-10;44.43;44.96;44.43;44.87;12204917.0
2007-12-11;44.99;44.99;44.49;44.62;7858079.0
2007-12-12;45.0;45.24;44.02;44.91;15956776.0
2007-12-13;44.95;44.95;43.87;43.94;11449156.0
2007-12-14;44.02;45.0;43.67;44.04;6354655.0
2007-12-17;43.54;44.2;43.25;43.37;2228364.0
2007-12-18;43.37;43.77;43.18;43.42;6893424.0
2007-12-19;43.19;43.5;42.96;43.26;4315619.0
2007-12-20;43.35;43.56;43.23;43.31;5653199.0
2007-12-21;43.67;44.15;43.67;44.01;17082201.0
2007-12-27;43.43;44.43;43.43;44.19;3244115.0
2007-12-28;44.02;44.34;43.98;44.34;1928440.0
2008-01-02;;;;43.57;
2008-01-03;44.47;44.47;43.3;43.56;1664837.0
2008-01-04;43.97;43.97;42.71;42.84;10098936.0
2008-01-07;42.85;43.14;42.76;42.87;4424765.0
2008-01-08;43.18;43.48;43.1;43.21;10185178.0
2008-01-09;43.55;43.55;42.7;42.81;5577813.0
2008-01-10;42.51;43.0;42.51;42.56;7007400.0
2008-01-11;42.51;42.67;42.38;42.47;8869557.0
2008-01-14;42.1;42.74;42.1;42.63;14254705.0
2008-01-15;42.5;42.51;41.65;41.8;11226858.0
2008-01-16;41.5;41.72;41.1;41.36;6938518.0
2008-01-17;41.8;41.8;40.81;41.07;13315695.0
2008-01-18;41.1;41.21;40.08;40.08;7839027.0
2008-01-21;40.0;40.0;37.26;37.79;51757074.0
2008-01-22;37.15;38.25;36.01;37.81;32222439.0
2008-01-23;38.6;38.6;35.6;38.0;28885939.0
2008-01-24;37.6;38.31;37.32;38.2;21567658.0
2008-01-25;38.4;39.08;37.98;38.26;32442092.0
2008-01-28;38.01;38.01;37.1;37.76;10737124.0
2008-01-29;38.11;38.49;37.9;38.28;27955100.0
2008-01-30;38.3;38.3;37.7;37.92;15305378.0
2008-01-31;38.2;38.29;37.13;37.85;15060439.0
2008-02-01;38.0;39.0;38.0;38.6;7346619.0
2008-02-04;39.5;39.5;38.67;38.78;12167856.0
2008-02-05;38.6;38.67;37.19;37.32;9550829.0
2008-02-06;37.32;37.7;37.1;37.69;6175461.0
2008-02-07;37.7;38.04;36.62;37.02;22145596.0
2008-02-08;38.0;38.0;36.8;37.13;2955782.0
2008-02-11;37.2;37.29;36.55;36.95;7994938.0
2008-02-12;37.1;38.1;36.8;38.1;3665007.0
2008-02-13;37.65;38.47;37.61;38.09;7769041.0
2008-02-14;38.35;39.19;37.89;37.92;13905616.0
2008-02-15;39.0;39.0;37.07;37.17;6898583.0
2008-02-18;37.65;38.11;37.59;38.03;3648679.0
2008-02-19;38.31;38.61;37.59;38.1;9340329.0
2008-02-20;38.0;38.0;37.4;37.52;5630572.0
2008-02-21;37.9;38.32;37.78;37.85;5671794.0
2008-02-22;37.58;37.87;37.2;37.29;9146791.0
2008-02-25;38.0;38.16;37.68;38.06;19824408.0
2008-02-26;38.33;38.63;38.2;38.58;17946309.0
2008-02-27;38.04;38.87;38.0;38.61;6851122.0
2008-02-28;38.16;38.66;37.52;38.0;7128279.0
2008-02-29;38.0;38.0;37.08;37.18;18940531.0
2008-03-03;37.01;37.03;36.13;36.75;3574365.0
2008-03-04;36.5;37.03;36.0;36.12;15161034.0
2008-03-05;36.51;36.98;36.35;36.91;9068564.0
2008-03-06;37.8;37.8;36.13;36.13;13258389.0
2008-03-07;36.0;36.2;35.42;35.87;10956725.0
2008-03-10;35.11;35.98;35.11;35.58;9671937.0
2008-03-11;35.57;36.55;35.54;36.12;12234879.0
2008-03-12;36.5;37.0;36.43;36.53;10429369.0
2008-03-13;36.0;36.58;35.36;36.58;35095555.0
2008-03-14;35.3;36.62;35.3;35.72;21138191.0
2008-03-17;35.15;35.15;34.17;34.5;59584906.0
2008-03-18;34.93;35.75;34.81;35.67;15639199.0
2008-03-19;36.0;36.6;35.09;35.42;30589619.0
2008-03-20;36.5;36.59;34.74;35.11;12480651.0
2008-03-25;36.05;36.38;33.4;36.29;10839198.0
2008-03-26;36.0;36.38;35.99;36.17;12279469.0
2008-03-27;36.5;36.82;36.17;36.56;5880371.0
2008-03-28;37.0;37.0;36.4;36.48;1970028.0
2008-03-31;37.2;37.2;35.9;36.27;2316862.0
2008-04-01;36.45;37.69;36.45;37.58;10004867.0
2008-04-02;37.84;38.21;37.58;38.05;7456538.0
2008-04-03;38.0;38.04;37.58;37.86;5792042.0
2008-04-04;38.22;38.22;37.66;37.96;2487986.0
2008-04-07;38.3;38.51;37.67;38.33;2183528.0
2008-04-08;38.05;38.11;37.91;38.05;7673093.0
2008-04-09;37.9;38.19;37.82;37.93;11505914.0
2008-04-10;37.76;37.8;37.2;37.72;11964435.0
2008-04-11;38.0;38.02;36.97;37.14;15129616.0
2008-04-14;36.5;37.31;36.0;36.81;4410299.0
2008-04-15;37.09;37.27;36.7;37.01;10164214.0
2008-04-16;37.27;37.66;37.08;37.55;3847693.0
2008-04-17;37.07;37.88;37.07;37.44;5073854.0
2008-04-18;37.71;38.38;37.57;38.27;7768658.0
2008-04-21;38.0;38.28;37.76;37.89;2755812.0
2008-04-22;37.7;37.97;37.37;37.47;2797649.0
2008-04-23;37.62;37.91;37.2;37.89;8863259.0
2008-04-24;37.7;37.93;37.2;37.79;3370211.0
2008-04-25;37.97;38.48;37.97;38.17;1098174.0
2008-04-28;38.25;38.7;38.25;38.54;5908016.0
2008-04-29;38.33;38.42;38.1;38.24;9114615.0
2008-04-30;38.25;38.65;37.96;38.45;7308092.0
2008-05-02;38.8;39.41;38.74;39.14;6668769.0
2008-05-05;39.4;39.4;38.95;39.04;8550671.0
2008-05-06;39.47;39.47;38.58;38.82;3627806.0
2008-05-07;39.0;39.22;38.8;39.12;5618808.0
2008-05-08;38.98;39.4;38.61;38.8;8029482.0
2008-05-09;38.7;38.7;38.17;38.38;9194548.0
2008-05-12;38.01;38.75;38.01;38.64;12128522.0
2008-05-13;38.9;38.9;38.3;38.6;4453078.0
2008-05-14;38.88;39.12;38.6;38.98;4474651.0
2008-05-15;38.84;39.0;38.76;38.9;5635979.0
2008-05-16;39.23;39.49;39.01;39.01;8161634.0
2008-05-19;39.4;39.48;39.08;39.48;8919770.0
2008-05-20;39.28;39.28;38.87;38.96;14789481.0
2008-05-21;39.67;39.67;38.52;38.6;7408550.0
2008-05-22;38.2;38.78;38.2;38.78;12240738.0
2008-05-23;38.73;38.98;38.05;38.05;8712214.0
2008-05-26;38.0;38.08;37.96;38.03;8492535.0
2008-05-27;38.0;38.2;37.65;37.99;10043760.0
2008-05-28;38.0;38.51;37.94;38.25;4660915.0
2008-05-29;38.4;38.53;38.19;38.39;4266101.0
2008-05-30;38.0;38.8;38.0;38.65;7143711.0
2008-06-02;38.22;38.41;38.08;38.15;1079521.0
2008-06-03;38.03;38.4;37.95;38.25;4864878.0
2008-06-04;37.92;38.01;37.57;37.95;8388243.0
2008-06-05;37.85;38.02;37.5;37.69;4633319.0
2008-06-06;37.9;38.03;36.84;36.93;5717040.0
2008-06-09;36.97;36.97;36.57;36.83;6481754.0
2008-06-10;36.5;36.81;36.3;36.72;11965934.0
2008-06-11;36.8;36.82;35.89;36.01;7892494.0
2008-06-12;36.0;36.38;35.02;36.26;15603823.0
2008-06-13;36.07;36.53;35.89;36.47;4971866.0
2008-06-16;36.9;36.9;35.88;36.13;3191970.0
2008-06-17;36.68;36.68;36.32;36.5;11073723.0
2008-06-18;35.6;36.32;35.6;35.88;2529229.0
2008-06-19;35.8;35.99;35.69;35.81;8728943.0
2008-06-20;35.8;35.82;34.81;34.98;8590676.0
2008-06-23;35.4;35.4;34.98;35.15;7156160.0
2008-06-24;35.3;35.3;34.49;35.02;6702194.0
2008-06-25;35.07;35.46;35.03;35.39;8019842.0
2008-06-26;35.0;35.17;34.5;34.5;5220426.0
2008-06-27;34.3;34.46;33.89;34.19;5947416.0
2008-06-30;34.5;34.5;33.78;34.29;12634994.0
2008-07-01;34.15;34.22;33.49;33.8;18472656.0
2008-07-02;33.62;34.15;33.6;33.86;5208473.0
2008-07-03;34.0;34.22;33.22;34.11;12176480.0
2008-07-04;34.32;34.32;33.52;33.59;2833719.0
2008-07-07;33.93;34.21;33.66;34.09;4242874.0
2008-07-08;34.39;34.39;33.3;33.7;7671425.0
2008-07-09;34.0;34.27;33.96;34.14;2796399.0
2008-07-10;34.2;34.2;33.5;33.67;6810239.0
2008-07-11;33.73;33.74;32.87;32.87;16763320.0
2008-07-14;33.1;33.33;32.98;32.98;7134782.0
2008-07-15;32.45;32.65;31.9;32.29;18230021.0
2008-07-16;32.49;32.62;31.71;32.58;14052125.0
2008-07-17;32.83;33.55;32.83;33.23;8695858.0
2008-07-18;33.2;34.05;33.15;34.05;11900257.0
2008-07-21;34.03;34.46;33.83;34.22;11999894.0
2008-07-22;33.87;34.08;33.49;34.08;7698482.0
2008-07-23;34.5;34.83;34.45;34.71;19112246.0
2008-07-24;34.99;34.99;34.4;34.43;9344458.0
2008-07-25;34.16;34.5;33.9;34.43;4807764.0
2008-07-28;34.15;34.29;34.0;34.03;2077944.0
2008-07-29;33.6;34.23;33.54;34.15;19022645.0
2008-07-30;34.0;34.0;33.4;33.66;3756001.0
2008-07-31;33.76;33.97;33.4;33.71;5840628.0
2008-08-01;33.34;33.64;33.07;33.1;15473074.0
2008-08-04;33.08;33.15;32.77;32.77;8948893.0
2008-08-05;32.92;33.81;32.92;33.78;7889278.0
2008-08-06;33.6;34.12;33.6;34.09;9167096.0
2008-08-07;33.85;34.39;33.85;34.03;9824553.0
2008-08-08;34.3;34.3;33.46;34.0;5640620.0
2008-08-11;34.0;34.45;34.0;34.4;4094287.0
2008-08-12;34.4;34.56;34.19;34.31;15586875.0
2008-08-13;34.19;34.19;33.54;33.63;8958368.0
2008-08-14;33.73;33.87;33.27;33.42;10060926.0
2008-08-18;33.48;33.99;33.37;33.67;2266649.0
2008-08-19;33.23;33.27;32.85;32.85;1837273.0
2008-08-20;33.43;33.43;32.72;32.95;2171893.0
2008-08-21;32.79;32.79;32.5;32.5;6557989.0
2008-08-22;32.46;33.12;32.46;33.09;7035057.0
2008-08-25;33.0;33.09;32.81;32.81;2620446.0
2008-08-26;32.81;33.12;32.41;33.07;4942535.0
2008-08-27;32.86;33.16;32.65;33.07;2519872.0
2008-08-28;33.56;33.72;32.77;33.63;8654833.0
2008-08-29;33.63;33.83;33.52;33.72;6067305.0
2008-09-01;33.96;33.96;33.3;33.73;10193142.0
2008-09-02;33.49;34.33;33.43;34.11;6744136.0
2008-09-03;33.92;33.96;33.67;33.79;5001226.0
2008-09-04;33.75;33.75;32.74;32.74;7578042.0
2008-09-05;33.5;33.5;31.75;31.79;8722630.0
2008-09-08;32.3;33.35;32.3;32.82;15840964.0
2008-09-09;32.79;33.18;32.49;32.54;4484243.0
2008-09-10;33.0;33.0;32.28;32.47;16637748.0
2008-09-11;32.34;32.34;31.8;32.22;8409528.0
2008-09-12;32.54;32.75;32.29;32.55;7889335.0
2008-09-15;31.78;31.78;30.99;31.63;11985020.0
2008-09-16;31.05;31.33;30.32;31.0;20661941.0
2008-09-17;30.15;31.68;30.15;30.35;16053688.0
2008-09-18;30.35;30.74;29.8;29.8;20397193.0
2008-09-19;31.6;32.54;31.39;32.54;16275952.0
2008-09-22;32.01;33.46;31.96;32.0;27795131.0
2008-09-23;31.71;31.75;31.27;31.55;7428497.0
2008-09-24;31.6;31.64;31.2;31.22;16107292.0
2008-09-25;31.25;32.23;31.25;32.23;12463569.0
2008-09-26;31.68;31.88;31.34;31.81;5063104.0
2008-09-29;31.0;31.36;30.17;30.17;9350493.0
2008-09-30;30.1;30.42;29.3;30.42;16160287.0
2008-10-01;30.63;30.7;30.3;30.61;10902864.0
2008-10-02;31.07;31.2;30.1;30.21;4464702.0
2008-10-03;30.25;31.45;30.11;31.2;10349993.0
2008-10-06;30.3;30.3;28.6;28.85;26003461.0
2008-10-07;29.3;29.61;28.33;28.67;37463914.0
2008-10-08;28.0;28.91;26.61;26.91;29353094.0
2008-10-09;27.25;27.72;25.88;26.11;11900926.0
2008-10-10;25.8;25.8;23.48;24.29;11129673.0
2008-10-13;25.19;26.55;25.19;26.48;13508041.0
2008-10-14;27.7;28.77;27.2;27.32;45960828.0
2008-10-15;27.39;27.51;25.61;25.74;13322974.0
2008-10-16;24.9;25.7;23.99;24.55;28351488.0
2008-10-17;25.95;25.95;24.42;25.29;10990584.0
2008-10-20;26.2;26.31;25.7;26.0;5992025.0
2008-10-21;26.52;26.91;25.89;25.94;17621314.0
2008-10-22;25.75;26.0;24.62;24.75;6479280.0
2008-10-23;24.3;24.8;23.63;24.57;6894132.0
2008-10-24;24.04;24.04;22.1;23.32;15753156.0
2008-10-27;22.5;23.39;21.98;23.0;4830208.0
2008-10-28;23.81;23.95;22.99;23.37;23896174.0
2008-10-29;24.0;25.17;24.0;24.89;7659425.0
2008-10-30;25.46;25.95;24.85;25.3;12158303.0
2008-10-31;25.0;26.0;24.78;25.75;11687508.0
2008-11-03;26.29;26.29;25.74;26.0;4011767.0
2008-11-04;26.25;27.55;26.05;27.55;12229336.0
2008-11-05;27.86;27.86;26.81;27.15;8301415.0
2008-11-06;27.0;27.15;25.4;25.4;15129518.0
2008-11-07;25.69;26.28;25.04;26.01;10763338.0
2008-11-10;26.7;26.98;26.15;26.22;4812436.0
2008-11-11;25.64;25.87;24.78;24.92;8381451.0
2008-11-12;25.5;25.5;23.84;24.03;4105416.0
2008-11-13;23.98;24.51;23.71;24.23;10984525.0
2008-11-14;24.9;25.36;24.5;24.67;8732743.0
2008-11-17;25.1;25.1;23.55;23.74;3450237.0
2008-11-18;23.84;24.0;23.13;23.9;3667865.0
2008-11-19;23.93;23.93;23.05;23.06;2929706.0
2008-11-20;23.0;23.0;21.78;22.3;7597152.0
2008-11-21;22.0;22.74;21.38;21.71;15119735.0
2008-11-24;22.06;23.7;22.0;23.7;3957503.0
2008-11-25;23.68;24.5;23.29;23.86;13432628.0
2008-11-26;23.7;24.02;23.21;23.95;4364652.0
2008-11-27;23.99;24.4;23.99;24.32;4660489.0
2008-11-28;24.4;24.4;23.9;24.21;5457159.0
2008-12-01;24.26;24.27;22.93;23.07;6312675.0
2008-12-02;22.69;23.65;22.49;23.56;6049822.0
2008-12-03;23.5;23.95;22.98;23.95;6217246.0
2008-12-04;24.0;24.42;23.43;23.89;8571841.0
2008-12-05;23.37;23.48;22.43;22.56;3525583.0
2008-12-08;23.96;24.66;23.73;24.63;7597025.0
2008-12-09;24.7;25.21;24.13;24.87;20657477.0
2008-12-10;25.42;25.42;24.7;25.08;6347920.0
2008-12-11;25.43;25.43;24.69;25.04;8482184.0
2008-12-12;24.7;24.7;23.48;24.4;7590867.0
2008-12-15;24.4;24.71;24.01;24.14;7630348.0
2008-12-16;24.5;24.53;24.0;24.47;12439332.0
2008-12-17;24.86;24.86;24.17;24.45;7421221.0
2008-12-18;24.63;24.78;24.4;24.57;6889773.0
2008-12-19;24.33;24.73;24.09;24.51;5560628.0
2008-12-22;25.47;25.47;23.98;24.15;25763383.0
2008-12-23;23.9;24.32;23.9;23.99;2121326.0
2008-12-29;24.69;24.96;23.78;23.83;984286.0
2008-12-30;24.36;24.37;24.12;24.33;3205233.0
2009-01-02;23.8;25.37;23.8;25.35;2001470.0
2009-01-05;25.5;25.94;25.35;25.59;20136977.0
2009-01-06;25.63;26.22;25.6;25.8;998852.0
2009-01-07;25.8;25.82;25.31;25.43;8368516.0
2009-01-08;25.22;25.39;24.94;25.39;4645837.0
2009-01-09;25.36;25.54;24.76;24.93;6060977.0
2009-01-12;24.9;25.0;24.59;24.59;4517935.0
2009-01-13;24.5;24.56;23.96;24.08;17549943.0
2009-01-14;24.48;24.48;22.8;23.03;9584032.0
2009-01-15;23.08;23.23;22.42;22.6;15512474.0
2009-01-16;23.03;23.5;22.9;22.9;9965867.0
2009-01-19;23.19;23.31;22.29;22.51;36198855.0
2009-01-20;22.69;22.94;21.95;22.1;7009776.0
2009-01-21;21.9;22.31;21.5;21.92;25958816.0
2009-01-22;22.43;22.55;21.61;21.7;9937713.0
2009-01-23;21.78;21.78;20.91;21.66;20876723.0
2009-01-26;21.48;22.48;21.44;22.34;7796442.0
2009-01-27;22.32;22.5;22.0;22.35;7914304.0
2009-01-28;22.64;23.27;22.51;23.18;7250934.0
2009-01-29;22.5;23.07;22.4;22.7;8305603.0
2009-01-30;22.6;22.76;22.17;22.22;8969584.0
2009-02-02;21.99;22.08;21.5;21.89;7159529.0
2009-02-03;22.12;22.47;21.78;22.45;13432949.0
2009-02-04;22.8;23.21;22.45;23.0;2938834.0
2009-02-05;22.56;22.88;22.26;22.85;5523522.0
2009-02-06;23.01;23.52;22.84;23.41;4626341.0
2009-02-09;23.6;23.6;23.14;23.48;3909123.0
2009-02-10;23.42;23.42;22.7;22.77;10827833.0
2009-02-11;22.56;22.73;22.37;22.61;6558613.0
2009-02-12;22.37;22.42;21.88;22.09;9048291.0
2009-02-13;22.18;22.63;22.18;22.25;7348895.0
2009-02-16;22.08;22.19;21.93;21.94;1607765.0
2009-02-17;21.62;21.64;21.06;21.22;15488350.0
2009-02-18;21.01;21.32;20.73;21.18;12793496.0
2009-02-19;21.3;21.41;21.08;21.21;4198852.0
2009-02-20;21.0;21.0;20.18;20.28;7820032.0
2009-02-23;20.8;20.8;19.84;19.93;6611847.7
2009-02-24;19.8;19.91;19.43;19.85;5009505.4
2009-02-25;20.18;20.18;19.34;19.6;10234830.1
2009-02-26;19.95;20.36;19.79;20.2;7124969.7
2009-02-27;19.89;19.91;19.4;19.69;5899680.2
2009-03-02;19.3;20.0;18.88;19.02;8229377.0
2009-03-03;19.0;19.93;18.62;18.68;9871047.9
2009-03-04;19.0;19.44;18.0;19.37;4603339.4
2009-03-05;19.16;19.25;18.56;18.61;7379543.5
2009-03-06;18.43;18.69;18.08;18.16;10206468.8
2009-03-09;18.14;18.16;17.62;18.16;9189853.5
2009-03-10;18.09;19.26;18.08;19.1;9787414.1
2009-03-11;19.07;19.86;18.94;19.41;7625762.2
2009-03-12;19.25;19.68;18.8;19.61;6453278.8
2009-03-13;20.0;20.18;19.62;19.68;10819110.4
2009-03-16;20.19;20.35;20.03;20.32;8725850.6
2009-03-17;20.19;20.34;19.85;20.1;5335522.5
2009-03-18;20.5;20.51;19.9;20.18;3340211.2
2009-03-19;20.42;20.86;20.26;20.39;8204206.1
2009-03-20;20.22;20.52;20.07;20.45;2666366.5
2009-03-23;20.65;21.26;20.45;21.22;15026656.3
2009-03-24;21.36;21.59;21.05;21.22;27687566.4
2009-03-25;21.23;21.67;21.1;21.47;10651597.7
2009-03-26;21.52;21.58;21.32;21.5;11171105.5
2009-03-27;21.26;21.62;21.03;21.16;12029324.2
2009-03-30;21.0;21.16;20.15;20.18;5821325.7
2009-03-31;20.29;20.67;20.19;20.64;5420787.6
2009-04-01;20.7;21.01;20.25;20.95;5550809.6
2009-04-02;21.46;22.25;21.46;22.21;7295234.4
2009-04-03;22.55;22.55;21.9;21.93;7269154.3
2009-04-06;22.34;22.42;21.58;21.7;5790183.6
2009-04-07;21.89;21.92;21.4;21.63;5855608.4
2009-04-08;21.3;21.94;21.2;21.89;4863580.1
2009-04-09;22.17;22.61;22.0;22.53;18005697.3
2009-04-14;22.97;23.03;22.46;22.72;9311185.5
2009-04-15;22.12;22.79;22.12;22.59;4384066.4
2009-04-16;22.85;23.21;22.58;22.97;6608033.7
2009-04-17;23.16;23.39;22.96;23.2;6667015.6
2009-04-20;23.48;23.49;22.42;22.55;12214252.0
2009-04-21;22.49;23.5;21.89;22.4;14531377.9
2009-04-22;22.51;22.89;22.19;22.88;5575050.3
2009-04-23;22.7;23.1;22.65;22.72;7264418.0
2009-04-24;22.84;23.35;22.84;23.3;5587173.3
2009-04-27;23.01;23.5;22.8;23.29;2728312.0
2009-04-28;22.86;23.08;22.57;22.92;5476980.5
2009-04-29;23.07;23.46;22.96;23.45;6458473.1
2009-04-30;23.5;24.11;23.5;23.93;9755788.1
2009-05-04;24.06;24.46;24.03;24.38;21511005.9
2009-05-05;24.46;24.63;24.22;24.24;10761661.1
2009-05-06;24.33;24.86;24.3;24.6;16565250.0
2009-05-07;24.77;25.24;24.31;24.31;13457999.0
2009-05-08;24.67;25.15;24.4;24.98;9934580.1
2009-05-11;24.92;24.92;24.45;24.62;6206881.8
2009-05-12;24.53;24.88;24.43;24.57;5658587.4
2009-05-13;24.68;24.76;23.9;23.9;22555404.3
2009-05-14;23.91;23.96;23.55;23.87;15561478.5
2009-05-15;24.0;24.15;23.74;24.03;16866277.3
2009-05-18;23.69;24.63;23.69;24.61;5904775.4
2009-05-19;24.88;25.2;24.84;24.96;9463892.6
2009-05-20;25.15;25.52;25.04;25.34;8167368.2
2009-05-21;25.2;25.37;24.61;24.71;13911422.9
2009-05-22;24.74;25.1;24.65;24.88;4504969.7
2009-05-25;24.89;25.0;24.46;25.0;4103069.3
2009-05-26;24.81;25.28;24.42;25.28;5317142.1
2009-05-27;25.37;25.45;25.17;25.34;5056288.6
2009-05-28;25.08;25.34;24.76;25.14;3479378.4
2009-05-29;25.35;25.42;25.01;25.09;5027982.9
2009-06-01;25.51;25.97;25.51;25.89;4549253.9
2009-06-02;25.65;26.07;25.65;25.96;3540123.8
2009-06-03;25.99;26.21;25.31;25.42;9686024.4
2009-06-04;25.43;25.62;25.35;25.52;7216538.6
2009-06-05;25.75;26.02;25.43;25.64;5780932.6
2009-06-08;25.75;25.75;25.13;25.33;4008407.0
2009-06-09;25.42;25.56;25.27;25.31;5371042.5
2009-06-10;25.55;25.95;25.54;25.54;4731932.1
2009-06-11;25.93;25.93;25.52;25.84;1339986.8
2009-06-12;25.93;25.93;25.57;25.67;3105235.4
2009-06-15;25.5;25.62;24.86;24.9;13820688.5
2009-06-16;24.91;25.07;24.82;24.83;8631573.2
2009-06-17;24.83;24.83;24.21;24.34;19978500.0
2009-06-18;24.43;24.73;24.27;24.68;7925697.3
2009-06-19;24.71;24.98;24.59;24.96;8267146.5
2009-06-22;24.88;24.88;24.22;24.25;5116895.0
2009-06-23;24.25;24.84;23.4;24.04;19858802.7
2009-06-24;24.31;24.79;24.06;24.7;9984127.0
2009-06-25;24.63;24.78;24.2;24.48;5571489.7
2009-06-26;24.89;24.92;24.4;24.44;4615585.4
2009-06-29;24.4;25.0;24.4;24.95;6004329.6
2009-06-30;25.0;25.03;24.5;24.57;5351170.9
2009-07-01;24.95;25.14;24.76;25.06;9704661.1
2009-07-02;24.9;24.91;24.33;24.39;6896018.6
2009-07-03;24.4;24.57;24.12;24.27;3446493.7
2009-07-06;24.05;24.21;23.81;24.0;12226974.6
2009-07-07;24.07;24.27;23.82;23.88;2200556.2
2009-07-08;23.81;23.81;23.41;23.41;6731654.3
2009-07-09;23.58;23.92;23.54;23.67;6796506.3
2009-07-10;23.57;23.71;23.36;23.37;10847288.1
2009-07-13;23.59;23.98;23.18;23.94;2522288.1
2009-07-14;24.1;24.4;24.03;24.15;14863436.5
2009-07-15;24.42;25.08;24.42;25.07;11972596.7
2009-07-16;25.2;25.45;25.0;25.26;8191447.8
2009-07-17;25.4;25.48;25.21;25.33;5668809.1
2009-07-20;25.51;25.76;25.5;25.55;11183180.7
2009-07-21;25.75;26.33;25.61;25.83;8885757.8
2009-07-22;25.86;25.93;25.63;25.85;14919161.1
2009-07-23;26.0;26.57;25.86;26.51;28582914.1
2009-07-24;26.38;26.8;26.36;26.49;14305380.9
2009-07-27;26.61;26.91;26.48;26.65;6510937.5
2009-07-28;26.69;26.93;26.38;26.43;4437782.2
2009-07-29;25.75;26.16;25.67;26.01;10265305.7
2009-07-30;26.15;26.71;26.07;26.61;13315995.1
2009-07-31;26.55;26.63;26.29;26.43;14067875.0
2009-08-03;26.74;26.97;26.41;26.81;22351496.1
2009-08-04;26.74;26.76;26.5;26.7;6455953.1
2009-08-05;26.95;26.97;26.38;26.48;6519080.1
2009-08-06;26.75;26.89;26.56;26.69;3624278.1
2009-08-07;26.5;27.22;26.4;27.13;7466589.8
2009-08-10;27.05;27.05;26.81;26.99;16321641.6
2009-08-11;27.06;27.17;26.49;26.53;4612337.9
2009-08-12;26.0;26.93;26.0;26.89;7186996.6
2009-08-13;26.99;27.35;26.95;27.08;4412561.5
2009-08-14;27.21;27.27;26.64;26.74;2212570.1
2009-08-17;26.5;26.68;25.2;25.2;9060010.7
2009-08-18;26.2;26.29;26.08;26.24;4324286.6
2009-08-19;26.08;26.36;25.94;26.24;7365744.6
2009-08-20;26.59;26.73;26.47;26.64;3457135.5
2009-08-21;26.61;27.53;26.61;27.43;8514666.0
2009-08-24;27.57;27.88;27.56;27.8;10226601.6
2009-08-25;27.52;28.1;27.52;28.07;5062275.4
2009-08-26;27.83;28.16;27.83;27.9;10939576.2
2009-08-27;28.09;28.09;27.68;27.75;5213479.0
2009-08-28;28.04;28.34;28.0;28.06;4707403.8
2009-08-31;28.0;28.0;27.74;27.78;11475595.7
2009-09-01;28.04;28.04;27.28;27.28;6181300.3
2009-09-02;27.24;27.24;26.8;27.05;8454647.5
2009-09-03;27.21;27.58;26.95;27.04;4841890.1
2009-09-04;27.2;27.5;27.19;27.37;4266633.8
2009-09-07;27.72;27.95;27.69;27.85;4216135.7
2009-09-08;27.99;28.06;27.8;27.87;3455199.2
2009-09-09;27.8;28.23;27.77;28.21;3923821.3
2009-09-10;28.5;28.5;28.0;28.23;10074750.0
2009-09-11;28.29;28.56;28.29;28.38;4622841.3
2009-09-14;28.2;28.35;27.92;28.35;15377041.0
2009-09-15;28.37;28.56;28.23;28.45;12460081.1
2009-09-16;28.51;28.92;28.51;28.83;11420204.1
2009-09-17;28.95;29.08;28.8;29.0;7064039.6
2009-09-18;28.94;29.21;28.87;29.03;6874014.6
2009-09-21;28.89;28.91;28.57;28.8;5393603.5
2009-09-22;28.93;29.15;28.83;28.93;3705626.0
2009-09-23;28.92;29.07;28.86;28.88;4004252.9
2009-09-24;28.76;29.11;28.38;28.41;9490255.9
2009-09-25;28.5;28.56;28.29;28.43;11498448.2
2009-09-28;28.4;28.97;28.14;28.97;11249126.0
2009-09-29;29.14;29.22;28.9;28.99;10970254.9
2009-09-30;29.1;29.17;28.58;28.73;5646486.3
2009-10-01;28.8;28.98;28.2;28.25;6568552.7
2009-10-02;28.02;28.02;27.5;27.72;12757581.1
2009-10-05;27.87;27.96;27.53;27.92;7266967.8
2009-10-06;28.04;28.71;28.04;28.69;3831788.8
2009-10-07;28.69;28.83;28.57;28.71;3833572.8
2009-10-08;28.85;29.07;28.78;28.97;10374926.8
2009-10-09;28.87;29.08;28.73;28.87;3454244.6
2009-10-12;29.06;29.38;28.99;29.25;2147451.7
2009-10-13;29.09;29.23;28.77;28.9;2271554.9
2009-10-14;29.18;29.61;29.17;29.55;13174649.4
2009-10-15;29.01;29.69;29.01;29.46;15957292.0
2009-10-16;29.96;29.96;28.95;29.07;9135003.9
2009-10-19;28.86;29.6;28.86;29.56;3435251.7
2009-10-20;29.7;29.73;29.35;29.38;14346900.4
2009-10-21;29.57;29.61;28.98;29.5;6804750.5
2009-10-22;29.1;29.19;28.9;29.13;5373384.3
2009-10-23;29.48;29.56;28.93;28.93;3931357.2
2009-10-26;29.24;29.24;28.38;28.53;5570692.4
2009-10-27;28.22;28.65;28.22;28.5;6372673.3
2009-10-28;28.35;28.35;27.81;27.85;11318596.7
2009-10-29;27.92;28.31;27.65;28.27;7765042.5
2009-10-30;28.44;28.44;27.51;27.53;6583717.8
2009-11-02;27.5;27.87;27.32;27.77;5424390.6
2009-11-03;27.55;27.55;26.96;27.2;13974331.1
2009-11-04;27.31;27.75;27.31;27.64;4344460.0
2009-11-05;27.38;28.09;27.23;27.94;4156043.5
2009-11-06;27.99;28.09;27.59;27.95;10828679.7
2009-11-09;28.44;28.63;28.13;28.58;10436549.8
2009-11-10;29.14;29.42;29.14;28.6;11678854.5
2009-11-11;28.83;29.12;28.79;28.86;14933693.4
2009-11-12;28.86;29.1;28.67;28.87;8585119.1
2009-11-13;28.72;28.95;28.64;28.93;8648246.1
2009-11-16;29.14;29.42;29.14;29.34;11678854.5
2009-11-17;29.37;29.37;29.13;29.16;4895820.3
2009-11-18;29.44;29.46;29.15;29.26;5853564.0
2009-11-19;29.3;29.3;28.69;28.69;3377878.2
2009-11-20;28.88;28.93;28.39;28.45;6298878.4
2009-11-23;28.73;29.2;28.73;29.1;4639956.1
2009-11-24;28.82;29.14;28.8;29.0;4175293.9
2009-11-25;28.94;29.22;28.9;29.12;5082962.4
2009-11-26;29.08;29.08;28.08;28.18;9382074.2
2009-11-27;28.0;28.61;27.51;28.45;8883938.5
2009-11-30;28.58;28.58;28.04;28.14;3495746.3
2009-12-01;28.14;28.81;28.14;28.78;3140325.9
2009-12-02;28.86;29.05;28.74;28.85;3052864.0
2009-12-03;29.25;29.25;28.81;28.88;2731641.4
2009-12-04;28.96;29.41;28.67;29.28;12150005.9
2009-12-07;29.2;29.36;28.89;29.1;2533805.9
2009-12-08;29.0;29.15;28.47;28.6;2733672.1
2009-12-09;28.97;28.97;28.16;28.38;3455391.1
2009-12-10;28.2;28.66;28.2;28.57;14910833.0
2009-12-11;28.52;28.97;28.52;28.8;7697267.6
2009-12-14;29.23;29.23;28.87;28.92;4189583.5
2009-12-15;28.96;29.11;28.7;29.01;4530793.9
2009-12-16;29.07;29.35;29.07;29.33;3726894.8
2009-12-17;29.36;29.46;28.96;29.09;10784924.8
2009-12-18;29.15;29.33;28.84;28.84;9468094.7
2009-12-21;28.96;29.4;28.89;29.39;13400801.8
2009-12-22;29.53;29.79;29.48;29.63;8627186.5
2009-12-23;29.8;29.89;29.62;29.69;8118120.6
2009-12-28;29.95;30.13;29.79;30.03;2886802.0
2009-12-29;30.14;30.19;29.77;30.07;3341090.6
2009-12-30;30.09;30.11;29.8;29.88;2392707.3
2010-01-04;30.07;30.29;30.0;30.29;3922392.8
2010-01-05;30.22;30.46;30.1;30.29;9155162.1
2010-01-06;30.39;30.39;30.16;30.26;2201650.6
2010-01-07;30.15;30.3;29.99;30.28;4763856.9
2010-01-08;30.3;30.46;30.07;30.38;7696904.3
2010-01-11;30.47;30.64;30.27;30.27;5186997.1
2010-01-12;30.38;30.38;29.85;29.97;4133390.1
2010-01-13;29.88;30.03;29.83;29.88;3430380.6
2010-01-14;30.38;30.38;29.92;30.04;3012014.9
2010-01-15;30.37;30.37;29.58;29.6;5910346.7
2010-01-18;29.6;29.84;29.56;29.75;3465985.4
2010-01-19;29.52;30.07;29.41;30.03;11255076.2
2010-01-20;29.92;30.0;29.21;29.26;6858094.7
2010-01-21;29.35;29.61;28.8;28.8;8874005.9
2010-01-22;28.51;28.74;28.21;28.55;11883602.5
2010-01-25;28.56;28.61;28.18;28.2;5068671.4
2010-01-26;28.11;28.43;27.74;28.39;8275411.1
2010-01-27;28.11;28.15;27.75;27.87;3580502.0
2010-01-28;28.44;28.44;27.49;27.5;7529282.2
2010-01-29;27.5;28.03;27.43;27.76;11875197.3
2010-02-01;27.61;28.05;27.54;27.99;8021465.8
2010-02-02;28.19;28.47;27.84;28.34;4183584.0
2010-02-03;28.5;28.5;28.0;28.11;6821676.3
2010-02-04;28.14;28.16;27.1;27.11;6553194.3
2010-02-05;27.0;27.12;26.0;26.48;32293878.9
2010-02-08;26.99;26.99;26.25;26.75;12082393.6
2010-02-09;26.75;26.94;26.48;26.73;17680724.6
2010-02-10;27.45;27.46;26.92;26.98;8285652.3
2010-02-11;27.33;27.34;26.62;26.89;6914861.3
2010-02-12;27.12;27.17;26.63;26.84;4632424.3
2010-02-15;26.99;27.1;26.84;26.9;2210841.1
2010-02-16;27.18;27.22;26.86;27.19;6675916.0
2010-02-17;27.3;27.86;27.12;27.72;19135277.3
2010-02-18;27.89;27.89;27.49;27.88;4342437.0
2010-02-19;27.72;28.03;27.42;28.03;4347741.2
2010-02-22;28.13;28.13;27.83;27.89;2921036.9
2010-02-23;28.02;28.06;27.27;27.35;8630275.4
2010-02-24;27.4;27.54;27.12;27.37;3447400.1
2010-02-25;27.23;27.49;26.83;26.85;3949140.6
2010-02-26;27.2;27.31;26.89;27.3;3970296.4
2010-03-01;27.6;27.83;27.15;27.76;5245891.1
2010-03-02;27.41;28.03;27.41;28.0;4470586.4
2010-03-03;28.04;28.32;27.82;28.26;10214862.3
2010-03-04;28.02;28.38;28.01;28.22;12981095.7
2010-03-05;28.22;28.84;28.22;28.81;7838162.1
2010-03-08;29.49;29.49;28.82;28.84;5402380.4
2010-03-09;29.04;29.35;28.63;28.82;7581535.2
2010-03-10;29.02;29.18;28.83;29.15;5226123.0
2010-03-11;29.16;29.17;28.81;29.02;10224954.1
2010-03-12;29.06;29.28;29.0;29.03;16514773.4
2010-03-15;29.0;29.02;28.75;28.75;2826284.7
2010-03-16;29.03;29.2;28.91;29.12;3267749.3
2010-03-17;29.26;29.44;29.21;29.38;4349208.5
2010-03-18;29.25;29.38;29.09;29.16;11746685.5
2010-03-19;29.32;29.39;28.93;28.99;6540812.5
2010-03-22;29.47;29.47;28.55;28.9;3925952.9
2010-03-23;28.99;29.25;28.96;29.2;2519524.9
2010-03-24;29.15;29.4;28.79;29.08;8718109.4
2010-03-25;28.56;29.59;28.56;29.51;6089956.5
2010-03-26;29.49;29.57;29.39;29.42;9406549.8
2010-03-29;29.57;29.67;29.38;29.56;9517358.4
2010-03-30;29.72;29.77;29.52;29.52;7045419.4
2010-03-31;29.42;29.54;29.16;29.31;6987847.2
2010-04-01;29.59;29.87;29.55;29.76;3860653.8
2010-04-06;29.95;30.07;29.71;29.95;8381467.8
2010-04-07;29.95;29.98;29.76;29.86;6863464.8
2010-04-08;29.64;29.67;29.32;29.51;9982755.9
2010-04-09;29.74;30.0;29.72;30.0;7813232.9
2010-04-12;30.09;30.28;29.96;30.15;6976270.5
2010-04-13;30.04;30.14;29.86;29.97;12132469.7
2010-04-14;30.12;30.29;30.07;30.18;3082766.1
2010-04-15;30.28;30.3;29.96;30.22;10153241.2
2010-04-16;30.28;30.32;29.49;29.54;15154927.7
2010-04-19;29.41;29.6;29.33;29.48;12112601.6
2010-04-20;29.62;29.92;29.49;29.87;4917080.6
2010-04-21;29.99;29.99;29.58;29.59;12560710.9
2010-04-22;29.5;29.7;28.92;29.08;9212561.5
2010-04-23;29.1;29.4;28.97;29.3;10683043.9
2010-04-26;29.45;29.71;29.43;29.55;9986315.4
2010-04-27;29.56;29.67;28.8;28.81;9817039.1
2010-04-28;28.45;28.68;27.66;28.23;55007074.2
2010-04-29;27.81;28.49;27.81;28.25;32028558.6
2010-04-30;28.5;28.56;27.98;28.22;13332826.2
2010-05-03;27.72;28.4;27.72;28.28;5698078.6
2010-05-04;28.34;28.4;27.18;27.36;13499800.8
2010-05-05;27.14;27.46;26.76;27.02;21442761.7
2010-05-06;26.8;27.25;26.16;26.28;26858880.9
2010-05-07;26.0;26.46;25.28;25.76;21388889.0
2010-05-10;26.93;27.81;26.85;27.74;35778671.9
2010-05-11;27.4;27.82;26.8;27.64;14886515.6
2010-05-12;27.55;28.27;27.39;28.06;18520082.0
2010-05-13;28.32;28.32;27.81;28.01;9974894.5
2010-05-14;27.85;27.85;26.53;26.6;16153970.7
2010-05-17;26.74;27.15;26.43;26.73;11790442.4
2010-05-18;27.35;27.52;26.99;27.37;9121019.5
2010-05-19;27.38;27.38;26.4;26.61;13361289.29
2010-05-20;26.01;27.01;25.4;26.04;20014365.2
2010-05-21;26.14;26.29;25.39;26.26;27252992.2
2010-05-24;26.5;26.73;25.84;26.08;7618228.5
2010-05-25;25.62;25.62;24.95;25.3;20990750.0
2010-05-26;25.7;26.12;25.7;25.93;14307817.4
2010-05-27;26.0;26.72;25.88;26.63;15784430.7
2010-05-28;26.98;26.98;26.58;26.58;7892565.4
2010-05-31;26.59;26.76;26.44;26.6;2024370.6
2010-06-01;26.55;26.7;25.94;26.49;9017128.9
2010-06-02;26.36;26.58;26.04;26.58;8342310.5
2010-06-03;26.75;27.24;26.75;26.96;5741103.0
2010-06-04;26.98;27.09;25.96;26.06;8530447.3
2010-06-07;25.73;26.13;25.53;25.74;5863237.8
2010-06-08;25.95;25.95;25.28;25.59;7174160.6
2010-06-09;25.75;26.08;25.5;26.03;10492186.5
2010-06-10;25.96;26.78;25.77;26.64;11049480.5
2010-06-11;26.75;27.07;26.58;26.88;4895935.5
2010-06-14;27.19;27.49;27.18;27.46;9718335.9
2010-06-15;27.18;27.83;27.16;27.77;15450782.2
2010-06-16;27.96;27.99;27.53;27.74;5273534.7
2010-06-17;27.81;28.07;27.74;27.84;23246244.1
2010-06-18;27.98;28.1;27.76;28.04;16380201.2
2010-06-21;28.31;28.64;28.19;28.28;8000553.7
2010-06-22;28.01;28.25;27.83;28.07;9036155.3
2010-06-23;27.78;27.78;27.01;27.17;11148520.5
2010-06-24;27.27;27.28;26.44;26.57;10146454.1
2010-06-25;26.52;26.75;26.27;26.37;12743407.2
2010-06-28;26.425;26.82;26.29;26.72;7106514.2
2010-06-29;26.45;26.45;25.69;25.795;5640741.7
2010-06-30;25.93;26.04;25.59;25.85;8177734.9
2010-07-01;25.5;25.7;25.12;25.245;9192807.6
2010-07-02;25.46;25.63;25.29;25.4;5542897.5
2010-07-05;25.815;25.815;25.15;25.2;10499880.9
2010-07-06;25.765;26.12;25.34;25.85;4813295.4
2010-07-07;25.815;26.42;25.42;26.29;5691073.2
2010-07-08;26.51;26.855;26.51;26.72;6961739.3
2010-07-09;26.9;27.0;26.785;26.84;5082841.3
2010-07-12;27.0;27.09;26.83;26.94;5001407.2
2010-07-13;27.06;27.5;26.98;27.37;9470638.7
2010-07-14;27.555;27.6;27.24;27.445;5950680.7
2010-07-15;27.39;27.62;27.005;27.12;16447029.3
2010-07-16;27.32;27.385;26.46;26.61;2614230.0
2010-07-19;26.405;26.85;26.38;26.505;2172261.5
2010-07-20;26.665;26.665;25.99;26.37;4349394.5
2010-07-21;26.63;26.815;26.485;26.485;2085714.1
2010-07-22;26.365;27.27;26.365;27.19;11784524.4
2010-07-23;27.18;27.425;27.09;27.28;12554773.4
2010-07-26;27.5;27.555;27.215;27.495;9560102.5
2010-07-27;27.7;28.015;27.68;27.765;20533877.0
2010-07-28;27.9;27.92;27.6;27.695;20939246.1
2010-07-29;27.85;28.06;27.6;27.65;11467996.1
2010-07-30;27.48;27.685;27.18;27.57;9778573.2
2010-08-02;27.835;28.33;27.68;28.26;11709283.2
2010-08-03;28.24;28.285;28.02;28.26;3613710.4
2010-08-04;28.2;28.45;27.98;28.31;7050877.9
2010-08-05;28.355;28.56;28.19;28.27;41156250.0
2010-08-06;28.385;28.48;27.75;27.82;10059423.8
2010-08-09;28.19;28.36;28.19;28.36;5051093.3
2010-08-10;28.225;28.24;27.92;28.05;4595361.3
2010-08-11;27.855;27.865;27.295;27.32;15432019.5
2010-08-12;27.24;27.42;27.04;27.27;43058351.6
2010-08-13;27.51;27.51;26.93;27.11;13358775.4
2010-08-16;27.21;27.28;26.78;27.025;4458765.6
2010-08-17;27.19;27.46;27.13;27.46;1367257.2
2010-08-18;27.32;27.47;27.2;27.3;1841054.9
2010-08-19;27.48;27.55;26.8;26.85;7087113.8
2010-08-20;26.785;26.945;26.48;26.51;5115567.4
2010-08-23;26.57;26.89;26.545;26.6;2956471.2
2010-08-24;26.45;26.45;25.93;26.2;8751786.1
2010-08-25;26.185;26.3;25.675;25.97;4892357.9
2010-08-26;26.18;26.25;26.0;26.07;6560280.8
2010-08-27;26.01;26.355;25.91;26.33;4326777.8
2010-08-30;26.4;26.53;26.21;26.255;2368525.4
2010-08-31;25.91;26.285;25.84;26.24;8315608.4
2010-09-01;26.38;27.355;26.21;27.15;6237281.3
2010-09-02;27.08;27.33;27.04;27.22;5253772.0
2010-09-03;27.32;27.8;27.27;27.53;10307668.9
2010-09-06;27.73;27.73;27.575;27.615;3662517.6
2010-09-07;27.49;27.49;27.2;27.3;4539696.3
2010-09-08;27.31;27.66;27.13;27.605;5440932.6
2010-09-09;27.54;28.01;27.46;27.835;6554735.4
2010-09-10;27.75;27.93;27.74;27.88;5953758.8
2010-09-13;28.0;28.305;28.0;28.17;7817326.2
2010-09-14;28.125;28.595;27.92;28.16;4983094.84
2010-09-15;28.19;28.23;27.88;28.0;3377728.3
2010-09-16;28.0;28.08;27.87;27.92;3227528.8
2010-09-17;28.26;28.28;27.57;27.73;13386929.7
2010-09-20;27.65;28.165;27.65;28.13;8510660.2
2010-09-21;28.06;28.36;28.03;28.145;13112079.1
2010-09-22;28.05;28.07;27.6;27.6;3255593.3
2010-09-23;27.81;27.87;27.21;27.44;6803548.3
2010-09-24;27.335;28.05;27.28;27.985;4280527.8
2010-09-27;28.085;28.14;27.85;27.87;2551354.3
2010-09-28;27.8;27.97;27.475;27.795;4747378.0
2010-09-29;27.965;28.04;27.535;27.59;2309784.7
2010-09-30;27.45;28.07;27.37;27.665;4041006.4
2010-10-01;27.53;27.87;27.3;27.39;6672976.0
2010-10-04;27.405;27.435;27.03;27.14;6750342.6
2010-10-05;27.06;27.74;27.05;27.665;5317648.5
2010-10-06;27.89;28.03;27.815;27.885;10269358.0
2010-10-07;27.905;28.165;27.735;27.935;3431770.7
2010-10-08;27.905;28.02;27.765;27.975;5091727.7
2010-10-11;27.98;28.09;27.93;27.985;4746717.7
2010-10-12;27.815;27.905;27.57;27.86;8301131.0
2010-10-13;28.04;28.61;28.01;28.55;9730487.1
2010-10-14;28.69;28.69;28.45;28.47;6876553.1
2010-10-15;28.545;28.65;28.375;28.48;5900706.0
2010-10-18;28.415;28.675;28.335;28.6;5157087.1
2010-10-19;28.56;28.78;28.4;28.48;7157241.1
2010-10-20;28.365;28.64;28.36;28.575;3806315.7
2010-10-21;28.535;29.03;28.535;28.93;46207157.8
2010-10-22;28.84;29.015;28.805;28.865;4238861.4
2010-10-25;29.055;29.055;28.805;28.855;3188285.3
2010-10-26;28.785;28.785;28.5;28.67;6366615.8
2010-10-27;28.47;28.705;28.315;28.38;6343458.7
2010-10-28;28.54;28.7;28.43;28.52;3477729.3
2010-10-29;28.45;28.67;28.325;28.565;4115764.3
2010-11-01;28.78;28.785;28.325;28.435;2196334.5
2010-11-02;28.385;28.725;28.375;28.68;18366985.3
2010-11-03;28.735;28.765;28.3;28.32;2279604.2
2010-11-04;28.75;29.24;28.72;28.925;6572875.0
2010-11-05;28.985;29.02;28.32;28.8;8396966.8
2010-11-08;28.745;28.825;28.655;28.795;10040851.0
2010-11-09;28.705;29.15;28.705;29.005;11247762.7
2010-11-10;28.885;28.955;28.48;28.555;10445021.8
2010-11-11;28.715;28.735;28.325;28.475;18319504.2
2010-11-12;28.3;28.54;27.84;28.335;11317467.4
2010-11-15;28.22;28.725;28.13;28.62;3098789.9
2010-11-16;28.44;28.445;27.985;28.02;7530196.1
2010-11-17;27.93;28.24;27.92;28.19;2594193.9
2010-11-18;28.42;28.75;28.42;28.7;3095564.8
2010-11-19;28.74;28.74;28.38;28.59;6828765.4
2010-11-22;28.8;28.885;28.24;28.28;9806728.3
2010-11-23;28.21;28.21;27.625;27.65;18743607.0
2010-11-24;27.685;27.855;27.305;27.74;28079461.8
2010-11-25;27.755;27.86;27.6;27.835;4759926.1
2010-11-26;27.545;27.675;27.24;27.535;11428403.7
2010-11-29;27.735;27.905;26.895;26.92;15526190.0
2010-11-30;26.985;27.0;26.535;26.69;9315512.9
2010-12-01;26.92;27.41;26.9;27.4;29736750.3
2010-12-02;27.5;28.02;27.27;28.015;31658834.6
2010-12-03;27.975;28.15;27.785;28.055;21018499.1
2010-12-06;28.06;28.09;27.73;27.86;2525738.5
2010-12-07;27.965;28.405;27.92;28.27;9811146.5
2010-12-08;28.035;28.51;28.035;28.43;975919.6
2010-12-09;28.58;28.655;28.45;28.625;7422026.4
2010-12-10;28.685;28.695;28.53;28.62;3670988.2
2010-12-13;28.7;28.87;28.65;28.775;4122728.7
2010-12-14;28.765;28.82;28.625;28.785;4950398.3
2010-12-15;28.7;28.7;28.44;28.64;9781827.6
2010-12-16;28.57;28.69;28.465;28.6;2080036.7
2010-12-17;28.745;28.745;28.42;28.445;3788111.7
2010-12-20;28.46;28.815;28.435;28.57;3124883.8
2010-12-21;28.77;29.025;28.74;28.935;3586828.8
2010-12-22;28.95;29.02;28.905;28.94;11502804.3
2010-12-23;28.935;28.95;28.76;28.86;3498512.8
2010-12-27;28.575;28.81;28.31;28.47;5628568.8
2010-12-28;28.595;28.595;28.4;28.44;951697.6
2010-12-29;28.565;28.715;28.49;28.575;959483.5
2010-12-30;28.59;28.59;28.1;28.1;1421074.7
2011-01-03;28.15;28.685;28.15;28.535;1030401.8
2011-01-04;28.575;28.855;28.51;28.63;2205708.5
2011-01-05;28.54;28.54;28.1;28.43;3764979.9
2011-01-06;28.5;28.84;28.5;28.505;265544.2
2011-01-07;28.435;28.575;28.24;28.35;4688277.4
2011-01-10;28.11;28.14;27.77;27.84;5436495.6
2011-01-11;27.96;28.2;27.81;28.155;8330958.9
2011-01-12;28.105;28.99;28.105;28.96;5928649.9
2011-01-13;29.0;29.38;29.0;29.355;9844891.0
2011-01-14;29.21;29.47;29.135;29.415;7333596.6
2011-01-17;29.435;29.435;29.265;29.35;2636032.4
2011-01-18;29.39;29.72;29.39;29.68;6860095.3
2011-01-19;29.75;29.78;29.465;29.48;13425771.1
2011-01-20;29.445;29.66;29.375;29.55;10753138.6
2011-01-21;29.635;30.26;29.63;29.975;19284313.1
2011-01-24;30.08;30.095;29.79;30.02;8834849.5
2011-01-25;30.07;30.19;29.745;29.88;7979381.8
2011-01-26;29.835;30.025;29.81;29.81;8630416.6
2011-01-27;29.73;30.16;29.69;30.05;7918860.3
2011-01-28;29.93;30.17;29.7;29.76;16493375.7
2011-01-31;29.625;29.835;29.305;29.745;9457572.0
2011-02-01;29.915;30.25;29.75;30.165;13130931.5
2011-02-02;30.25;30.365;30.11;30.19;8426443.3
2011-02-03;30.155;30.21;29.915;29.965;6824263.4
2011-02-04;30.21;30.235;29.99;30.09;4936960.6
2011-02-07;30.215;30.565;30.2;30.41;7801097.6
2011-02-08;30.4;30.56;30.31;30.54;6344846.5
2011-02-09;30.435;30.64;30.43;30.48;7311111.0
2011-02-10;30.4;30.4;30.03;30.28;23970183.9
2011-02-11;30.26;30.5;30.0;30.415;4855425.3
2011-02-14;30.575;30.59;30.26;30.31;1824350.2
2011-02-15;30.21;30.505;30.21;30.42;5713180.8
2011-02-16;30.535;30.865;30.525;30.815;7686543.7
2011-02-17;30.8;30.85;30.55;30.74;6802182.5
2011-02-18;30.875;30.885;30.61;30.805;6175829.9
2011-02-21;30.78;30.78;30.19;30.225;15954051.6
2011-02-22;29.88;30.15;29.87;29.975;6476158.1
2011-02-23;29.9;30.04;29.63;29.695;28741067.3
2011-02-24;29.55;29.68;29.425;29.635;17768589.2
2011-02-25;29.785;30.07;29.695;29.98;5496200.9
2011-02-28;29.9;30.43;29.78;30.3;5787846.3
2011-03-01;30.4;30.6;29.86;29.98;10261386.3
2011-03-02;29.7;29.86;29.53;29.79;4830768.7
2011-03-03;29.895;30.185;29.675;29.8;4167334.3
2011-03-04;29.94;30.1;29.55;29.56;6241780.1
2011-03-07;29.51;29.815;29.38;29.485;8639217.5
2011-03-08;29.575;29.635;29.215;29.51;4889139.0
2011-03-09;29.56;29.75;29.395;29.475;5493268.6
2011-03-10;29.25;29.31;29.0;29.205;11255044.3
2011-03-11;28.965;29.1;28.82;29.0;5149718.8
2011-03-14;28.8;29.07;28.555;28.66;15209280.6
2011-03-15;28.5;28.5;27.38;28.0;28302113.2
2011-03-16;28.165;28.165;27.28;27.41;20451700.4
2011-03-17;27.59;28.1;27.39;27.85;9705558.1
2011-03-18;28.18;28.66;28.0;28.11;14310005.7
2011-03-21;28.56;28.73;28.475;28.71;4773936.7
2011-03-22;28.835;28.965;28.585;28.69;14681966.2
2011-03-23;28.525;28.8;28.47;28.67;10278156.4
2011-03-24;28.66;29.235;28.615;29.2;6516531.0
2011-03-25;29.27;29.77;29.185;29.295;7658794.4
2011-03-28;29.22;29.37;29.13;29.3;3556828.5
2011-03-29;29.335;29.335;29.0;29.195;6898489.8
2011-03-30;29.505;29.545;29.365;29.46;5061669.3
2011-03-31;29.5;29.5;29.24;29.36;5843577.5
2011-04-01;29.45;29.795;29.4;29.73;6029857.4
2011-04-04;29.71;29.84;29.695;29.745;2671387.9
2011-04-05;29.695;29.7;29.5;29.695;4417075.8
2011-04-06;29.73;29.98;29.515;29.92;3877743.4
2011-04-07;29.91;30.075;29.785;29.79;8466979.5
2011-04-08;29.975;30.07;29.915;29.96;5469939.9
2011-04-11;29.94;29.97;29.81;29.91;3508998.2
2011-04-12;29.685;29.8;29.41;29.41;6279889.2
2011-04-13;29.58;29.81;29.515;29.715;4908590.8
2011-04-14;29.5;29.53;29.22;29.375;5626867.4
2011-04-15;29.38;29.405;29.195;29.35;6901226.8
2011-04-18;29.295;29.34;28.5;28.665;11629484.6
2011-04-19;28.74;28.9;28.735;28.74;1544512.2
2011-04-20;29.0;29.44;29.0;29.33;4461016.8
2011-04-21;29.54;29.71;29.46;29.58;8091940.6
2011-04-26;29.515;29.78;29.475;29.78;4977288.2
2011-04-27;29.76;30.04;29.665;29.935;12162175.4
2011-04-28;30.135;30.265;30.055;30.25;5281230.4
2011-04-29;30.275;30.33;30.15;30.3;3841932.1
2011-05-02;30.45;30.56;30.37;30.4;6960345.5
2011-05-03;30.315;30.315;30.08;30.24;4328750.6
2011-05-04;30.2;30.37;29.735;29.74;9777667.4
2011-05-05;29.88;29.885;29.38;29.515;5910749.9
2011-05-06;29.65;30.0;29.52;29.995;6976249.7
2011-05-09;29.77;29.89;29.43;29.475;5145637.7
2011-05-10;29.505;29.975;29.475;29.915;3424803.4
2011-05-11;29.995;30.15;29.885;29.965;2806813.9
2011-05-12;29.66;29.67;29.385;29.54;8500175.2
2011-05-13;29.805;29.93;29.47;29.555;5451061.7
2011-05-16;29.4;29.43;29.145;29.415;8639028.0
2011-05-17;29.3;29.495;29.07;29.15;6208525.3
2011-05-18;29.33;29.37;29.09;29.27;4925030.2
2011-05-19;29.405;29.68;29.25;29.455;4012439.1
2011-05-20;29.62;29.725;29.075;29.145;8262981.1
2011-05-23;29.0;29.0;28.625;28.675;4976743.7
2011-05-24;28.705;28.85;28.68;28.73;12916551.8
2011-05-25;28.5;28.94;28.495;28.915;8739299.5
2011-05-26;28.96;29.05;28.62;28.71;17100461.9
2011-05-27;29.04;29.13;28.87;28.975;8991974.3
2011-05-30;28.91;29.03;28.84;28.85;1900369.9
2011-05-31;29.11;29.49;29.11;29.36;3668396.5
2011-06-01;29.455;29.495;28.96;29.04;3691511.7
2011-06-02;28.8;28.875;28.67;28.67;1417576.3
2011-06-03;28.655;28.78;28.1;28.64;8845322.3
2011-06-06;28.53;28.615;28.35;28.44;1223579.8
2011-06-07;28.43;28.65;28.395;28.56;3373407.7
2011-06-08;28.39;28.435;28.13;28.295;6733772.1
2011-06-09;28.28;28.605;28.19;28.545;4662093.2
2011-06-10;28.485;28.59;28.025;28.1;6039608.2
2011-06-13;28.14;28.275;28.04;28.17;3743640.1
2011-06-14;28.345;28.71;28.345;28.625;12475313.7
2011-06-15;28.485;28.495;28.05;28.165;7553598.1
2011-06-16;28.01;28.105;27.72;28.07;10652617.3
2011-06-17;27.86;28.62;27.835;28.53;15982511.7
2011-06-20;28.66;28.66;28.0;28.255;16031132.3
2011-06-21;28.485;28.84;28.46;28.81;12690899.6
2011-06-22;28.835;28.91;28.68;28.84;14825678.1
2011-06-23;28.77;28.77;28.05;28.125;11096886.5
2011-06-24;28.49;28.62;27.89;27.965;17898100.1
2011-06-27;27.91;28.135;27.855;28.095;8880944.3
2011-06-28;28.17;28.45;27.99;28.37;3039197.6
2011-06-29;28.51;29.02;28.505;28.875;6867252.3
2011-06-30;28.975;29.345;28.89;29.345;15412287.2
2011-07-01;29.33;29.75;29.28;29.615;7883646.1
2011-07-04;29.665;29.665;29.48;29.57;2804140.6
2011-07-05;29.51;29.59;29.31;29.39;5877140.1
2011-07-06;29.395;29.395;29.025;29.175;8268523.5
2011-07-07;29.34;29.65;29.165;29.4;3742745.2
2011-07-08;29.37;29.4;28.725;28.785;18048141.5
2011-07-11;28.65;28.65;27.76;27.915;18960127.1
2011-07-12;27.75;27.895;26.885;27.75;13789554.1
2011-07-13;27.63;28.07;27.63;28.0;5478364.7
2011-07-14;27.695;27.91;27.55;27.85;4104532.9
2011-07-15;27.65;27.78;27.51;27.62;14267878.4
2011-07-18;;;;27.62;
2011-07-19;27.245;27.56;27.155;27.465;3204762.2
2011-07-20;27.63;27.93;27.565;27.895;3344089.0
2011-07-21;28.03;28.65;27.645;28.58;24163146.5
2011-07-22;28.75;28.835;28.45;28.6;13781298.8
2011-07-25;28.34;28.5;28.23;28.29;4308503.4
2011-07-26;28.405;28.47;28.11;28.29;2328108.0
2011-07-27;27.315;27.33;26.83;26.955;12558985.7
2011-07-28;26.75;26.915;26.6;26.915;836802.0
2011-07-29;26.61;26.89;26.4;26.89;5611822.4
2011-08-01;26.915;27.36;25.985;26.125;6586093.2
2011-08-02;25.95;25.98;25.55;25.565;11073121.4
2011-08-03;25.5;25.595;24.835;25.115;18750736.4
2011-08-04;25.53;25.53;24.28;24.4;20776542.6
2011-08-05;24.14;24.62;23.425;23.765;27938135.5
2011-08-08;23.765;24.315;22.91;23.18;20120836.1
2011-08-09;23.105;23.485;21.96;22.71;12338929.6
2011-08-10;23.3;23.545;21.65;21.73;12788493.0
2011-08-11;22.25;22.31;20.76;22.135;12864636.1
2011-08-12;22.24;23.195;21.75;23.02;10286387.9
2011-08-16;23.12;23.32;22.825;23.25;4046699.9
2011-08-17;23.07;23.58;23.0;23.395;2028306.9
2011-08-18;23.25;23.25;21.97;22.05;2674215.8
2011-08-19;22.125;22.125;21.25;21.79;4631712.5
2011-08-22;21.475;22.315;21.43;21.9;3458320.4
2011-08-23;22.21;22.49;21.85;22.04;5429123.9
2011-08-24;22.285;22.64;22.0;22.47;6485358.9
2011-08-25;22.71;22.795;22.065;22.2;3378768.8
2011-08-26;22.235;22.29;21.495;22.01;2331244.3
2011-08-29;22.405;22.61;22.225;22.505;1066265.8
2011-08-30;22.695;22.71;22.26;22.43;4779488.6
2011-08-31;22.61;23.22;22.5;23.02;3736233.1
2011-09-01;23.2;23.35;22.8;22.96;2821480.2
2011-09-02;22.855;22.855;22.17;22.275;15126383.4
2011-09-05;22.0;22.0;21.075;21.235;3955130.7
2011-09-06;21.12;21.495;20.715;20.855;3699755.5
2011-09-07;21.31;21.56;21.275;21.56;1999997.7
2011-09-08;21.545;21.945;21.44;21.78;4328239.2
2011-09-09;21.645;21.655;20.775;20.775;4685047.7
2011-09-12;20.52;20.52;19.79;20.045;7120208.5
2011-09-13;20.4;20.5;19.575;20.425;5125719.2
2011-09-14;20.165;20.97;20.13;20.66;3584953.9
2011-09-15;21.065;21.83;21.035;21.64;3705871.1
2011-09-16;21.93;22.04;21.6;21.67;1381373.4
2011-09-19;21.16;21.28;20.94;21.18;5354447.0
2011-09-20;20.96;21.565;20.925;21.505;3252561.1
2011-09-21;21.42;21.485;21.09;21.11;5097846.2
2011-09-22;20.6;20.6;20.0;20.11;2735270.4
2011-09-23;20.275;20.39;19.47;20.39;7697059.2
2011-09-26;20.07;21.295;20.035;20.845;18594953.9
2011-09-27;21.37;22.1;21.37;21.98;5751739.2
2011-09-28;21.825;22.355;21.77;21.835;2541295.6
2011-09-29;21.77;22.45;21.765;22.195;7505574.2
2011-09-30;22.145;22.145;21.69;21.79;2084943.2
2011-10-03;21.37;21.7;21.23;21.5;5837585.6
2011-10-04;21.205;21.24;20.73;21.125;3479254.0
2011-10-05;21.4;21.95;21.355;21.865;3457680.8
2011-10-06;22.0;22.58;22.0;22.56;7409655.3
2011-10-07;22.63;23.03;22.525;22.78;8791064.4
2011-10-10;23.01;23.39;22.84;23.33;4623703.0
2011-10-11;23.305;23.35;23.02;23.29;5324524.4
2011-10-12;23.225;23.96;23.11;23.9;13147753.1
2011-10-13;23.75;24.0;23.37;23.435;5560522.0
2011-10-14;23.61;23.955;23.465;23.755;3075718.9
2011-10-17;23.9;24.125;23.21;23.36;5220020.5
2011-10-18;23.1;23.29;22.895;23.255;12084218.6
2011-10-19;23.46;23.645;23.4;23.405;4297436.6
2011-10-20;23.13;23.405;22.9;22.9;2046095.4
2011-10-21;23.075;23.57;22.975;23.52;3602193.0
2011-10-24;23.69;23.9;23.39;23.9;3048238.1
2011-10-25;23.84;23.91;23.395;23.555;3606220.0
2011-10-26;23.57;23.92;23.28;23.37;4279808.2
2011-10-27;24.19;24.96;24.16;24.79;6911777.5
2011-10-28;24.975;25.185;24.61;24.7;10527309.7
2011-10-31;24.45;24.455;24.06;24.06;2745773.5
2011-11-01;23.225;23.225;22.5;22.64;8295722.0
2011-11-02;23.0;23.105;22.47;22.94;7076451.3
2011-11-03;22.435;23.815;22.365;23.615;11315722.1
2011-11-04;23.73;23.775;22.905;22.92;5474861.7
2011-11-07;22.73;23.16;22.455;22.89;4888179.7
2011-11-08;22.97;23.565;22.93;23.245;4079027.6
2011-11-09;23.45;23.45;22.45;22.685;5018159.4
2011-11-10;22.2;23.06;22.185;22.73;7935753.2
2011-11-11;22.77;23.465;22.7;23.42;3382149.2
2011-11-14;23.57;23.595;22.9;23.095;8365721.3
2011-11-15;22.81;22.98;22.45;22.74;4192240.1
2011-11-16;22.8;23.15;22.575;22.935;4319950.9
2011-11-17;22.77;22.83;22.43;22.61;5358277.6
2011-11-18;22.42;22.8;22.42;22.605;5427491.2
2011-11-21;22.4;22.4;21.775;21.865;2931010.3
2011-11-22;22.0;22.035;21.525;21.64;3492427.0
2011-11-23;21.5;21.6;21.225;21.26;4093852.4
2011-11-24;21.335;21.495;20.99;21.17;4116342.6
2011-11-25;21.105;21.34;20.795;21.32;3114622.8
2011-11-28;21.575;22.37;21.53;22.305;2718342.4
2011-11-29;22.215;22.635;22.1;22.42;5384096.0
2011-11-30;22.235;23.59;22.235;23.425;7004132.7
2011-12-01;23.49;23.72;23.23;23.27;7752756.5
2011-12-02;23.605;23.9;23.53;23.59;4136681.6
2011-12-05;23.865;24.02;23.765;23.96;5868410.5
2011-12-06;23.695;23.89;23.615;23.82;3869636.6
2011-12-07;24.1;24.2;23.33;23.58;6825750.0
2011-12-08;23.865;23.885;23.06;23.125;380856.2
2011-12-09;22.85;23.6;22.845;23.54;3583848.1
2011-12-12;23.32;23.35;22.905;22.905;3159570.0
2011-12-13;22.9;23.065;22.65;22.74;2445255.6
2011-12-14;22.615;22.795;22.26;22.3;1853813.9
2011-12-15;22.39;22.615;22.23;22.36;3727201.4
2011-12-16;22.5;22.515;22.15;22.21;1965037.3
2011-12-19;22.1;22.52;22.005;22.2;1409495.9
2011-12-20;22.17;22.8;22.17;22.8;4340086.0
2011-12-21;22.97;23.34;22.585;22.605;12824308.9
2011-12-22;22.93;23.035;22.865;22.94;524080.4
2011-12-23;23.15;23.15;23.0;23.025;2173001.2
2011-12-27;23.19;23.295;23.05;23.125;9401963.6
2011-12-28;22.905;23.25;22.795;22.825;392371.3
2011-12-29;22.78;23.04;22.73;23.04;111653.2
2011-12-30;23.28;23.32;23.08;23.295;320231.5
2012-01-02;23.38;23.9;23.38;23.9;288603.4
2012-01-03;24.0;24.1;23.8;24.1;3926000.6
2012-01-04;24.0;24.03;23.65;23.76;1605471.6
2012-01-05;23.615;23.615;23.135;23.37;3065965.9
2012-01-06;23.49;23.63;23.12;23.185;734804.5
2012-01-09;23.29;23.34;23.07;23.07;649342.5
2012-01-10;23.31;23.785;23.285;23.72;5209816.1
2012-01-11;23.68;23.805;23.48;23.6;10452920.7
2012-01-12;23.69;24.095;23.65;23.67;2269503.0
2012-01-13;23.92;23.96;23.31;23.565;4988371.9
2012-01-16;23.44;23.83;23.44;23.815;951775.9
2012-01-17;24.19;24.36;24.005;24.21;3768900.4
2012-01-18;24.23;24.465;23.985;24.13;1478341.8
2012-01-19;24.28;24.595;24.2;24.595;1531238.6
2012-01-20;24.65;24.65;24.44;24.57;4877583.9
2012-01-23;24.51;24.86;24.43;24.67;21987578.0
2012-01-24;24.495;24.57;24.31;24.54;2513185.7
2012-01-25;24.5;24.58;24.135;24.345;1662129.7
2012-01-26;24.56;24.83;24.465;24.73;12005894.9
2012-01-27;24.65;24.83;24.495;24.6;1766884.8
2012-01-30;24.31;24.44;24.125;24.17;3643673.6
2012-01-31;24.345;24.56;24.315;24.36;1109540.3
2012-02-01;24.47;24.925;24.47;24.88;2579192.6
2012-02-02;25.0;25.055;24.8;24.92;1095871.3
2012-02-03;24.925;25.4;24.825;25.25;6271136.6
2012-02-06;25.26;25.305;25.055;25.275;3132366.4
2012-02-07;25.29;25.345;25.025;25.3;3589432.6
2012-02-08;25.47;25.55;25.27;25.27;5384465.3
2012-02-09;25.43;25.61;25.31;25.415;5197122.0
2012-02-10;25.135;25.23;24.86;25.005;5213317.6
2012-02-13;25.205;25.255;25.0;25.005;2670599.9
2012-02-14;25.0;25.21;24.92;24.995;1816902.5
2012-02-15;25.255;25.375;25.06;25.06;2636226.8
2012-02-16;24.805;25.01;24.73;24.99;3005410.3
2012-02-17;25.345;25.495;25.235;25.325;2333686.6
2012-02-20;25.5;25.69;25.5;25.65;1896478.1
2012-02-21;25.75;25.765;25.435;25.6;3001831.7
2012-02-22;25.625;25.625;25.35;25.42;1741517.5
2012-02-23;25.325;25.49;25.04;25.26;21341979.6
2012-02-24;25.435;25.49;25.265;25.42;3414617.5
2012-02-27;25.315;25.32;25.0;25.225;7441228.3
2012-02-28;25.445;25.495;25.115;25.37;4723472.0
2012-02-29;25.5;25.61;25.32;25.32;2877810.1
2012-03-01;25.25;25.665;25.175;25.61;4270084.8
2012-03-02;25.7;25.745;25.565;25.67;3490637.0
2012-03-05;25.515;25.56;25.305;25.47;1356910.4
2012-03-06;25.375;25.375;24.69;24.69;3833726.7
2012-03-07;24.65;24.78;24.585;24.78;1111235.4
2012-03-08;24.94;25.3;24.88;25.3;6988410.3
2012-03-09;25.33;25.47;25.21;25.385;2679219.2
2012-03-12;25.295;25.405;25.205;25.32;1240381.3
2012-03-13;25.5;25.82;25.48;25.73;15089435.7
2012-03-14;25.88;26.13;25.88;25.975;8842078.8
2012-03-15;25.96;26.11;25.88;26.11;1706364.3
2012-03-16;26.15;26.3;26.13;26.225;1876619.0
2012-03-19;26.23;26.275;26.1;26.255;2081183.0
2012-03-20;26.175;26.19;25.925;25.98;6749998.6
2012-03-21;26.11;26.16;25.685;25.865;3469575.7
2012-03-22;25.79;25.795;25.35;25.525;22064958.6
2012-03-23;25.485;25.605;25.12;25.415;8068307.0
2012-03-26;25.55;25.66;25.23;25.59;8143617.4
2012-03-27;25.705;25.895;25.425;25.475;13152311.6
2012-03-28;25.405;25.565;25.17;25.18;6159204.9
2012-03-29;25.1;25.155;24.64;24.73;6161601.5
2012-03-30;24.85;25.0;24.765;24.92;7485697.0
2012-04-02;25.04;25.15;24.71;25.125;5852005.8
2012-04-03;25.175;25.275;24.84;24.87;5328554.4
2012-04-04;24.645;24.685;24.125;24.14;15490938.4
2012-04-05;24.28;24.3;23.835;24.135;17020579.9
2012-04-10;23.8;23.97;23.475;23.48;3233259.0
2012-04-11;23.42;23.775;23.36;23.58;7511987.0
2012-04-12;23.665;23.775;23.35;23.77;6072760.9
2012-04-13;23.63;23.72;23.04;23.145;6151414.7
2012-04-16;23.075;23.53;23.03;23.335;3381652.4
2012-04-17;23.215;23.905;23.21;23.88;5262067.5
2012-04-18;23.87;23.9;23.45;23.53;2953914.0
2012-04-19;23.63;23.78;23.1;23.1;3261262.3
2012-04-20;23.09;23.45;23.0;23.335;5894616.4
2012-04-23;23.15;23.15;22.625;22.65;3411183.3
2012-04-24;22.855;23.12;22.7;23.12;6768535.2
2012-04-25;23.09;23.515;23.09;23.375;1865553.7
2012-04-26;23.45;23.55;23.145;23.32;1029530.5
2012-04-27;23.0;23.64;23.0;23.595;1794136.5
2012-04-30;23.71;23.715;23.33;23.33;1284663.4
2012-05-02;23.635;23.655;23.0;23.1;2958171.6
2012-05-03;23.275;23.51;23.065;23.11;1570306.6
2012-05-04;23.035;23.27;22.775;22.775;1204047.4
2012-05-07;22.505;23.165;22.33;23.165;10107844.7
2012-05-08;22.96;23.16;22.585;22.65;2530332.3
2012-05-09;22.745;22.745;22.31;22.5;5962517.6
2012-05-10;22.745;23.0;22.5;22.83;3506274.5
2012-05-11;22.765;22.965;22.54;22.945;4310208.4
2012-05-14;22.65;22.65;22.3;22.45;10016298.8
2012-05-15;22.6;22.7;22.1;22.19;7061454.0
2012-05-16;22.1;22.43;21.88;22.22;2696883.7
2012-05-17;22.08;22.15;21.76;21.99;8242920.6
2012-05-18;21.7;22.175;21.61;21.94;3169163.9
2012-05-21;21.925;22.16;21.81;22.07;2282654.7
2012-05-22;22.205;22.53;22.1;22.49;5831902.0
2012-05-23;22.16;22.23;21.8;21.92;5063619.3
2012-05-24;22.075;22.225;21.75;22.185;4002344.7
2012-05-25;22.175;22.34;21.98;22.22;8062599.7
2012-05-28;22.4;22.45;22.035;22.08;2446267.3
2012-05-29;22.2;22.32;21.98;22.165;4373585.8
2012-05-30;22.0;22.23;21.7;21.775;6826782.8
2012-05-31;21.85;21.945;21.57;21.58;2523964.2
2012-06-01;21.76;21.795;20.815;21.13;7668208.3
2012-06-04;21.075;21.525;21.05;21.445;2715150.3
2012-06-05;21.52;21.545;21.295;21.49;4755873.3
2012-06-06;21.67;22.0;21.62;21.99;15363987.7
2012-06-07;22.09;22.34;22.005;22.005;3929225.2
2012-06-08;21.92;22.11;21.75;22.095;10996052.6
2012-06-11;22.615;22.71;22.03;22.03;4253794.5
2012-06-12;22.01;22.25;21.845;22.07;2631542.2
2012-06-13;22.165;22.28;21.94;22.06;1808432.8
2012-06-14;22.04;22.115;21.875;22.08;2121858.5
2012-06-15;22.3;22.55;22.26;22.4;3412987.8
2012-06-18;22.82;22.82;22.19;22.19;7903050.1
2012-06-19;22.31;22.72;22.13;22.68;4016799.6
2012-06-20;22.63;22.85;22.615;22.765;4883805.7
2012-06-21;22.66;23.02;22.58;22.705;2955220.5
2012-06-22;22.53;22.8;22.5;22.66;5446539.5
2012-06-25;22.455;22.455;21.965;22.035;2614754.49
2012-06-26;22.04;22.105;21.92;21.925;3795385.68
2012-06-27;22.11;22.35;22.025;22.295;2564139.84
2012-06-28;22.4;22.4;22.075;22.26;1629560.01
2012-06-29;22.6;23.33;22.6;23.33;24328866.99
2012-07-02;23.35;23.8;23.32;23.63;8157469.58
2012-07-03;23.71;23.92;23.71;23.9;3092573.6
2012-07-04;23.92;23.92;23.76;23.875;2053144.43
2012-07-05;23.89;24.1;23.435;23.585;14322061.64
2012-07-06;23.48;23.55;23.135;23.135;13229115.26
2012-07-09;23.1;23.15;22.92;23.1;5285832.875
2012-07-10;23.08;23.38;22.975;23.175;2248258.755
2012-07-11;23.075;23.34;23.06;23.215;9300795.2
2012-07-12;23.065;23.175;22.9;22.97;3832420.2
2012-07-13;23.05;23.37;23.05;23.33;1968234.155
2012-07-16;23.31;23.375;23.135;23.33;5811912.64
2012-07-17;23.37;23.51;23.245;23.315;8222539.46
2012-07-18;23.41;23.595;23.315;23.58;30408254.48
2012-07-19;23.74;23.915;23.655;23.81;2723876.765
2012-07-20;23.785;23.815;23.135;23.165;5169024.77
2012-07-23;23.0;23.0;22.38;22.57;15123068.42
2012-07-24;22.615;22.64;22.27;22.275;5688113.865
2012-07-25;21.57;21.92;21.525;21.69;7644464.955
2012-07-26;21.65;22.58;21.565;22.55;14567785.76
2012-07-27;22.745;23.14;22.47;23.125;6134660.8
2012-07-30;23.26;23.605;23.23;23.57;7591236.19
2012-07-31;23.535;23.67;23.335;23.44;5220416.695
2012-08-01;23.5;23.555;23.37;23.455;2023282.975
2012-08-02;23.415;23.93;22.8;22.835;5242072.425
2012-08-03;22.7;23.83;22.7;23.78;5418258.675
2012-08-06;23.99;24.2;23.77;24.1;8027640.79
2012-08-07;24.13;24.525;24.13;24.465;6008073.0
2012-08-08;24.47;24.53;24.28;24.395;2656779.305
2012-08-09;24.37;24.61;24.25;24.51;4603638.36
2012-08-10;24.355;24.37;24.21;24.315;1456100.49
2012-08-13;24.38;24.51;24.255;24.255;451758.095
2012-08-14;24.41;24.47;24.335;24.395;631924.435
2012-08-16;24.42;24.68;24.325;24.675;2076747.91
2012-08-17;24.7;24.9;24.7;24.805;6398291.105
2012-08-20;24.83;25.07;24.63;24.63;700187.735
2012-08-21;24.97;25.055;24.89;25.055;8383835.26
2012-08-22;24.86;24.935;24.665;24.665;5695741.35
2012-08-23;25.0;25.12;24.285;24.4;1039322.935
2012-08-24;24.4;24.4;24.2;24.33;2474788.33
2012-08-27;24.415;24.695;24.395;24.695;2557006.805
2012-08-28;24.56;24.7;24.47;24.525;2726047.735
2012-08-29;24.575;24.58;24.375;24.42;4223708.935
2012-08-30;24.355;24.42;24.11;24.23;9382265.05
2012-08-31;24.205;24.56;24.205;24.51;3543946.44
2012-09-03;24.505;24.71;24.41;24.71;1707933.78
2012-09-04;24.745;24.8;24.49;24.52;4879564.62
2012-09-05;24.51;24.695;24.35;24.56;3891911.365
2012-09-06;24.64;25.42;24.64;25.345;60477818.22
2012-09-07;25.61;25.845;25.4;25.5;12307709.92
2012-09-10;25.605;25.605;25.39;25.49;5890953.425
2012-09-11;25.385;25.73;25.27;25.73;7996018.13
2012-09-12;25.8;26.065;25.72;25.805;11187010.45
2012-09-13;25.875;25.875;25.5;25.595;5324488.75
2012-09-14;25.76;26.215;25.76;26.065;88443262.2
2012-09-17;26.025;26.045;25.935;25.995;18524996.53
2012-09-18;25.85;25.855;25.59;25.77;4285892.155
2012-09-19;25.835;25.88;25.655;25.845;3570836.125
2012-09-20;25.6;25.735;25.54;25.69;11396342.56
2012-09-21;25.8;25.975;25.695;25.91;5210597.325
2012-09-24;25.96;25.96;25.645;25.775;4632740.245
2012-09-25;25.745;25.955;25.675;25.955;6067181.88
2012-09-26;25.62;25.675;25.145;25.23;10040870.24
2012-09-27;25.32;25.355;25.18;25.29;5654882.515
2012-09-28;25.475;25.475;24.785;24.785;13578999.37
2012-10-01;24.78;25.195;24.655;25.195;14005535.63
2012-10-02;24.98;25.41;24.98;25.135;6238887.835
2012-10-03;25.035;25.22;24.975;25.15;4643621.2
2012-10-04;25.27;25.285;25.03;25.035;6814704.895
2012-10-05;25.19;25.58;25.18;25.52;10515456.91
2012-10-08;25.415;25.415;25.18;25.205;1660931.795
2012-10-09;25.075;25.285;24.885;24.885;2993618.005
2012-10-10;24.835;24.935;24.77;24.82;1746603.3
2012-10-11;24.68;25.155;24.63;25.145;3653183.72
2012-10-12;25.15;25.155;24.995;25.01;13959092.3
2012-10-15;24.905;25.225;24.9;25.085;1950587.49
2012-10-16;25.27;25.715;25.225;25.715;7332303.76
2012-10-17;25.845;26.0;25.76;25.945;53226412.17
2012-10-18;25.965;26.045;25.835;26.015;5118534.03
2012-10-19;25.95;25.975;25.63;25.63;7708001.325
2012-10-22;25.73;25.8;25.5;25.5;4278644.69
2012-10-23;25.6;25.6;24.93;25.025;12174458.4
2012-10-24;25.025;25.11;24.735;25.01;8899099.67
2012-10-25;25.175;25.2;24.945;24.945;5586778.26
2012-10-26;24.8;25.15;24.695;25.015;8338791.785
2012-10-29;25.015;25.015;24.795;24.94;1256376.23
2012-10-30;25.085;25.28;25.06;25.24;5696476.09
2012-10-31;25.35;25.505;25.175;25.175;3382672.165
2012-11-01;25.09;25.53;25.065;25.435;1853812.1
2012-11-02;25.465;25.64;25.385;25.565;10378747.7
2012-11-05;25.39;25.41;25.29;25.315;4834209.845
2012-11-06;25.305;25.485;25.3;25.46;4280435.905
2012-11-07;25.72;25.73;24.95;24.975;13161803.19
2012-11-08;25.13;25.13;24.835;24.91;4884623.8
2012-11-09;24.87;24.95;24.54;24.93;8787253.45
2012-11-12;24.895;24.95;24.75;24.86;1631499.41
2012-11-13;24.74;25.065;24.58;25.035;10260630.57
2012-11-14;25.02;25.115;24.78;24.855;2626557.575
2012-11-15;24.685;24.81;24.65;24.74;3003975.005
2012-11-16;24.755;24.755;24.435;24.435;10146389.28
2012-11-19;24.685;25.045;24.56;25.045;1426328.595
2012-11-20;25.195;25.225;24.945;25.2;4479703.945
2012-11-21;25.11;25.35;25.09;25.305;9257391.66
2012-11-22;25.395;25.485;25.35;25.455;7851904.63
2012-11-23;25.49;25.675;25.38;25.66;4759194.49
2012-11-26;25.66;25.66;25.505;25.515;1526708.245
2012-11-27;25.655;25.75;25.47;25.53;3310389.225
2012-11-28;25.49;25.585;25.33;25.585;2596370.31
2012-11-29;25.75;25.95;25.7;25.915;15579035.47
2012-11-30;25.905;26.065;25.905;25.905;6318258.2
2012-12-03;26.0;26.2;25.925;25.955;7793708.18
2012-12-04;25.99;26.155;25.89;26.025;9673163.23
2012-12-05;26.15;26.24;25.98;25.99;7532080.3
2012-12-06;26.1;26.32;26.075;26.17;4116970.15
2012-12-07;26.215;26.215;26.03;26.085;1866223.125
2012-12-10;25.9;26.08;25.79;26.055;9878030.6
2012-12-11;26.075;26.375;26.05;26.315;4515922.435
2012-12-12;26.38;26.44;26.315;26.425;17561321.19
2012-12-13;26.49;26.495;26.32;26.395;3669011.035
2012-12-14;26.4;26.47;26.345;26.365;3423861.48
2012-12-17;26.43;26.45;26.25;26.38;2897617.13
2012-12-18;26.5;26.595;26.445;26.595;4163140.075
2012-12-19;26.6;26.755;26.485;26.755;6998839.195
2012-12-20;26.61;26.75;26.59;26.71;10976657.37
2012-12-21;26.715;26.715;26.5;26.625;4138154.33
2012-12-27;26.785;26.815;26.5;26.72;3165561.77
2012-12-28;26.895;26.895;26.33;26.39;5800839.905
2013-01-02;26.42;27.23;26.305;27.15;4130340.7
2013-01-03;27.145;27.22;27.06;27.18;9915896.31
2013-01-04;27.18;27.29;27.02;27.22;3231103.25
2013-01-07;27.3;27.3;27.08;27.1;1940385.585
2013-01-08;27.03;27.285;27.01;27.08;6921978.935
2013-01-09;27.07;27.27;27.07;27.21;11354035.26
2013-01-10;27.295;27.43;27.13;27.22;8701995.56
2013-01-11;27.39;27.39;27.19;27.35;4329266.51
2013-01-14;27.45;27.52;27.26;27.32;8836069.16
2013-01-15;27.32;27.36;27.08;27.18;11953029.5
2013-01-16;27.14;27.235;27.025;27.235;10907659.5
2013-01-17;27.17;27.45;27.17;27.33;3638498.885
2013-01-18;27.47;27.47;27.27;27.305;5526780.975
2013-01-21;27.4;27.46;27.32;27.46;9333411.25
2013-01-22;27.45;27.465;27.18;27.395;10754367.72
2013-01-23;27.535;27.535;27.185;27.24;3720982.735
2013-01-24;27.21;27.42;27.1;27.39;13032904.86
2013-01-25;27.375;27.645;27.335;27.56;7646905.88
2013-01-28;27.64;27.72;27.485;27.615;11413432.51
2013-01-29;27.615;27.65;27.48;27.65;11436459.46
2013-01-30;27.7;27.7;27.45;27.49;14518538.52
2013-01-31;27.4;27.46;27.225;27.295;8531365.45
2013-02-01;27.255;27.35;27.145;27.265;6717969.06
2013-02-04;27.48;27.48;26.445;26.445;13704372.97
2013-02-05;26.4;26.765;26.13;26.695;18634947.71
2013-02-06;26.65;26.75;26.225;26.4;8704336.68
2013-02-07;26.38;26.57;26.165;26.18;12938070.07
2013-02-08;26.395;26.49;26.16;26.45;8149277.755
2013-02-11;26.31;26.585;26.3;26.41;5101942.655
2013-02-12;26.36;26.655;26.295;26.615;6190749.365
2013-02-13;26.48;26.82;26.48;26.755;6341696.99
2013-02-14;26.705;26.825;26.445;26.545;6290118.53
2013-02-15;26.52;26.585;26.39;26.39;3834311.97
2013-02-18;26.25;26.34;26.14;26.31;2478994.77
2013-02-19;26.285;26.785;26.285;26.78;5434277.845
2013-02-20;26.565;26.855;26.52;26.55;5472814.67
2013-02-21;26.37;26.38;25.95;25.95;11651742.07
2013-02-22;25.91;26.425;25.9;26.425;13112953.35
2013-02-25;26.425;27.155;26.425;26.67;11406245.26
2013-02-26;26.13;26.185;25.815;25.815;11886671.62
2013-02-27;25.85;26.26;25.8;26.26;6751905.46
2013-02-28;26.375;26.525;26.26;26.505;11486387.78
2013-03-01;26.61;26.61;26.025;26.39;6204032.81
2013-03-04;26.3;26.365;26.1;26.365;6583875.085
2013-03-05;26.505;27.015;26.505;27.015;6943888.275
2013-03-06;26.95;27.18;26.95;26.99;6008490.64
2013-03-07;27.025;27.155;27.005;27.08;16974798.15
2013-03-08;27.22;27.5;27.215;27.42;10157286.18
2013-03-11;27.325;27.33;27.21;27.33;2238955.385
2013-03-12;27.245;27.395;27.2;27.255;6639996.205
2013-03-13;27.28;27.28;27.08;27.205;10880393.36
2013-03-14;27.375;27.58;27.365;27.575;9756269.15
2013-03-15;27.57;27.595;27.295;27.385;13004217.43
2013-03-18;27.29;27.29;26.77;27.21;7252833.72
2013-03-19;27.13;27.16;26.755;26.875;12206789.91
2013-03-20;27.09;27.285;27.03;27.265;8784455.74
2013-03-21;27.065;27.205;26.85;27.005;10483925.3
2013-03-22;26.95;27.17;26.785;27.01;12152087.45
2013-03-25;27.3;27.43;26.59;26.665;19368786.16
2013-03-26;26.59;26.775;26.48;26.57;11749958.94
2013-03-27;26.685;26.685;26.05;26.285;32761830.59
2013-03-28;26.455;26.57;26.17;26.39;24489018.34
2013-04-02;26.435;26.97;26.41;26.97;9063650.41
2013-04-03;26.96;26.96;26.52;26.575;8198434.175
2013-04-04;26.65;26.86;26.33;26.415;15570427.29
2013-04-05;26.425;26.49;25.83;26.03;14896991.29
2013-04-08;26.125;26.225;26.06;26.075;5615383.25
2013-04-09;26.18;26.3;26.045;26.07;13258334.25
2013-04-10;26.24;26.835;26.24;26.785;18083580.26
2013-04-11;26.78;27.035;26.705;27.035;10462346.09
2013-04-12;26.86;26.86;26.505;26.505;15249186.97
2013-04-15;26.56;26.685;26.25;26.43;11527599.91
2013-04-16;26.365;26.535;26.2;26.375;8977358.21
2013-04-17;26.54;26.54;25.67;25.755;10687747.31
2013-04-18;25.84;26.02;25.645;25.825;13682156.52
2013-04-19;25.94;26.115;25.835;25.99;8547041.135
2013-04-22;26.18;26.265;25.94;26.045;13180866.11
2013-04-23;26.085;26.875;26.085;26.85;14020678.62
2013-04-24;26.85;27.23;26.78;27.19;13276179.25
2013-04-25;27.295;27.295;27.045;27.22;9202767.46
2013-04-26;27.115;27.13;26.95;27.055;10743421.4
2013-04-29;27.15;27.485;27.145;27.45;7907652.665
2013-04-30;27.5;27.63;27.36;27.41;8272127.46
2013-05-02;27.325;27.75;27.175;27.555;15908009.96
2013-05-03;27.585;27.98;27.42;27.955;11323408.34
2013-05-06;28.035;28.15;27.835;27.87;6966800.76
2013-05-07;27.96;28.16;27.91;28.045;13944117.55
2013-05-08;28.06;28.25;28.02;28.25;8204821.945
2013-05-09;28.155;28.275;28.065;28.225;9606508.14
2013-05-10;28.295;28.53;28.22;28.3;10591038.34
2013-05-13;28.465;28.465;28.13;28.21;2453806.195
2013-05-14;28.345;28.47;28.105;28.455;2659084.875
2013-05-15;28.45;28.615;28.37;28.615;9662371.22
2013-05-16;28.61;28.66;28.465;28.58;8881207.76
2013-05-17;28.47;28.8;28.465;28.76;5315591.245
2013-05-20;28.995;28.995;28.62;28.845;4678481.65
2013-05-21;28.925;28.925;28.605;28.76;12211580.26
2013-05-22;28.74;29.005;28.665;28.98;7673793.505
2013-05-23;28.54;28.54;28.1;28.425;8075188.325
2013-05-24;28.315;28.555;28.13;28.295;5333618.105
2013-05-27;28.235;28.555;28.23;28.555;3374573.975
2013-05-28;28.71;29.15;28.68;29.01;9187130.41
2013-05-29;28.785;28.8;28.45;28.5;5231013.41
2013-05-30;28.5;28.77;28.24;28.615;6016179.815
2013-05-31;28.62;28.62;28.21;28.41;4398519.17
2013-06-03;28.205;28.505;27.93;28.165;3196557.265
2013-06-04;28.29;28.39;28.13;28.165;3541594.5
2013-06-05;27.99;28.2;27.71;27.71;13057629.95
2013-06-06;27.815;27.94;27.475;27.475;8891252.24
2013-06-07;27.48;28.0;27.29;27.895;14296728.06
2013-06-10;28.24;28.24;27.755;27.865;6042706.78
2013-06-11;27.665;27.685;27.17;27.41;4535889.97
2013-06-12;27.465;27.665;27.3;27.38;6161227.28
2013-06-13;27.0;27.285;26.27;27.24;24669005.55
2013-06-14;27.385;27.5;27.245;27.32;8586389.035
2013-06-17;27.3;27.825;27.3;27.72;8407046.68
2013-06-18;27.885;27.885;27.5;27.61;7712762.095
2013-06-19;27.7;27.71;27.455;27.495;16588976.73
2013-06-20;27.45;27.45;26.45;26.515;23876753.64
2013-06-21;26.5;26.74;26.22;26.25;7199585.26
2013-06-24;26.13;26.505;25.57;25.77;13061086.75
2013-06-25;26.01;26.175;25.92;26.025;6191244.24
2013-06-26;26.07;26.735;26.07;26.705;3705079.21
2013-06-27;26.7;26.99;26.57;26.89;3828726.265
2013-06-28;26.945;27.015;26.57;26.78;6307622.86
2013-07-01;27.0;27.04;26.575;26.855;3853609.495
2013-07-02;26.94;26.94;26.605;26.645;8229049.37
2013-07-03;26.6;26.605;26.045;26.33;7623153.805
2013-07-04;26.485;27.16;26.485;27.085;8501269.055
2013-07-05;27.11;27.255;26.685;26.75;10863751.84
2013-07-08;26.32;27.325;26.32;27.195;5355485.915
2013-07-09;27.425;27.43;27.22;27.33;11118722.6
2013-07-10;27.27;27.365;27.08;27.24;11370488.47
2013-07-11;27.55;27.685;27.415;27.48;10552373.14
2013-07-12;27.585;27.685;27.38;27.43;5868701.795
2013-07-15;27.555;27.695;27.475;27.56;3121977.86
2013-07-16;27.305;27.6;27.305;27.4;8059313.195
2013-07-17;27.415;27.62;27.165;27.53;13174052.52
2013-07-18;27.43;27.905;27.43;27.86;9889817.51
2013-07-19;27.79;27.89;27.7;27.835;6082673.925
2013-07-22;27.65;28.05;27.65;27.945;22599057.08
2013-07-23;28.08;28.135;27.92;27.92;12794449.37
2013-07-24;27.695;27.73;27.425;27.675;9146479.59
2013-07-25;27.635;27.675;27.34;27.495;14957785.96
2013-07-26;27.675;27.815;27.5;27.56;5440380.07
2013-07-29;27.8;27.8;27.505;27.53;3660841.08
2013-07-30;27.65;27.78;27.57;27.78;6941303.555
2013-07-31;27.655;27.86;27.635;27.745;9897628.36
2013-08-01;27.895;28.235;27.885;28.145;21158928.38
2013-08-02;28.25;28.34;28.11;28.24;12781801.31
2013-08-05;28.34;28.365;28.155;28.24;7225808.935
2013-08-06;28.3;28.355;27.92;28.025;9726435.9
2013-08-07;27.98;28.145;27.905;28.08;4655957.695
2013-08-08;28.45;28.45;28.09;28.265;5151825.32
2013-08-09;28.375;28.5;28.205;28.405;4448004.46
2013-08-12;28.44;28.48;28.195;28.415;3087742.76
2013-08-13;28.525;28.61;28.435;28.545;10235942.94
2013-08-14;28.625;28.71;28.52;28.665;6019667.945
2013-08-16;28.5;28.685;28.445;28.665;7463109.505
2013-08-19;28.68;28.68;28.345;28.375;6917524.46
2013-08-20;28.215;28.215;27.85;28.01;15235189.99
2013-08-21;28.105;28.105;27.88;27.89;6723400.995
2013-08-22;27.915;28.35;27.905;28.24;7404250.75
2013-08-23;28.27;28.44;28.09;28.42;5488909.725
2013-08-26;28.745;28.745;28.18;28.33;4252249.335
2013-08-27;28.21;28.315;27.66;27.735;9746970.25
2013-08-28;27.605;27.685;27.35;27.59;9120144.16
2013-08-29;27.665;27.745;27.485;27.735;28449362.4
2013-08-30;27.73;27.73;27.41;27.44;5275714.69
2013-09-02;27.7;27.965;27.69;27.84;5843750.39
2013-09-03;27.86;27.89;27.505;27.735;13752040.48
2013-09-04;27.78;27.78;27.405;27.76;8891256.18
2013-09-05;27.8;27.94;27.65;27.835;6520669.67
2013-09-06;27.875;28.19;27.765;28.175;5728596.875
2013-09-09;28.105;28.2;28.025;28.135;10465475.07
2013-09-10;28.39;28.69;28.35;28.675;18366085.75
2013-09-11;28.635;28.78;28.605;28.735;7605061.755
2013-09-12;28.78;28.85;28.655;28.74;4533367.185
2013-09-13;28.7;28.845;28.65;28.845;6850284.315
2013-09-16;28.95;29.17;28.95;29.105;14257413.48
2013-09-17;29.015;29.115;28.93;29.085;3516922.465
2013-09-18;29.14;29.255;29.075;29.205;7929859.765
2013-09-19;29.25;29.7;29.25;29.445;23106430.54
2013-09-20;29.45;29.56;29.41;29.5;11579499.96
2013-09-23;29.48;29.525;29.16;29.21;4511032.8
2013-09-24;29.26;29.445;29.24;29.405;13266105.62
2013-09-25;29.33;29.47;29.26;29.455;9898157.74
2013-09-26;29.53;29.53;29.275;29.4;9158482.57
2013-09-27;29.45;29.51;29.26;29.375;7384265.56
2013-09-30;29.015;29.15;28.98;29.11;5713222.375
2013-10-01;29.195;29.5;29.195;29.47;8475902.41
2013-10-02;29.385;29.465;29.22;29.355;9976607.58
2013-10-03;29.17;29.47;29.17;29.245;7585793.525
2013-10-04;29.23;29.545;29.19;29.455;5627806.035
2013-10-07;29.345;29.45;29.12;29.405;4530065.04
2013-10-08;29.4;29.485;29.225;29.295;8871486.36
2013-10-09;29.295;29.445;29.16;29.17;4228751.97
2013-10-10;29.45;29.91;29.445;29.87;12370049.9
2013-10-11;30.0;30.245;29.85;29.96;20101218.48
2013-10-14;29.855;29.98;29.79;29.93;5964745.8
2013-10-15;30.0;30.285;30.0;30.255;10242156.65
2013-10-16;30.155;30.41;30.13;30.4;15727094.3
2013-10-17;30.335;30.34;30.115;30.34;8505098.495
2013-10-18;30.48;30.52;30.35;30.51;5301794.825
2013-10-21;30.57;30.58;30.465;30.545;7640946.425
2013-10-22;30.495;30.8;30.475;30.7;12025664.21
2013-10-23;30.46;30.475;30.28;30.335;12189543.02
2013-10-24;30.475;30.555;30.395;30.555;4794008.905
2013-10-25;30.425;30.62;30.39;30.49;6301728.41
2013-10-28;30.61;30.63;30.27;30.42;4804233.0
2013-10-29;30.335;30.675;30.335;30.675;2759083.125
2013-10-30;30.69;30.91;30.525;30.605;10750990.13
2013-10-31;30.47;30.825;30.47;30.825;9365780.17
2013-11-01;30.86;30.9;30.66;30.66;2343525.34
2013-11-04;30.765;30.85;30.71;30.77;7895772.79
2013-11-05;30.845;30.845;30.395;30.52;10260573.46
2013-11-06;30.66;30.82;30.65;30.76;3823402.675
2013-11-07;30.75;31.245;30.55;30.645;17019542.18
2013-11-08;30.5;30.59;30.175;30.52;7841491.8
2013-11-11;30.56;30.765;30.48;30.705;13064846.51
2013-11-12;30.735;30.8;30.55;30.55;4927469.215
2013-11-13;30.46;30.52;30.21;30.39;8758229.58
2013-11-14;30.775;30.775;30.49;30.75;11202677.77
2013-11-15;30.75;30.815;30.66;30.775;5147723.47
2013-11-18;31.095;31.14;30.655;31.07;9287451.62
2013-11-19;30.895;30.895;30.69;30.725;9171232.93
2013-11-20;30.62;30.855;30.56;30.715;10572579.16
2013-11-21;30.51;30.72;30.39;30.665;5375300.795
2013-11-22;30.745;30.81;30.595;30.755;4414376.64
2013-11-25;30.955;31.005;30.855;30.925;4954712.2
2013-11-26;30.915;30.96;30.85;30.925;2773827.305
2013-11-27;30.945;31.095;30.905;31.035;6744836.415
2013-11-28;31.055;31.215;31.055;31.15;2553995.82
2013-11-29;31.1;31.195;31.09;31.09;5514979.14
2013-12-02;31.13;31.145;30.92;31.03;3221024.24
2013-12-03;30.97;30.97;30.395;30.415;4136870.05
2013-12-04;30.41;30.455;29.97;30.145;9522774.76
2013-12-05;30.035;30.165;29.755;29.765;9156325.515
2013-12-06;29.82;30.02;29.65;30.02;24153609.255
2013-12-09;30.05;30.15;29.94;30.11;11837900.965
2013-12-10;30.05;30.195;29.825;29.9;3194006.025
2013-12-11;29.795;29.985;29.635;29.67;8129426.35
2013-12-12;29.605;29.645;29.4;29.575;7317346.43
2013-12-13;29.495;29.62;29.375;29.425;4410173.115
2013-12-16;29.405;30.055;29.305;29.925;6098757.895
2013-12-17;29.87;29.895;29.675;29.69;4217228.98
2013-12-18;29.79;29.97;29.71;29.95;6865069.25
2013-12-19;30.27;30.54;30.27;30.45;7511755.85
2013-12-20;30.5;30.77;30.5;30.77;9818210.23
2013-12-23;30.8;30.93;30.73;30.92;5794287.54
2013-12-27;30.995;31.365;30.995;31.365;3635487.235
2013-12-30;31.3;31.43;31.235;31.4;5488702.98
2014-01-02;31.24;31.505;30.81;30.855;45532515.315
2014-01-03;30.925;31.045;30.79;31.035;11845145.205
2014-01-06;30.93;31.09;30.885;30.885;975540.185
2014-01-07;30.96;31.365;30.885;31.335;34736110.35
2014-01-08;31.48;31.55;31.225;31.26;7855347.65
2014-01-09;31.33;31.54;31.095;31.125;5458375.26
2014-01-10;31.335;31.44;31.2;31.255;6254417.145
2014-01-13;31.37;31.415;31.25;31.345;2485376.165
2014-01-14;31.21;31.4;30.96;31.4;9611477.125
2014-01-15;31.5;31.93;31.5;31.91;13145590.375
2014-01-16;31.97;31.975;31.72;31.755;16292915.915
2014-01-17;31.835;31.91;31.68;31.78;4248870.31
2014-01-20;31.695;31.815;31.66;31.79;5284792.275
2014-01-21;31.865;32.03;31.75;31.76;11485304.725
2014-01-22;32.095;32.1;31.645;31.77;11399428.81
2014-01-23;31.725;31.85;31.325;31.445;10015188.62
2014-01-24;31.445;31.475;30.495;30.495;21042268.515
2014-01-27;30.55;30.615;30.3;30.44;8758363.135
2014-01-28;30.54;30.715;30.425;30.635;4060554.395
2014-01-29;30.825;30.95;29.92;30.37;14134767.575
2014-01-30;30.455;30.605;30.055;30.425;7973328.5
2014-01-31;30.4;30.4;29.845;30.39;9613775.57
2014-02-03;30.305;30.46;29.785;29.835;14574845.635
2014-02-04;30.045;30.045;29.62;29.855;17053038.48
2014-02-05;29.76;29.965;29.69;29.865;15327233.91
2014-02-06;29.995;30.405;29.9;30.355;15643086.21
2014-02-07;30.2;30.6;30.2;30.585;22605362.32
2014-02-10;30.7;30.725;30.505;30.535;14244075.565
2014-02-11;30.7;30.975;30.685;30.975;14060117.825
2014-02-12;30.995;31.32;30.995;31.14;9224641.385
2014-02-13;31.09;31.165;30.835;31.165;4405328.77
2014-02-14;31.255;31.44;31.155;31.385;6571115.0
2014-02-17;31.415;31.525;31.36;31.42;6913303.875
2014-02-18;31.005;31.485;31.005;31.37;8560096.02
2014-02-19;31.31;31.54;31.19;31.405;13538465.41
2014-02-20;31.32;31.38;30.98;31.365;10662679.89
2014-02-21;31.55;31.57;31.37;31.505;3675952.205
2014-02-24;31.595;31.705;31.42;31.67;3384702.605
2014-02-25;31.695;31.785;31.6;31.785;2341406.975
2014-02-26;31.83;31.83;31.585;31.72;9319701.815
2014-02-27;31.695;31.705;31.085;31.55;32827785.095
2014-02-28;31.55;31.65;31.34;31.61;6659102.75
2014-03-03;31.3;31.3;30.72;30.755;10574161.87
2014-03-04;31.1;31.55;31.015;31.55;7978110.67
2014-03-05;31.435;31.63;31.435;31.595;3438746.01
2014-03-06;31.7;31.79;31.575;31.655;14121761.75
2014-03-07;31.665;31.72;31.15;31.15;6566291.095
2014-03-10;31.11;31.45;30.96;31.115;5726368.365
2014-03-11;31.245;31.38;31.09;31.095;4990190.155
2014-03-12;30.975;30.98;30.63;30.895;16559708.16
2014-03-13;30.99;30.99;30.435;30.435;11395183.63
2014-03-14;30.355;30.355;29.975;30.225;12073977.44
2014-03-17;30.305;30.74;30.27;30.71;16115375.87
2014-03-18;30.665;31.195;30.5;30.92;32833064.095
2014-03-19;30.96;31.04;30.815;30.94;4729677.15
2014-03-20;30.87;30.96;30.62;30.96;3970229.17
2014-03-21;31.105;31.275;31.05;31.2;8798247.525
2014-03-24;31.135;31.2;30.67;30.74;5978674.975
2014-03-25;30.86;31.235;30.86;31.11;5856400.625
2014-03-26;31.255;31.62;31.225;31.475;19667781.49
2014-03-27;31.41;31.59;31.355;31.545;8067937.095
2014-03-28;31.65;31.925;31.645;31.91;18288745.99
2014-03-31;32.0;32.105;31.8;31.865;26785397.33
2014-04-01;31.945;32.165;31.92;32.065;10683612.45
2014-04-02;32.1;32.165;32.035;32.105;3141307.78
2014-04-03;32.125;32.43;32.005;32.285;6134991.25
2014-04-04;32.37;32.61;32.275;32.5;14920114.91
2014-04-07;32.615;32.615;32.055;32.105;26714219.485
2014-04-08;32.145;32.16;31.675;32.005;8974468.335
2014-04-09;32.065;32.175;31.985;32.035;21740528.79
2014-04-10;32.17;32.205;31.77;31.77;46334582.94
2014-04-11;31.675;31.675;31.215;31.45;9367021.78
2014-04-14;31.29;31.6;31.11;31.6;5646147.495
2014-04-15;31.56;31.66;31.2;31.255;12230451.91
2014-04-16;31.09;31.59;31.09;31.59;8000953.07
2014-04-17;31.56;31.895;31.43;31.8;16038703.715
2014-04-22;31.86;32.25;31.86;32.25;4549103.42
2014-04-23;32.215;32.215;31.98;31.98;12937499.505
2014-04-24;32.185;32.3;31.795;32.105;10231266.675
2014-04-25;31.955;31.97;31.63;31.68;3025066.48
2014-04-28;31.885;32.02;31.79;31.99;9744315.06
2014-04-29;32.13;32.395;31.96;32.34;19204829.875
2014-04-30;32.235;32.33;32.14;32.185;5698493.58
2014-05-02;32.1;32.32;32.085;32.085;5637280.28
2014-05-05;32.465;32.465;31.715;32.135;5257007.2
2014-05-06;32.225;32.235;31.82;31.895;4865595.9
2014-05-07;31.745;32.105;31.745;31.995;9300880.025
2014-05-08;32.16;32.51;32.035;32.495;4848472.175
2014-05-09;32.495;32.495;32.25;32.31;8903433.635
2014-05-12;32.4;32.665;32.365;32.585;5453926.555
2014-05-13;32.68;32.74;32.59;32.65;7844658.22
2014-05-14;32.76;32.76;32.605;32.715;3962883.76
2014-05-15;32.7;32.79;32.2;32.21;7093132.29
2014-05-16;32.245;32.39;32.085;32.355;4168162.83
2014-05-19;32.31;32.445;32.075;32.43;8424526.07
2014-05-20;32.4;32.48;32.275;32.36;6625732.11
2014-05-21;32.225;32.615;32.165;32.605;3270148.675
2014-05-22;32.6;32.665;32.49;32.64;4754134.36
2014-05-23;32.63;32.815;32.535;32.76;5610727.51
2014-05-26;32.95;33.13;32.94;33.13;7342180.105
2014-05-27;33.13;33.29;33.1;33.26;7684766.52
2014-05-28;33.175;33.26;33.125;33.215;18173592.52
2014-05-29;33.25;33.31;33.155;33.25;7675500.365
2014-05-30;33.195;33.29;33.14;33.245;5405603.395
2014-06-02;33.41;33.41;33.225;33.32;741214.555
2014-06-03;33.375;33.375;33.16;33.265;2739351.32
2014-06-04;33.16;33.24;33.0;33.21;5548145.845
2014-06-05;33.21;33.74;33.12;33.55;30247229.805
2014-06-06;33.59;33.815;33.495;33.78;17383241.13
2014-06-09;33.85;33.885;33.715;33.885;11328022.49
2014-06-10;33.855;34.0;33.825;33.945;7952465.75
2014-06-11;33.91;33.955;33.69;33.715;11644960.96
2014-06-12;33.78;33.815;33.62;33.685;5505382.0
2014-06-13;33.645;33.72;33.39;33.69;5628798.345
2014-06-16;33.525;33.605;33.44;33.505;7798534.18
2014-06-17;33.555;33.7;33.4;33.565;5335487.82
2014-06-18;33.63;33.745;33.595;33.64;7350776.71
2014-06-19;33.87;34.12;33.87;33.995;7542341.97
2014-06-20;33.96;34.09;33.77;33.915;10875040.715
2014-06-23;33.915;33.915;33.565;33.7;5983131.8
2014-06-24;33.8;33.8;33.625;33.735;8333145.72
2014-06-25;33.5;33.615;33.0;33.42;13638683.655
2014-06-26;33.505;33.505;33.0;33.19;10028072.505
2014-06-27;33.25;33.375;33.07;33.13;8367019.1
2014-06-30;33.195;33.36;33.0;33.21;1625923.67
2014-07-01;33.3;33.46;33.24;33.46;8600486.425
2014-07-02;33.48;33.54;33.33;33.445;4390432.225
2014-07-03;33.47;33.8;33.385;33.8;8369649.785
2014-07-04;33.76;33.76;33.595;33.595;3808788.57
2014-07-07;33.48;33.545;33.2;33.21;3117436.79
2014-07-08;33.12;33.165;32.765;32.8;4602454.14
2014-07-09;32.845;32.9;32.71;32.87;4133406.25
2014-07-10;32.89;32.89;32.175;32.395;10045325.785
2014-07-11;32.48;32.615;32.29;32.41;2300191.465
2014-07-14;32.52;32.76;32.52;32.735;2801821.65
2014-07-15;32.655;32.73;32.41;32.455;4309981.73
2014-07-16;32.525;32.915;32.525;32.895;6123927.68
2014-07-17;32.74;32.825;32.48;32.5;5371088.665
2014-07-18;32.29;32.51;32.24;32.51;2816344.99
2014-07-21;32.48;32.54;32.165;32.21;13374081.07
2014-07-22;32.47;32.8;32.41;32.79;7606447.77
2014-07-23;32.08;32.335;32.065;32.135;3534785.535
2014-07-24;32.05;32.465;31.94;32.41;5531473.62
2014-07-25;32.385;32.43;31.9;31.9;4288474.14
2014-07-28;32.06;32.065;31.74;31.955;3770576.2
2014-07-29;32.0;32.27;31.89;32.125;5086836.925
2014-07-30;32.055;32.315;31.855;31.885;1470290.6
2014-07-31;32.0;32.0;31.315;31.415;13677215.995
2014-08-01;31.385;31.385;30.89;30.94;11311193.285
2014-08-04;31.09;31.19;30.85;30.98;11470389.26
2014-08-05;31.02;31.18;30.86;30.905;9197189.665
2014-08-06;30.73;30.85;30.44;30.725;15869668.25
2014-08-07;30.74;30.845;30.32;30.36;11473874.38
2014-08-08;30.25;30.435;29.99;30.27;2820881.53
2014-08-11;30.565;30.74;30.465;30.74;14341517.45
2014-08-12;30.58;30.715;30.42;30.47;8121824.18
2014-08-13;30.615;30.82;30.615;30.795;8261595.63
2014-08-14;30.63;30.925;30.57;30.82;2432653.615
2014-08-18;30.88;30.98;30.82;30.96;3780154.035
2014-08-19;31.1;31.17;31.065;31.12;1240801.175
2014-08-20;31.16;31.16;30.905;31.08;2022036.915
2014-08-21;31.08;31.48;31.06;31.48;3817698.38
2014-08-22;31.45;31.48;31.075;31.085;4022080.82
2014-08-25;31.595;31.865;31.51;31.865;2275100.655
2014-08-26;31.895;32.215;31.79;32.215;9342062.735
2014-08-27;32.185;32.275;32.075;32.18;17700999.055
2014-08-28;32.125;32.155;31.78;31.84;5801920.725
2014-08-29;31.97;32.095;31.625;31.865;31271481.84
2014-09-01;31.97;32.0;31.8;31.885;1529467.59
2014-09-02;32.065;32.21;31.98;32.005;4113143.01
2014-09-03;32.0;32.55;32.0;32.485;24130671.765
2014-09-04;32.325;33.1;32.25;33.0;12871893.465
2014-09-05;32.99;33.1;32.825;32.925;4495723.29
2014-09-08;32.96;33.045;32.78;32.905;9523668.16
2014-09-09;32.83;32.9;32.655;32.695;11304222.77
2014-09-10;32.61;32.7;32.485;32.625;5655280.35
2014-09-11;32.73;32.75;32.42;32.57;5263862.555
2014-09-12;32.64;32.67;32.335;32.54;5768932.785
2014-09-15;32.455;32.6;32.42;32.52;10757029.99
2014-09-16;32.47;32.47;32.29;32.38;4737946.4
2014-09-17;32.5;32.68;32.5;32.6;5371543.46
2014-09-18;32.7;32.965;32.67;32.875;6764900.76
2014-09-19;33.0;33.245;32.885;33.01;11130928.78
2014-09-22;32.845;32.97;32.79;32.81;2319093.105
2014-09-23;32.72;32.745;32.28;32.35;6579397.55
2014-09-24;32.36;32.71;32.21;32.71;4209469.29
2014-09-25;32.75;32.865;32.2;32.25;3458050.355
2014-09-26;32.3;32.595;32.225;32.545;4736676.88
2014-09-29;32.47;32.53;31.95;32.18;1013128.21
2014-09-30;32.3;32.655;32.2;32.64;12764603.5
2014-10-01;32.465;32.635;32.21;32.27;5158914.725
2014-10-02;32.205;32.26;31.4;31.435;4521975.845
2014-10-03;31.53;31.805;31.485;31.77;7301099.485
2014-10-06;32.03;32.03;31.65;31.65;3754409.925
2014-10-07;31.545;31.545;31.035;31.065;4659682.01
2014-10-08;31.0;31.105;30.695;30.77;2940247.075
2014-10-09;31.1;31.51;30.595;30.7;4659697.225
2014-10-10;30.5;30.61;30.115;30.205;10079303.49
2014-10-13;30.02;30.455;29.5;30.255;4394943.59
2014-10-14;29.995;30.365;29.74;30.365;12552899.42
2014-10-15;30.25;30.32;29.11;29.255;21476967.515
2014-10-16;29.445;29.53;28.15;29.155;34787889.41
2014-10-17;29.15;29.93;29.0;29.91;33390737.705
2014-10-20;29.82;29.82;29.47;29.635;5703300.315
2014-10-21;29.5;30.21;29.435;30.17;9615557.785
2014-10-22;30.29;30.4;30.05;30.345;10845151.38
2014-10-23;30.25;30.85;30.07;30.75;8140463.035
2014-10-24;30.635;30.74;30.515;30.645;4806791.375
2014-10-27;30.975;30.995;30.055;30.37;9580256.65
2014-10-28;30.5;30.72;30.445;30.68;7118628.875
2014-10-29;30.79;30.795;30.505;30.505;2926357.765
2014-10-30;30.635;30.695;29.86;30.535;4073206.725
2014-10-31;31.065;31.44;30.885;31.28;5345863.005
2014-11-03;31.5;31.5;30.985;31.055;8070214.65
2014-11-04;30.98;31.195;30.545;30.55;8785743.655
2014-11-05;30.81;31.13;30.67;31.13;10566403.69
2014-11-06;30.985;31.635;30.885;31.235;18734659.535
2014-11-07;31.24;31.275;30.66;30.87;2980656.27
2014-11-10;30.785;31.16;30.755;31.125;19898114.32
2014-11-11;31.315;31.425;31.19;31.295;4561390.865
2014-11-12;31.235;31.245;30.7;30.7;9284636.04
2014-11-13;30.9;31.025;30.5;30.785;2958912.535
2014-11-14;30.935;30.935;30.55;30.84;2705546.845
2014-11-17;30.6;31.13;30.55;31.105;3522937.19
2014-11-18;31.135;31.495;31.1;31.4;5043784.09
2014-11-19;31.45;31.675;31.39;31.465;3560566.145
2014-11-20;31.465;31.465;31.015;31.29;4171501.105
2014-11-21;31.38;32.22;31.355;32.205;9498281.105
2014-11-24;32.265;32.61;32.225;32.41;19840266.525
2014-11-25;32.38;32.77;32.38;32.48;16489601.945
2014-11-26;32.615;32.725;32.475;32.485;4077815.185
2014-11-27;32.605;32.775;32.525;32.7;10299675.695
2014-11-28;32.71;32.725;32.525;32.715;5233353.945
2014-12-01;32.52;32.665;32.4;32.56;6782787.31
2014-12-02;32.7;32.86;32.525;32.605;6007634.14
2014-12-03;32.76;32.86;32.63;32.77;8778508.97
2014-12-04;32.85;33.0;32.15;32.23;23716261.685
2014-12-05;32.55;33.04;32.54;33.04;11146877.315
2014-12-08;32.93;32.98;32.8;32.84;1637176.15
2014-12-09;32.435;32.505;31.875;31.925;14064687.39
2014-12-10;32.08;32.26;31.695;31.795;14459715.53
2014-12-11;31.84;32.06;31.6;31.885;8289549.945
2014-12-12;31.635;31.635;30.915;30.915;5245040.03
2014-12-15;30.935;31.215;30.135;30.135;13618760.545
2014-12-16;30.295;30.77;29.5;30.77;11975492.725
2014-12-17;30.405;30.925;30.34;30.925;9584402.325
2014-12-18;31.45;31.85;31.28;31.82;13796465.535
2014-12-19;32.145;32.24;31.48;31.75;23652568.22
2014-12-22;31.87;32.125;31.82;31.875;1794558.77
2014-12-23;32.0;32.295;31.91;32.235;13175689.59
2014-12-29;32.65;32.65;31.7;32.16;5952971.305
2014-12-30;31.95;32.035;31.725;31.73;6798857.375
2015-01-02;32.065;32.065;31.54;31.78;11278573.86
2015-01-05;31.58;31.85;30.65;30.66;36478982.41
2015-01-06;30.66;30.94;30.34;30.445;17734220.755
2015-01-07;30.59;30.9;30.415;30.565;23732379.225
2015-01-08;31.14;31.75;30.96;31.69;13416011.035
2015-01-09;31.5;31.6;30.545;30.68;15134253.725
2015-01-12;30.975;31.32;30.76;31.21;6584178.295
2015-01-13;31.04;31.825;31.04;31.605;6849840.145
2015-01-14;31.35;31.855;31.115;31.29;15389862.15
2015-01-15;31.625;32.07;30.48;31.86;21956520.115
2015-01-16;31.825;32.475;31.74;32.475;13484921.24
2015-01-19;32.53;32.775;32.385;32.545;14851948.76
2015-01-20;32.725;32.96;32.67;32.79;7010106.165
2015-01-21;32.97;33.07;32.5;33.03;25705453.595
2015-01-22;33.14;33.725;33.015;33.67;16546646.455
2015-01-23;34.0;34.54;33.875;34.245;26267217.475
2015-01-26;34.215;34.59;34.045;34.575;13768565.505
2015-01-27;34.505;34.52;33.93;34.145;23036358.66
2015-01-28;34.37;34.395;33.75;33.94;12444355.805
2015-01-29;33.7;34.09;33.625;34.06;11280731.785
2015-01-30;34.255;34.3;33.69;33.84;24281662.21
2015-02-02;33.885;34.015;33.65;34.01;22765783.09
2015-02-03;34.295;34.63;34.26;34.52;12076966.0
2015-02-04;34.555;34.58;34.27;34.43;8869575.81
2015-02-05;34.2;34.47;34.15;34.425;12916495.805
2015-02-06;34.435;34.44;34.24;34.305;4317345.45
2015-02-09;34.055;34.055;33.6;33.855;6099360.73
2015-02-10;33.94;34.395;33.76;34.17;6708232.595
2015-02-11;34.22;34.265;34.0;34.105;4362893.815
2015-02-12;34.07;34.7;34.0;34.505;9832752.885
2015-02-13;34.745;35.02;34.71;34.895;15267796.545
2015-02-16;34.845;34.875;34.7;34.72;10082952.825
2015-02-17;34.5;34.82;34.005;34.735;6536736.53
2015-02-18;34.84;35.135;34.84;35.035;11337907.88
2015-02-19;34.935;35.32;34.8;35.27;28337024.62
2015-02-20;35.17;35.36;34.94;35.285;26356267.455
2015-02-23;35.695;35.695;35.385;35.55;16362783.295
2015-02-24;35.655;35.965;35.52;35.895;7231337.35
2015-02-25;35.9;35.9;35.675;35.805;7645341.255
2015-02-26;35.785;36.17;35.77;36.12;6843508.26
2015-02-27;36.145;36.34;36.05;36.32;6200314.895
2015-03-02;36.355;36.49;36.18;36.335;8784125.59
2015-03-03;36.36;36.47;35.89;35.935;8709654.42
2015-03-04;36.005;36.19;35.78;36.15;11139086.775
2015-03-05;36.375;36.665;36.325;36.57;12807126.16
2015-03-06;36.57;36.755;36.52;36.59;10889663.72
2015-03-09;36.39;36.55;36.255;36.515;8385901.87
2015-03-10;36.485;36.565;35.94;36.13;6746517.765
2015-03-11;36.245;36.975;36.22;36.935;15387213.475
2015-03-12;36.9;36.95;36.8;36.845;11781388.66
2015-03-13;36.97;37.0;36.71;36.96;8203119.45
2015-03-16;37.0;37.58;37.0;37.49;8252743.065
2015-03-17;37.55;37.57;36.98;37.1;12071677.135
2015-03-18;37.58;37.58;36.85;37.085;17001968.845
2015-03-19;37.085;37.3;36.89;37.015;8081377.245
2015-03-20;37.3;37.84;37.185;37.8;18631168.7
2015-03-23;37.64;37.65;37.34;37.39;15898736.33
2015-03-24;37.33;37.9;37.23;37.805;20925262.1
2015-03-25;37.735;37.78;37.215;37.33;12804543.945
2015-03-26;37.2;37.2;36.57;37.125;18894924.51
2015-03-27;37.23;37.36;36.99;37.225;6968211.26
2015-03-30;37.325;37.755;37.31;37.745;9651447.11
2015-03-31;37.665;37.83;37.325;37.48;9631889.495
2015-04-01;37.3;37.945;37.22;37.635;22323562.86
2015-04-02;37.5;37.67;37.28;37.63;3314880.805
2015-04-07;37.8;38.28;37.6;38.15;15938511.035
2015-04-08;38.205;38.23;37.825;37.925;5691778.605
2015-04-09;38.055;38.27;37.995;38.27;11977780.365
2015-04-10;38.38;38.65;38.29;38.65;11019063.565
2015-04-13;38.645;38.86;38.56;38.83;10785679.005
2015-04-14;38.695;38.785;38.2;38.31;24510075.56
2015-04-15;38.305;38.7;38.305;38.525;8983354.96
2015-04-16;38.525;38.525;38.0;38.035;15845434.84
2015-04-17;37.955;38.08;37.19;37.23;31036935.74
2015-04-20;37.35;37.68;37.3;37.655;17098953.895
2015-04-21;37.965;38.1;37.6;37.78;15424807.835
2015-04-22;37.88;38.0;37.385;37.75;19980628.21
2015-04-23;37.77;37.895;37.24;37.41;13835689.665
2015-04-24;37.67;37.95;37.415;37.665;8112065.87
2015-04-27;37.69;38.425;37.34;38.245;18349765.57
2015-04-28;38.345;38.345;37.505;37.7;7172658.365
2015-04-29;37.82;37.89;36.655;36.89;17291101.72
2015-04-30;36.605;36.875;36.235;36.68;16934722.87
2015-05-04;36.65;37.06;36.355;36.885;9245312.245
2015-05-05;36.755;37.205;35.97;36.01;11352564.515
2015-05-06;36.0;36.385;35.8;36.13;31383071.445
2015-05-07;35.855;36.265;35.425;36.265;26563240.735
2015-05-08;36.42;37.145;36.255;37.075;23638143.92
2015-05-11;37.035;37.1;36.795;36.965;5096376.475
2015-05-12;36.625;36.625;36.155;36.515;21314265.5
2015-05-13;36.575;36.89;36.185;36.2;6667664.05
2015-05-14;36.15;36.855;35.85;36.835;11593315.375
2015-05-15;36.905;37.05;36.35;36.485;11186065.7
2015-05-18;36.535;36.76;36.145;36.65;6800298.37
2015-05-19;37.0;37.575;37.0;37.54;13378112.475
2015-05-20;37.56;37.77;37.4;37.76;6532187.39
2015-05-21;37.585;37.825;37.49;37.825;7420442.995
2015-05-22;37.75;37.85;37.63;37.69;5021649.555
2015-05-25;37.69;37.69;37.23;37.505;4376362.64
2015-05-26;37.5;37.615;36.97;37.005;5169443.535
2015-05-27;37.28;37.865;37.135;37.775;17778426.345
2015-05-28;37.525;37.685;37.245;37.445;4936124.47
2015-05-29;37.505;37.565;36.655;36.655;4117802.89
2015-06-01;36.84;37.005;36.47;36.75;10285521.945
2015-06-02;36.825;36.825;36.285;36.705;10277714.485
2015-06-03;36.655;37.165;36.53;36.87;10886603.275
2015-06-04;36.615;36.885;36.09;36.645;13556971.41
2015-06-05;36.235;36.335;35.915;36.105;12658006.39
2015-06-08;36.0;36.155;35.695;35.7;13191724.3
2015-06-09;35.55;35.715;35.065;35.455;22110703.865
2015-06-10;35.355;36.435;35.285;36.33;21505413.89
2015-06-11;36.27;36.925;36.155;36.435;17901373.265
2015-06-12;36.445;36.625;35.67;36.055;43352759.67
2015-06-15;35.6;35.69;35.25;35.48;7119131.8
2015-06-16;35.2;35.555;34.845;35.555;19023930.72
2015-06-17;35.505;35.62;35.14;35.29;25512487.48
2015-06-18;35.07;35.49;34.76;35.395;9777901.815
2015-06-19;35.58;35.98;35.475;35.65;6827435.82
2015-06-22;36.5;37.09;36.34;37.085;43214205.07
2015-06-23;37.25;37.605;37.2;37.3;30270000.6
2015-06-24;37.355;37.45;36.86;37.135;19227358.565
2015-06-25;36.895;37.54;36.835;37.09;16014749.795
2015-06-26;36.835;37.5;36.77;37.355;10606990.61
2015-06-29;36.0;36.485;35.11;35.685;20597532.01
2015-06-30;35.93;35.945;35.175;35.7;26368838.105
2015-07-01;35.615;36.355;35.4;36.01;9009253.925
2015-07-02;36.06;36.13;35.64;35.65;6366725.745
2015-07-03;35.69;35.745;35.2;35.43;39487001.99
2015-07-06;34.78;35.08;34.465;34.705;26198502.365
2015-07-07;34.715;34.765;33.91;33.91;11095329.91
2015-07-08;33.87;34.42;33.87;34.255;3800710.585
2015-07-09;34.375;35.36;34.35;35.28;28902159.73
2015-07-10;35.9;36.425;35.9;36.38;31265690.905
2015-07-13;36.53;37.085;36.53;37.0;36150189.205
2015-07-14;36.955;37.1;36.79;37.1;14235653.055
2015-07-15;37.155;37.36;37.045;37.33;5205863.57
2015-07-16;37.5;38.1;37.5;37.875;53553811.48
2015-07-17;38.05;38.05;37.715;37.825;10987064.815
2015-07-20;37.825;38.245;37.01;37.97;11370674.19
2015-07-21;38.065;38.085;37.505;37.52;7094040.9
2015-07-22;37.355;37.57;37.29;37.445;4812613.735
2015-07-23;37.57;37.715;37.29;37.405;23639530.65
2015-07-24;37.3;37.56;37.04;37.09;11178667.535
2015-07-27;36.87;36.88;36.17;36.245;29806702.97
2015-07-28;36.43;36.72;36.27;36.555;6528403.555
2015-07-29;36.785;36.86;36.5;36.815;5307823.965
2015-07-30;36.335;36.4;35.88;36.045;8279395.49
2015-07-31;36.245;36.285;35.925;36.215;6483181.67
2015-08-03;36.38;36.755;36.29;36.66;3218526.38
2015-08-04;36.605;36.645;36.39;36.51;5294342.765
2015-08-05;36.725;37.195;36.72;37.195;3615783.64
2015-08-06;37.04;37.245;37.01;37.12;5740407.005
2015-08-07;37.01;37.03;36.775;36.775;8553398.3
2015-08-10;36.9;37.17;36.75;37.15;3349897.12
2015-08-11;37.06;37.06;36.43;36.475;3299656.52
2015-08-12;36.4;36.4;35.1;35.275;11070990.03
2015-08-13;35.8;35.915;35.505;35.505;38063885.495
2015-08-14;35.535;35.76;35.15;35.29;16671708.45
2015-08-17;35.5;35.715;34.905;35.43;6788852.56
2015-08-18;35.25;35.465;35.22;35.425;3060258.165
2015-08-19;34.965;35.155;34.725;34.735;16841386.72
2015-08-20;34.6;34.625;33.845;33.845;8127118.61
2015-08-21;33.8;33.89;32.88;32.88;16036515.72
2015-08-24;32.34;32.345;29.835;30.905;74067186.03
2015-08-25;31.595;32.74;31.425;32.645;21776741.02
2015-08-26;32.085;32.585;31.585;32.105;18200313.025
2015-08-27;32.8;33.365;32.745;33.27;39095873.62
2015-08-28;33.245;33.255;32.88;33.12;24576602.315
2015-08-31;32.42;33.12;32.42;32.87;4615852.295
2015-09-01;32.7;32.7;31.95;32.25;13939194.42
2015-09-02;32.325;32.585;32.105;32.415;5001762.54
2015-09-03;32.63;33.32;32.605;33.135;10225718.61
2015-09-04;32.8;32.8;31.95;32.225;19001918.515
2015-09-07;32.42;32.61;32.245;32.37;3309459.0
2015-09-08;32.575;33.08;32.575;32.725;2890860.55
2015-09-09;33.465;33.635;33.125;33.14;8051438.58
2015-09-10;32.73;32.98;32.49;32.605;1225443.24
2015-09-11;32.62;32.625;32.19;32.235;11429806.39
2015-09-14;32.305;32.52;32.125;32.22;3266821.33
2015-09-15;32.225;32.555;31.925;32.555;12468613.18
2015-09-16;32.725;32.93;32.675;32.81;17418443.945
2015-09-17;32.97;32.99;32.77;32.915;1417931.285
2015-09-18;32.64;32.68;31.745;32.025;30989646.405
2015-09-21;31.82;32.32;31.81;32.245;8056397.925
2015-09-22;32.15;32.155;31.02;31.06;19641266.47
2015-09-23;31.105;31.62;30.95;31.215;24839253.16
2015-09-24;31.19;31.345;30.3;30.51;8960752.16
2015-09-25;31.1;31.635;31.1;31.58;18580550.04
2015-09-28;31.36;31.44;30.635;30.8;21336954.07
2015-09-29;30.6;30.935;30.23;30.665;5951398.81
2015-09-30;31.365;31.52;31.12;31.33;9619190.425
2015-10-01;31.72;31.79;30.945;31.075;7858980.69
2015-10-02;31.72;31.72;30.72;31.15;9227674.465
2015-10-05;31.865;32.4;31.67;32.22;26844995.985
2015-10-06;32.235;32.735;32.03;32.69;9214290.22
2015-10-07;32.8;33.085;32.58;32.58;43855128.645
2015-10-08;32.555;32.7;32.4;32.59;4188124.2
2015-10-09;32.69;33.075;32.69;32.84;7832257.64
2015-10-12;32.955;33.005;32.675;32.82;11701211.625
2015-10-13;32.75;32.8;32.3;32.55;3952776.98
2015-10-14;32.36;32.65;32.21;32.33;13812309.79
2015-10-15;32.575;32.805;32.535;32.725;12412840.84
2015-10-16;32.975;33.1;32.86;33.045;1551507.725
2015-10-19;33.0;33.3;33.0;33.12;6066961.195
2015-10-20;33.165;33.21;32.8;32.97;12528691.45
2015-10-21;33.055;33.225;32.79;33.13;3787599.27
2015-10-22;32.99;34.03;32.99;34.005;35721258.78
2015-10-23;33.63;34.91;33.63;34.64;26514415.5
2015-10-26;34.635;34.745;34.43;34.535;12773216.955
2015-10-27;34.5;34.565;34.25;34.33;4011478.245
2015-10-28;34.33;34.67;34.31;34.655;8613244.99
2015-10-29;34.77;34.895;34.3;34.445;7441298.52
2015-10-30;34.6;34.695;34.195;34.505;5293942.565
2015-11-02;34.21;34.86;34.21;34.745;8228921.1
2015-11-03;34.745;34.845;34.58;34.775;9266130.765
2015-11-04;34.9;35.14;34.81;34.81;3868793.05
2015-11-05;34.89;35.16;34.7;34.915;5936255.865
2015-11-06;34.85;35.29;34.655;35.1;3527039.58
2015-11-09;35.15;35.16;34.67;34.67;11182040.93
2015-11-10;34.765;34.79;34.345;34.67;55936925.72
2015-11-11;34.755;35.1;34.7;34.885;4230509.375
2015-11-12;34.785;34.92;34.16;34.3;10161981.27
2015-11-13;34.15;34.28;33.61;33.885;15475014.075
2015-11-16;33.55;34.14;33.55;33.895;11113154.165
2015-11-17;34.255;34.86;34.24;34.84;39074268.1
2015-11-18;34.625;34.81;34.535;34.74;3010266.515
2015-11-19;34.8;35.16;34.775;34.93;16910133.815
2015-11-20;34.99;35.08;34.67;34.945;7811234.685
2015-11-23;34.85;34.935;34.635;34.905;2876429.535
2015-11-24;34.665;34.675;34.18;34.42;9341061.335
2015-11-25;34.535;35.1;34.45;34.965;2473786.55
2015-11-26;34.965;35.45;34.96;35.35;7688454.99
2015-11-27;35.17;35.5;35.11;35.26;12971570.57
2015-11-30;35.165;35.61;35.135;35.41;6988164.35
2015-12-01;35.52;35.54;35.125;35.195;20660429.31
2015-12-02;35.35;35.355;35.05;35.055;4882158.795
2015-12-03;35.0;35.535;33.785;33.785;22030723.56
2015-12-04;33.71;33.83;33.31;33.75;5513192.73
2015-12-07;33.985;34.345;33.87;33.945;4393882.115
2015-12-08;33.925;33.925;33.25;33.385;9910999.45
2015-12-09;33.475;33.56;33.01;33.225;9980786.41
2015-12-10;33.045;33.25;32.845;33.085;8504284.405
2015-12-11;32.97;33.055;32.28;32.445;19663306.665
2015-12-14;32.495;32.835;31.795;31.795;9825426.995
2015-12-15;32.095;32.875;32.07;32.805;11860470.94
2015-12-16;32.895;33.14;32.67;32.855;24168864.235
2015-12-17;33.2;33.855;33.2;33.495;15744152.565
2015-12-18;33.08;33.425;32.86;33.025;6360051.845
2015-12-21;32.89;33.305;32.555;32.555;3711126.235
2015-12-22;32.755;32.825;32.23;32.52;6360384.11
2015-12-23;32.89;33.34;32.89;33.26;4465092.695
2015-12-28;32.765;33.5;32.765;33.0;2575800.7
2015-12-29;33.295;33.54;33.265;33.445;3771453.5
2015-12-30;33.535;33.55;33.245;33.355;4172032.985
2016-01-04;32.6;32.635;31.88;32.01;8843544.22
2016-01-05;32.395;32.435;31.77;32.1;2425888.645
2016-01-06;32.0;32.0;31.455;31.805;13287765.755
2016-01-07;31.55;31.55;30.7;31.225;8733345.64
2016-01-08;31.305;31.51;30.68;30.68;10231987.04
2016-01-11;30.635;31.12;30.615;30.805;7981902.735
2016-01-12;30.74;31.365;30.73;31.09;11864846.02
2016-01-13;31.38;31.66;31.03;31.085;7450802.23
2016-01-14;30.775;30.9;30.13;30.67;19256141.475
2016-01-15;30.59;30.675;29.7;29.8;29109303.45
2016-01-18;29.835;30.22;29.565;29.725;5592833.21
2016-01-19;30.255;30.455;30.1;30.165;10686953.715
2016-01-20;30.0;30.0;28.925;29.12;33691255.495
2016-01-21;29.225;30.01;29.085;29.82;20181410.365
2016-01-22;30.485;30.865;30.275;30.68;13732240.76
2016-01-25;30.72;30.725;30.25;30.44;6958023.315
2016-01-26;29.82;30.83;29.82;30.77;12400227.17
2016-01-27;30.645;30.79;30.41;30.79;2046323.54
2016-01-28;30.74;30.955;29.97;30.225;4500138.22
2016-01-29;30.7;30.75;30.36;30.715;6441222.53
2016-02-01;30.94;30.96;30.365;30.59;5713804.005
2016-02-02;30.49;30.54;29.775;29.955;8477874.68
2016-02-03;29.835;29.885;29.05;29.41;16389261.86
2016-02-04;29.75;29.75;29.12;29.48;15008598.77
2016-02-05;29.585;29.715;29.15;29.195;2612129.155
2016-02-08;29.305;29.375;28.15;28.22;9685662.665
2016-02-09;28.31;28.495;27.5;27.835;25286534.695
2016-02-10;28.065;28.66;27.78;28.275;21897875.875
2016-02-11;27.76;27.8;26.98;27.185;10756801.635
2016-02-12;27.41;27.745;27.305;27.745;5985389.18
2016-02-15;28.45;28.84;28.4;28.6;36223341.185
2016-02-16;28.855;28.855;28.35;28.435;3430650.3
2016-02-17;28.6;29.285;28.6;29.225;7580880.195
2016-02-18;29.49;29.62;29.18;29.21;16517457.855
2016-02-19;29.18;29.27;28.76;28.995;15818528.66
2016-02-22;29.39;29.66;28.995;29.63;8704923.425
2016-02-23;29.41;29.635;29.155;29.21;9126628.47
2016-02-24;29.15;29.15;28.32;28.43;7239363.07
2016-02-25;28.81;29.185;28.69;29.0;13480619.435
2016-02-26;29.47;29.785;29.39;29.58;9991834.425
2016-02-29;29.255;29.66;29.095;29.66;1422622.79
2016-03-01;29.71;30.25;29.64;30.25;4280832.81
2016-03-02;30.41;30.61;30.235;30.5;15779723.76
2016-03-03;30.55;30.55;30.3;30.36;3327829.705
2016-03-04;30.515;30.815;30.425;30.665;9162711.375
2016-03-07;30.515;30.625;30.255;30.495;9735046.865
2016-03-08;30.19;30.525;29.98;30.325;4231355.52
2016-03-09;30.32;30.775;30.315;30.47;6969000.12
2016-03-10;30.485;31.695;30.06;30.135;33592050.95
2016-03-11;30.62;31.05;30.48;31.0;12421128.94
2016-03-14;31.1;31.45;31.095;31.185;5430020.645
2016-03-15;31.0;31.1;30.865;30.955;6652021.575
2016-03-16;31.065;31.175;30.78;30.91;5006258.35
2016-03-17;31.235;31.235;30.2;30.635;8573718.96
2016-03-18;30.78;30.975;30.63;30.935;4672951.95
2016-03-21;30.7;31.185;30.65;30.765;7916694.685
2016-03-22;30.595;30.79;30.32;30.79;15528154.63
2016-03-23;30.96;31.05;30.585;30.77;4884739.275
2016-03-24;30.545;30.56;30.16;30.225;1506732.12
2016-03-29;30.32;30.525;30.14;30.35;4225123.87
2016-03-30;30.55;30.965;30.55;30.78;6412387.815
2016-03-31;30.605;30.605;30.32;30.375;3467316.065
2016-04-01;30.0;30.0;29.5;29.875;15635030.16
2016-04-04;29.815;30.265;29.7;29.83;9917387.06
2016-04-05;29.51;29.51;29.19;29.225;14614437.18
2016-04-06;29.32;29.42;29.16;29.41;7356203.905
2016-04-07;29.43;29.59;28.97;29.01;3146376.075
2016-04-08;29.13;29.57;29.13;29.455;2198384.435
2016-04-11;29.365;29.8;29.255;29.6;3578182.4
2016-04-12;29.7;29.8;29.38;29.79;2553205.19
2016-04-13;30.0;30.685;30.0;30.685;12254185.775
2016-04-14;30.8;30.985;30.66;30.97;7658642.745
2016-04-15;30.89;30.975;30.83;30.915;5959384.665
2016-04-18;30.495;31.1;30.455;31.04;2438669.755
2016-04-19;31.175;31.585;31.15;31.495;7638559.335
2016-04-20;31.37;31.875;31.355;31.875;13412919.09
2016-04-21;31.9;31.97;31.7;31.93;9823368.99
2016-04-22;31.85;31.965;31.685;31.76;10436701.28
2016-04-25;31.8;31.845;31.445;31.575;551014.555
2016-04-26;31.77;31.91;31.56;31.64;2703840.555
2016-04-27;31.615;31.775;31.53;31.74;752603.805
2016-04-28;31.485;31.75;31.175;31.7;3464380.82
2016-04-29;31.39;31.4;30.8;30.83;7205700.505
2016-05-02;30.98;31.015;30.765;30.835;8207215.86
2016-05-03;30.82;30.82;30.3;30.4;5930809.45
2016-05-04;30.27;30.4;29.9;29.9;5820211.28
2016-05-05;30.04;30.25;29.945;29.945;1738824.2
2016-05-06;29.95;30.16;29.645;30.035;2171156.435
2016-05-09;30.265;30.56;30.095;30.24;2683773.44
2016-05-10;30.52;30.805;30.41;30.5;4349910.175
2016-05-11;30.5;30.505;30.165;30.33;2905310.67
2016-05-12;29.89;30.395;29.77;29.865;4673272.105
2016-05-13;29.68;30.185;29.55;30.02;5353105.005
2016-05-16;29.905;30.105;29.74;30.065;4374130.69
2016-05-17;30.305;30.495;29.82;29.895;5413837.785
2016-05-18;29.81;30.17;29.8;30.17;1460432.355
2016-05-19;30.025;30.085;29.76;29.82;3772070.35
2016-05-20;30.11;30.235;30.015;30.205;2917980.225
2016-05-23;30.2;30.32;29.89;30.09;1812378.71
2016-05-24;29.89;30.87;29.865;30.84;4377829.625
2016-05-25;31.11;31.45;31.005;31.365;22132879.425
2016-05-26;31.295;31.5;31.29;31.46;8835618.07
2016-05-27;31.385;31.56;31.37;31.51;8618782.645
2016-05-30;31.56;31.675;31.48;31.655;10104742.475
2016-05-31;31.72;31.72;31.32;31.35;2433166.63
2016-06-01;31.35;31.35;30.99;31.115;6646566.49
2016-06-02;31.12;31.27;31.01;31.15;1576410.88
2016-06-03;31.24;31.275;30.575;30.73;2665214.9
2016-06-06;30.51;30.935;30.51;30.85;1976315.94
2016-06-07;31.01;31.295;30.995;31.21;2031185.535
2016-06-08;31.055;31.115;30.96;31.005;2228561.765
2016-06-09;30.895;30.895;30.615;30.695;14690867.085
2016-06-10;30.54;30.54;29.865;29.93;28482016.76
2016-06-13;29.86;29.86;29.275;29.275;11698148.075
2016-06-14;29.0;29.115;28.7;28.71;21924608.455
2016-06-15;28.975;29.265;28.945;29.115;15474337.385
2016-06-16;29.03;29.03;28.6;29.005;8051276.34
2016-06-17;29.27;29.5;29.155;29.205;7125245.24
2016-06-20;30.055;30.38;30.0;30.27;18117652.62
2016-06-21;30.275;30.665;30.275;30.635;16188294.405
2016-06-22;30.785;30.9;30.54;30.865;8391922.05
2016-06-23;30.815;31.505;30.725;31.23;28364989.425
2016-06-24;31.45;31.45;28.3;28.565;46295917.585
2016-06-27;28.39;28.785;27.57;27.76;27665553.45
2016-06-28;28.44;28.71;28.29;28.29;17051793.03
2016-06-29;28.77;29.17;28.755;29.11;5997107.995
2016-06-30;29.06;29.5;28.875;29.485;6427383.525
2016-07-01;29.65;29.8;29.35;29.655;3664514.465
2016-07-04;29.78;29.78;29.415;29.5;12912258.845
2016-07-05;29.21;29.28;28.88;28.99;3856745.545
2016-07-06;28.73;28.89;28.24;28.42;7525787.19
2016-07-07;28.63;28.9;28.595;28.64;4716707.17
2016-07-08;28.5;29.36;28.5;29.21;14439788.475
2016-07-11;29.51;29.73;29.35;29.705;3609289.375
2016-07-12;29.735;30.28;29.71;30.205;9264534.81
2016-07-13;30.105;30.32;30.035;30.2;14891990.01
2016-07-14;30.36;30.63;30.255;30.56;9275341.73
2016-07-15;30.34;30.55;30.225;30.425;4541456.745
2016-07-18;30.47;30.7;30.15;30.36;5508766.445
2016-07-19;30.255;30.345;29.955;30.17;10364589.695
2016-07-20;30.37;30.595;30.225;30.54;6344211.83
2016-07-21;30.65;30.65;30.33;30.61;4376718.35
2016-07-22;30.47;30.66;30.34;30.56;4218375.11
2016-07-25;30.59;30.845;30.49;30.555;6085434.385
2016-07-26;30.545;30.74;30.37;30.695;10834877.84
2016-07-27;30.775;31.055;30.775;30.88;4612694.78
2016-07-28;30.815;30.95;30.57;30.57;17495698.97
2016-07-29;30.74;30.78;30.565;30.75;8836919.46
2016-08-01;30.79;31.1;30.515;30.57;2951847.955
2016-08-02;30.495;30.52;29.89;29.96;15577048.52
2016-08-03;30.05;30.06;29.785;29.96;2946659.67
2016-08-04;30.1;30.3;30.055;30.16;10410241.34
2016-08-05;30.26;30.675;30.235;30.62;3037700.73
2016-08-08;30.72;30.9;30.675;30.775;8738334.765
2016-08-09;30.725;31.225;30.72;31.225;2030908.875
2016-08-10;31.075;31.225;31.04;31.12;6043263.395
2016-08-11;30.68;30.755;30.515;30.755;3934275.06
2016-08-12;30.765;30.81;30.72;30.795;1211364.68
2016-08-16;30.61;30.71;30.435;30.54;3703737.83
2016-08-17;30.49;30.495;30.125;30.145;1293987.99
2016-08-18;30.305;30.305;30.1;30.24;1411255.835
2016-08-19;30.23;30.23;29.82;30.01;3932971.695
2016-08-22;29.98;30.26;29.8;29.87;2363664.165
2016-08-23;30.05;30.33;30.05;30.23;2424028.485
2016-08-24;30.05;30.495;30.0;30.375;3359156.005
2016-08-25;30.25;30.255;30.015;30.19;2237143.725
2016-08-26;30.15;30.44;30.06;30.435;1859352.34
2016-08-29;30.225;30.39;30.125;30.32;4749575.745
2016-08-30;30.385;30.73;30.385;30.66;70417451.88
2016-08-31;30.57;30.835;30.56;30.56;12051972.195
2016-09-01;30.685;30.87;30.405;30.445;5207739.615
2016-09-02;30.615;31.13;30.5;31.13;3779114.96
2016-09-05;31.2;31.28;31.08;31.095;10227279.35
2016-09-06;31.215;31.265;30.985;31.015;3796277.135
2016-09-07;31.11;31.265;30.985;31.235;5231992.1
2016-09-08;31.215;31.305;30.75;31.165;10388144.815
2016-09-09;31.03;31.17;30.76;30.77;3987305.805
2016-09-12;30.5;30.5;30.125;30.44;7820705.945
2016-09-13;30.565;30.61;30.055;30.055;9414901.015
2016-09-14;30.18;30.18;29.92;29.985;7746761.495
2016-09-15;29.9;30.055;29.78;30.055;16727269.955
2016-09-16;29.945;30.04;29.58;29.615;19430217.44
2016-09-19;29.935;30.02;29.865;30.015;3168742.15
2016-09-20;30.0;30.16;29.92;30.025;2970249.365
2016-09-21;30.35;30.41;30.145;30.145;1990329.59
2016-09-22;30.435;30.935;30.39;30.83;7595765.075
2016-09-23;30.735;30.76;30.58;30.66;2806856.56
2016-09-26;30.595;30.595;30.205;30.23;2922221.465
2016-09-27;30.43;30.43;29.945;30.095;6149706.725
2016-09-28;30.385;30.57;30.34;30.34;3401189.175
2016-09-29;30.7;30.79;30.34;30.34;4708367.96
2016-09-30;30.0;30.525;29.685;30.525;4287393.615
2016-10-03;30.375;30.56;30.26;30.365;748431.935
2016-10-04;30.44;30.86;30.44;30.8;4017185.73
2016-10-05;30.47;30.76;30.43;30.73;4300003.705
2016-10-06;30.855;30.92;30.63;30.73;1930840.86
2016-10-07;30.69;30.7;30.425;30.455;1751996.095
2016-10-10;30.505;30.84;30.345;30.81;1084467.365
2016-10-11;30.745;30.98;30.665;30.665;3550973.785
2016-10-12;30.655;30.685;30.555;30.585;3729863.885
2016-10-13;30.385;30.385;30.04;30.21;23880409.965
2016-10-14;30.405;30.85;30.405;30.77;2632922.53
2016-10-17;30.6;30.71;30.52;30.555;6289874.51
2016-10-18;30.745;31.01;30.74;30.98;25689078.45
2016-10-19;31.0;31.115;30.89;31.08;2020805.235
2016-10-20;31.09;31.355;30.97;31.255;4276279.27
2016-10-21;31.29;31.325;31.15;31.24;4263769.935
2016-10-24;31.395;31.605;31.375;31.465;8265181.71
2016-10-25;31.475;31.57;31.325;31.335;3156991.36
2016-10-26;31.275;31.35;31.1;31.33;5363695.53
2016-10-27;31.255;31.47;31.155;31.245;2893463.36
2016-10-28;31.155;31.315;31.005;31.315;7638424.825
2016-10-31;31.145;31.175;30.985;31.11;3263566.115
2016-11-01;31.27;31.27;30.715;30.715;1933583.895
2016-11-02;30.52;30.525;30.29;30.29;4434332.88
2016-11-03;30.26;30.49;30.23;30.295;16945543.13
2016-11-04;30.2;30.215;29.96;30.135;11354993.075
2016-11-07;30.57;30.66;30.41;30.615;3538021.16
2016-11-08;30.61;30.815;30.585;30.8;6993936.795
2016-11-09;29.92;31.09;29.92;31.09;19648077.835
2016-11-10;31.095;31.815;30.69;30.86;14270600.895
2016-11-11;31.04;31.075;30.595;30.595;1782457.73
2016-11-14;30.935;31.105;30.675;30.84;3653380.07
2016-11-15;30.885;30.94;30.73;30.925;40951243.29
2016-11-16;30.98;30.98;30.52;30.665;3844661.215
2016-11-17;30.625;30.765;30.56;30.755;2158060.575
2016-11-18;30.95;30.96;30.585;30.65;1043656.07
2016-11-21;30.75;30.81;30.455;30.705;2112814.965
2016-11-22;30.885;31.035;30.835;30.845;4131480.135
2016-11-23;30.895;30.91;30.55;30.77;2821402.32
2016-11-24;30.815;30.88;30.69;30.785;3424714.46
2016-11-25;30.84;30.885;30.7;30.865;2985649.54
2016-11-28;30.76;30.87;30.485;30.49;799059.605
2016-11-29;30.5;30.78;30.5;30.725;1059580.725
2016-11-30;30.75;31.05;30.75;30.925;13838157.29
2016-12-01;30.93;30.93;30.64;30.665;10082284.275
2016-12-02;30.44;30.62;30.27;30.62;2613355.03
2016-12-05;30.365;31.135;30.36;30.935;18667830.83
2016-12-06;31.08;31.49;30.9;31.49;5998095.615
2016-12-07;31.585;31.86;31.585;31.82;19372375.835
2016-12-08;31.975;32.38;31.88;32.335;16983972.095
2016-12-09;32.39;32.505;32.25;32.45;7942246.495
2016-12-12;32.51;32.515;32.355;32.38;49478041.4
2016-12-13;32.395;32.83;32.37;32.795;10340005.66
2016-12-14;32.73;32.75;32.535;32.6;9853593.835
2016-12-15;32.625;33.0;32.62;32.96;14853538.845
2016-12-16;32.965;33.18;32.83;32.955;6659079.325
2016-12-19;32.955;33.05;32.95;33.01;10374680.995
2016-12-20;33.02;33.25;32.995;33.25;4234079.92
2016-12-21;33.17;33.225;33.085;33.16;8979500.045
2016-12-22;33.09;33.23;33.055;33.12;11138006.28
2016-12-23;33.235;33.25;33.135;33.205;6394477.635
2016-12-27;33.26;33.295;33.19;33.265;2281280.5
2016-12-28;33.29;33.29;33.19;33.205;3571068.175
2016-12-29;33.1;33.23;33.075;33.15;12969324.605
2016-12-30;33.2;33.405;33.09;33.335;4298512.895
2017-01-02;33.25;33.625;33.25;33.51;5207930.285
2017-01-03;33.7;34.0;33.6;33.605;7134346.57
2017-01-04;33.76;33.76;33.53;33.63;7588489.49
2017-01-05;33.61;33.75;33.51;33.65;10376458.645
2017-01-06;33.6;33.73;33.52;33.71;5851419.59
2017-01-09;33.74;33.775;33.465;33.57;6456736.275
2017-01-10;33.61;33.71;33.475;33.59;36862320.915
2017-01-11;33.66;33.765;33.375;33.56;6868697.415
2017-01-12;33.5;33.57;33.33;33.385;65068396.555
2017-01-13;33.535;33.78;33.485;33.73;11006714.22
2017-01-16;33.6;33.615;33.485;33.515;2941719.805
2017-01-17;33.365;33.465;33.155;33.39;10368329.805
2017-01-18;33.475;33.485;33.27;33.42;3300586.635
2017-01-19;33.555;33.555;33.32;33.365;3312868.3
2017-01-20;33.295;33.57;33.27;33.465;5974282.9
2017-01-23;33.3;33.47;33.105;33.21;6412905.52
2017-01-24;33.25;33.315;33.17;33.29;4015871.34
2017-01-25;33.465;33.845;33.465;33.82;10020010.805
2017-01-26;33.89;33.93;33.635;33.68;4898705.915
2017-01-27;33.685;33.685;33.475;33.54;8108872.97
2017-01-30;33.505;33.505;33.095;33.145;6938250.095
2017-01-31;33.165;33.325;32.855;32.855;8426485.65
2017-02-01;33.145;33.25;33.04;33.065;12965751.97
2017-02-02;33.055;33.16;32.805;33.09;4722595.255
2017-02-03;33.13;33.375;33.13;33.315;13689246.945
2017-02-06;33.27;33.365;32.875;32.94;9428665.475
2017-02-07;32.8;33.05;32.8;32.86;4447115.06
2017-02-08;32.97;33.035;32.65;32.88;10420066.875
2017-02-09;32.875;33.205;32.85;33.195;5095343.6
2017-02-10;33.28;33.28;33.06;33.125;4481468.64
2017-02-13;33.19;33.56;33.175;33.455;5727021.34
2017-02-14;33.445;33.515;33.375;33.48;11147165.24
2017-02-15;33.625;33.73;33.54;33.665;4072933.02
2017-02-16;33.625;33.675;33.445;33.5;37193254.405
2017-02-17;33.5;33.555;33.23;33.475;8055045.9
2017-02-20;33.615;33.635;33.45;33.565;6540905.285
2017-02-21;33.48;33.85;33.415;33.79;9990853.1
2017-02-22;33.84;33.935;33.645;33.79;7304512.74
2017-02-23;33.795;33.9;33.7;33.7;3461715.755
2017-02-24;33.695;33.72;33.185;33.475;4841028.665
2017-02-27;33.54;33.615;33.43;33.53;4307382.655
2017-02-28;33.6;33.65;33.425;33.65;3797709.505
2017-03-01;33.835;34.345;33.835;34.29;17150903.465
2017-03-02;34.27;34.31;34.19;34.26;5538771.54
2017-03-03;34.195;34.485;34.14;34.44;6032805.505
2017-03-06;34.295;34.385;34.2;34.28;5948545.11
2017-03-07;34.31;34.31;34.155;34.205;2630117.835
2017-03-08;34.185;34.425;34.165;34.34;5686213.74
2017-03-09;34.235;34.55;34.215;34.53;7258845.07
2017-03-10;34.59;34.825;34.57;34.63;7493943.135
2017-03-13;34.565;34.61;34.51;34.6;3392844.975
2017-03-14;34.585;34.585;34.3;34.385;3479182.595
2017-03-15;34.465;34.52;34.4;34.515;5149150.23
2017-03-16;34.9;34.91;34.735;34.815;19220842.655
2017-03-17;34.71;35.0;34.71;34.84;10991657.46
2017-03-20;34.795;34.935;34.765;34.835;4807508.12
2017-03-21;34.99;35.16;34.65;34.685;12492486.74
2017-03-22;34.53;34.715;34.435;34.66;11070672.295
2017-03-23;34.66;34.965;34.555;34.96;8683233.855
2017-03-24;34.95;34.95;34.785;34.865;7813265.85
2017-03-27;34.6;34.81;34.53;34.805;6537184.92
2017-03-28;34.975;35.11;34.82;35.105;5640930.33
2017-03-29;35.22;35.285;35.085;35.2;10882161.575
2017-03-30;35.215;35.33;35.125;35.33;6183326.305
2017-03-31;35.26;35.45;35.16;35.45;8159681.3
2017-04-03;35.48;35.6;35.225;35.26;9682666.76
2017-04-04;35.215;35.31;35.135;35.285;14754639.725
2017-04-05;35.38;35.44;35.19;35.205;17155672.135
2017-04-06;35.06;35.425;34.98;35.405;46593650.85
2017-04-07;35.255;35.425;35.195;35.41;4676890.455
2017-04-10;35.5;35.5;35.23;35.34;4018945.225
2017-04-11;35.12;35.35;34.98;35.165;13425660.4
2017-04-12;35.295;35.46;35.125;35.19;8096846.69
2017-04-13;35.165;35.165;34.915;34.95;9412554.795
2017-04-18;35.075;35.105;34.6;34.7;3865462.235
2017-04-19;34.61;34.78;34.6;34.72;36083033.225
2017-04-20;34.6;34.98;34.59;34.975;16105607.01
2017-04-21;34.89;35.065;34.725;34.925;11039571.8
2017-04-24;35.5;36.39;35.5;36.325;32387539.62
2017-04-25;36.46;36.53;36.38;36.455;23092566.195
2017-04-26;36.405;36.435;36.29;36.385;8015012.415
2017-04-27;36.3;36.355;36.19;36.27;7424358.685
2017-04-28;36.23;36.375;36.205;36.34;6083033.285
2017-05-02;36.27;36.485;36.27;36.485;10732395.095
2017-05-03;36.505;36.58;36.43;36.535;8669608.175
2017-05-04;36.6;37.045;36.6;37.045;46506848.005
2017-05-05;36.975;37.405;36.94;37.405;66749576.59
2017-05-08;37.46;37.59;37.15;37.235;26391957.695
2017-05-09;37.4;37.445;37.315;37.315;10371169.99
2017-05-10;37.26;37.32;37.17;37.28;6327931.115
2017-05-11;37.155;37.17;36.71;36.87;20653632.38
2017-05-12;36.945;37.0;36.86;36.985;12729448.0
2017-05-15;37.175;37.19;36.94;37.11;7084329.315
2017-05-16;37.155;37.27;37.125;37.185;2561892.085
2017-05-17;37.0;37.12;36.48;36.63;16081894.525
2017-05-18;36.605;36.62;36.105;36.425;21433034.52
2017-05-19;36.505;36.685;36.495;36.64;5370544.17
2017-05-22;36.765;36.765;36.525;36.585;2795511.695
2017-05-23;36.505;36.89;36.505;36.81;10120255.755
2017-05-24;36.74;36.805;36.635;36.635;1558466.18
2017-05-25;36.855;36.855;36.56;36.67;3599020.67
2017-05-26;36.62;36.62;36.3;36.59;6206836.37
2017-05-29;36.58;36.62;36.535;36.62;3041509.51
2017-05-30;36.5;36.57;36.35;36.45;4345840.87
2017-05-31;36.535;36.775;36.43;36.53;8947775.665
2017-06-01;36.52;36.695;36.485;36.61;5890829.69
2017-06-02;36.875;37.11;36.81;36.81;2060916.73
2017-06-05;36.855;36.855;36.64;36.68;1025532.43
2017-06-06;36.57;36.665;36.43;36.485;7461989.295
2017-06-07;36.42;36.725;36.35;36.405;1885964.115
2017-06-08;36.49;36.695;36.45;36.61;6179805.38
2017-06-09;36.645;36.935;36.575;36.795;4865375.04
2017-06-12;36.75;36.75;36.36;36.445;4882403.58
2017-06-13;36.52;36.66;36.465;36.56;9609326.57
2017-06-14;36.745;36.885;36.51;36.51;4177561.1
2017-06-15;36.425;36.425;35.975;36.215;102570637.155
2017-06-16;36.39;36.51;36.28;36.355;5358577.12
2017-06-19;36.695;36.92;36.685;36.825;4182047.385
2017-06-20;36.94;36.955;36.62;36.62;4555488.965
2017-06-21;36.54;36.6;36.22;36.55;24429445.395
2017-06-22;36.455;36.58;36.26;36.58;9089455.765
2017-06-23;36.475;36.555;36.275;36.43;10257563.14
2017-06-26;36.6;36.82;36.575;36.65;3489945.055
2017-06-27;36.52;36.605;36.285;36.365;4885671.35
2017-06-28;36.19;36.395;35.99;36.34;12283052.645
2017-06-29;36.485;36.49;35.65;35.65;8035651.565
2017-06-30;35.705;35.875;35.4;35.4;5284242.81
2017-07-03;35.425;35.93;35.425;35.895;10018071.355
2017-07-04;35.735;35.92;35.735;35.795;4693215.405
2017-07-05;35.79;35.86;35.725;35.845;2331039.275
2017-07-06;35.82;35.82;35.35;35.66;5914119.74
2017-07-07;35.605;35.63;35.5;35.61;8054553.62
2017-07-10;35.765;35.85;35.7;35.81;897896.525
2017-07-11;35.82;35.93;35.63;35.63;5658135.81
2017-07-12;35.76;36.275;35.76;36.235;9830998.25
2017-07-13;36.235;36.44;36.17;36.315;10730769.025
2017-07-14;36.335;36.355;36.185;36.275;2690368.665
2017-07-17;36.335;36.34;36.15;36.255;1595237.535
2017-07-18;36.13;36.235;35.745;35.865;12931740.075
2017-07-19;35.96;36.075;35.82;35.99;5409977.44
2017-07-20;36.165;36.34;35.9;36.005;7473476.99
2017-07-21;35.96;36.13;35.4;35.535;4849804.72
2017-07-24;35.585;35.675;35.365;35.525;12362044.695
2017-07-25;35.59;35.985;35.585;35.805;9960191.85
2017-07-26;35.78;36.045;35.765;35.93;4997938.255
2017-07-27;35.845;36.125;35.825;35.925;7721487.495
2017-07-28;35.755;35.77;35.575;35.67;4977716.235
2017-07-31;35.66;35.825;35.49;35.58;2396186.095
2017-08-01;35.725;35.95;35.535;35.815;5058151.265
2017-08-02;35.82;35.85;35.565;35.605;8946145.7
2017-08-03;35.575;35.745;35.42;35.695;8199268.175
2017-08-04;35.615;36.215;35.615;36.135;5430678.965
2017-08-07;36.185;36.235;36.04;36.09;1830359.795
2017-08-08;36.08;36.315;35.99;36.2;7722778.755
2017-08-09;35.955;35.995;35.57;35.67;3646585.62
2017-08-10;35.125;35.125;34.69;34.72;4840413.275
2017-08-11;34.6;34.645;34.37;34.475;12252818.96
2017-08-14;34.685;35.05;34.685;35.0;2449594.79
2017-08-16;35.205;35.425;35.205;35.335;1544856.185
2017-08-17;35.25;35.275;35.005;35.07;4330688.1
2017-08-18;34.775;34.865;34.665;34.865;5780589.63
2017-08-21;34.74;34.865;34.555;34.69;5139233.595
2017-08-22;34.88;35.035;34.815;34.98;3544324.38
2017-08-23;34.99;35.095;34.76;34.82;7817401.565
2017-08-24;34.935;35.04;34.89;34.91;2457485.52
2017-08-25;34.935;35.035;34.815;34.815;8660398.81
2017-08-28;34.635;34.815;34.56;34.69;2430815.725
2017-08-29;34.5;34.5;34.075;34.32;14630421.14
2017-08-30;34.605;34.605;34.42;34.515;4643953.805
2017-08-31;34.655;34.825;34.595;34.7;13364106.135
2017-09-01;34.83;35.0;34.83;34.915;11117639.375
2017-09-04;34.615;34.84;34.615;34.755;4734544.135
2017-09-05;34.825;34.94;34.63;34.665;5404643.075
2017-09-06;34.51;34.89;34.48;34.805;4751670.665
2017-09-07;34.97;35.15;34.865;34.95;14907724.185
2017-09-08;34.85;35.005;34.82;34.94;10199155.52
2017-09-11;35.185;35.465;35.165;35.4;19054107.52
2017-09-12;35.54;35.705;35.53;35.625;10993449.19
2017-09-13;35.59;35.775;35.54;35.715;4975317.505
2017-09-14;35.635;35.8;35.61;35.785;6481977.315
2017-09-15;35.73;35.795;35.58;35.62;8705274.58
2017-09-18;35.785;35.865;35.74;35.775;4451837.915
2017-09-19;35.705;35.82;35.705;35.785;3326647.63
2017-09-20;35.76;35.845;35.7;35.73;3281621.85
2017-09-21;35.87;35.97;35.87;35.89;6822419.9
2017-09-22;35.85;36.035;35.85;35.925;24871049.605
2017-09-25;35.89;35.995;35.79;35.86;17129609.625
2017-09-26;35.87;35.965;35.82;35.835;13879654.39
2017-09-27;35.96;36.155;35.96;36.1;7949711.865
2017-09-28;36.15;36.195;36.085;36.145;3516385.93
2017-09-29;36.21;36.37;36.165;36.36;6381910.295
2017-10-02;36.465;36.525;36.41;36.505;1922257.065
2017-10-03;36.6;36.625;36.51;36.6;27798268.315
2017-10-04;36.615;36.615;36.355;36.445;17075818.31
2017-10-05;36.43;36.65;36.42;36.64;11795627.085
2017-10-06;36.665;36.665;36.495;36.53;6349150.83
2017-10-09;36.62;36.7;36.545;36.63;6249077.25
2017-10-10;36.605;36.61;36.435;36.52;11770004.455
2017-10-11;36.6;36.625;36.46;36.62;3589803.595
2017-10-12;36.605;36.62;36.5;36.61;4636463.545
2017-10-13;36.655;36.735;36.555;36.645;5357701.0
2017-10-16;36.65;36.665;36.555;36.625;3317010.04
2017-10-17;36.6;36.735;36.53;36.65;4611606.825
2017-10-18;36.68;36.81;36.64;36.74;3479035.55
2017-10-19;36.705;36.705;36.38;36.53;20999808.43
2017-10-20;36.67;36.705;36.525;36.58;13477449.84
2017-10-23;36.6;36.8;36.515;36.63;5802539.51
2017-10-24;36.6;36.775;36.57;36.66;7726281.505
2017-10-25;36.645;36.755;36.4;36.425;10374490.86
2017-10-26;36.43;36.945;36.365;36.945;14895153.515
2017-10-27;37.0;37.245;36.995;37.055;7659988.86
2017-10-30;37.12;37.195;37.08;37.12;7018855.955
2017-10-31;37.19;37.405;37.17;37.38;2572627.65
2017-11-01;37.43;37.62;37.43;37.55;3146802.645
2017-11-02;37.5;37.535;37.275;37.4;7245233.99
2017-11-03;37.485;37.485;37.325;37.435;5311700.97
2017-11-06;37.36;37.405;37.26;37.385;6816256.255
2017-11-07;37.495;37.51;37.085;37.155;8475257.565
2017-11-08;37.21;37.22;36.965;37.09;10116149.33
2017-11-09;37.08;37.155;36.625;36.745;11721400.865
2017-11-10;36.665;36.735;36.445;36.465;7049160.805
2017-11-13;36.525;36.55;35.97;36.305;7808451.85
2017-11-14;36.315;36.425;36.0;36.1;11565294.885
2017-11-15;35.935;36.055;35.72;36.035;40915247.41
2017-11-16;36.09;36.215;35.995;36.11;14864377.225
2017-11-17;36.13;36.18;35.88;35.945;8130433.115
2017-11-20;35.9;36.115;35.825;36.085;7726693.49
2017-11-21;36.01;36.375;35.985;36.28;20266111.8
2017-11-22;36.295;36.445;36.1;36.1;14520091.41
2017-11-23;35.965;36.285;35.94;36.16;12116055.935
2017-11-24;36.175;36.485;36.17;36.31;6754312.095
2017-11-27;36.225;36.44;36.125;36.125;4562001.655
2017-11-28;36.215;36.375;36.065;36.34;10536431.94
2017-11-29;36.56;36.665;36.415;36.42;14924085.79
2017-11-30;36.44;36.665;36.26;36.26;12718228.835
2017-12-01;36.26;36.26;35.715;35.745;11319921.335
2017-12-04;36.165;36.34;36.05;36.24;19150263.11
2017-12-05;36.2;36.33;36.04;36.255;16041954.27
2017-12-06;36.0;36.19;35.84;36.105;13887636.315
2017-12-07;36.155;36.295;36.09;36.24;4304975.175
2017-12-08;36.45;36.635;36.41;36.455;1542992.065
2017-12-11;36.505;36.525;36.295;36.325;3576303.22
2017-12-12;36.395;36.49;36.19;36.49;2497209.03
2017-12-13;36.465;36.535;36.345;36.365;5058590.325
2017-12-14;36.315;36.335;36.105;36.14;16158036.455
2017-12-15;36.0;36.125;35.95;36.12;17601889.315
2017-12-18;36.35;36.67;36.285;36.645;20440453.87
2017-12-19;36.6;36.685;36.355;36.37;17458896.0
2017-12-20;36.375;36.395;35.995;36.045;45234250.945
2017-12-21;36.015;36.32;35.885;36.265;15000407.215
2017-12-22;36.095;36.21;36.03;36.075;30696402.175
2017-12-27;36.045;36.245;35.97;36.075;9722131.57
2017-12-28;36.05;36.07;35.73;35.755;2557780.015
2017-12-29;35.795;35.795;35.515;35.58;1635437.185
2018-01-02;35.665;35.665;35.235;35.405;5324872.32
2018-01-03;35.5;35.745;35.47;35.66;6946013.22
2018-01-04;35.845;36.335;35.84;36.25;12385488.665
2018-01-05;36.315;36.625;36.315;36.615;10764186.82
2018-01-08;36.75;36.78;36.655;36.725;3836576.085
2018-01-09;36.72;36.855;36.685;36.78;14643442.63
2018-01-10;36.715;36.79;36.51;36.59;12722280.66
2018-01-11;36.695;36.71;36.435;36.56;5969670.015
2018-01-12;36.615;36.7;36.53;36.59;8644601.45
2018-01-15;36.71;36.78;36.595;36.735;3441492.96
2018-01-16;36.71;36.94;36.68;36.745;5592417.605
2018-01-17;36.65;36.805;36.59;36.645;5823785.485
2018-01-18;36.785;36.81;36.6;36.69;10502797.77
2018-01-19;36.78;37.085;36.765;37.055;12878882.745
2018-01-22;37.065;37.21;37.02;37.195;7623183.505
2018-01-23;37.34;37.435;37.195;37.28;4529703.625
2018-01-24;37.27;37.3;37.03;37.045;9466990.85
2018-01-25;36.915;37.16;36.685;36.83;12683401.3
2018-01-26;36.88;37.085;36.875;37.04;7270655.595
2018-01-29;37.065;37.08;36.93;37.005;4557553.885
2018-01-30;36.79;36.905;36.57;36.66;8206896.755
2018-01-31;36.715;36.775;36.585;36.65;8784144.055
2018-02-01;36.855;36.955;36.275;36.285;15978643.235
2018-02-02;36.255;36.255;35.87;35.875;26241765.325
2018-02-05;35.59;35.66;35.29;35.38;55710864.55
2018-02-06;35.2;35.2;34.14;34.52;76209817.42
2018-02-07;34.94;35.24;34.645;35.16;16415710.52
2018-02-08;34.935;35.035;34.2;34.2;11785759.085
2018-02-09;34.22;34.375;33.64;33.82;30729364.885
2018-02-12;34.265;34.45;34.1;34.37;13345557.05
2018-02-13;34.25;34.285;34.0;34.01;5520325.795
2018-02-14;34.225;34.41;33.755;34.41;9895768.935
2018-02-15;34.425;34.615;34.25;34.325;7870976.64
2018-02-16;34.58;34.795;34.555;34.74;6314616.41
2018-02-19;34.8;34.815;34.505;34.505;1885157.79
2018-02-20;34.575;34.795;34.505;34.79;2656111.345
2018-02-21;34.715;34.77;34.505;34.75;2465285.83
2018-02-22;34.48;34.865;34.435;34.86;4671048.475
2018-02-23;34.785;34.885;34.69;34.875;5513659.885
2018-02-26;35.0;35.155;34.98;35.125;8349650.105
2018-02-27;35.185;35.2;34.945;34.99;6150742.08
2018-02-28;34.845;35.09;34.77;34.825;7874608.95
2018-03-01;34.76;34.78;34.335;34.395;12911751.445
2018-03-02;34.25;34.25;33.59;33.695;23810834.255
2018-03-05;33.5;34.065;33.48;34.065;17451644.33
2018-03-06;34.305;34.355;34.045;34.045;5146051.15
2018-03-07;34.0;34.285;33.79;34.195;6175156.485
2018-03-08;34.245;34.635;34.18;34.605;14059955.04
2018-03-09;34.545;34.795;34.47;34.615;5263372.185
2018-03-12;34.81;34.915;34.62;34.76;3417793.855
2018-03-13;34.77;34.915;34.3;34.36;6207956.27
2018-03-14;34.385;34.605;34.305;34.35;14016073.515
2018-03-15;34.485;34.635;34.38;34.6;4402160.745
2018-03-16;34.62;34.945;34.605;34.84;5687062.02
2018-03-19;34.735;34.76;34.325;34.35;4973728.215
2018-03-20;34.46;34.595;34.275;34.595;3072170.905
2018-03-21;34.645;34.645;34.335;34.45;7257062.875
2018-03-22;34.205;34.37;33.645;33.86;5475009.195
2018-03-23;33.56;33.7;33.25;33.48;7540682.87
2018-03-26;33.54;33.62;33.065;33.2;13179455.63
2018-03-27;33.81;33.82;33.54;33.62;12097871.565
2018-03-28;33.345;33.73;33.13;33.71;22364107.265
2018-03-29;33.855;34.27;33.8;34.165;17152978.345
2018-04-03;33.86;34.06;33.71;34.02;5438435.75
2018-04-04;33.895;33.955;33.455;33.855;13224732.275
2018-04-05;34.405;34.805;34.36;34.8;10665540.55
2018-04-06;34.67;34.735;34.535;34.59;11905885.395
2018-04-09;34.745;34.855;34.585;34.635;5388203.955
2018-04-10;34.9;34.99;34.8;34.93;5449529.6
2018-04-11;34.815;34.895;34.65;34.735;3203604.65
2018-04-12;34.745;35.01;34.7;34.98;3081877.435
2018-04-13;35.04;35.2;34.975;35.01;1648901.06
2018-04-16;35.05;35.1;34.91;34.965;2020293.315
2018-04-17;35.105;35.45;35.075;35.43;7755429.845
2018-04-18;35.4;35.545;35.39;35.525;2486249.94
2018-04-19;35.53;35.535;35.37;35.44;4638914.975
2018-04-20;35.45;35.655;35.385;35.555;4878535.165
2018-04-23;35.5;35.745;35.425;35.745;2677966.295
2018-04-24;35.72;35.81;35.56;35.595;3211095.365
2018-04-25;35.47;35.535;35.285;35.485;858180.175
2018-04-26;35.515;35.745;35.49;35.745;2842531.035
2018-04-27;35.8;35.945;35.77;35.81;4131513.88
2018-04-30;35.87;36.105;35.85;36.085;6253885.89
2018-05-02;36.025;36.335;36.025;36.29;44216301.92
2018-05-03;36.215;36.265;36.015;36.045;25424017.345
2018-05-04;36.1;36.27;36.065;36.265;7161419.26
2018-05-07;36.33;36.535;36.275;36.535;7665731.8
2018-05-08;36.44;36.515;36.28;36.435;26240919.24
2018-05-09;36.46;36.575;36.45;36.575;9913394.71
2018-05-10;36.57;36.655;36.44;36.605;1029829.385
2018-05-11;36.67;36.67;36.535;36.63;3745956.915
2018-05-14;36.66;36.66;36.52;36.63;4165259.07
2018-05-15;36.545;36.685;36.495;36.64;22617974.14
2018-05-16;36.595;36.655;36.48;36.605;18382859.945
2018-05-17;36.31;36.58;36.31;36.58;14339626.245
2018-05-18;36.555;36.68;36.395;36.48;20865780.52
2018-05-21;36.575;36.78;36.535;36.57;5962489.3
2018-05-22;36.63;36.755;36.54;36.75;8247134.16
2018-05-23;36.55;36.575;36.08;36.215;20553520.97
2018-05-24;36.215;36.395;35.875;36.025;19500584.215
2018-05-25;36.17;36.305;35.72;35.925;12198172.065
2018-05-28;36.195;36.265;35.58;35.715;14154523.65
2018-05-29;35.4;35.44;34.8;35.08;28093496.635
2018-05-30;35.2;35.36;35.005;35.215;10608803.3
2018-05-31;35.43;35.475;34.86;34.985;9673478.035
2018-06-01;35.325;35.63;35.29;35.48;17116998.175
2018-06-04;35.77;35.8;35.61;35.66;3703039.835
2018-06-05;35.61;35.935;35.58;35.585;2835801.46
2018-06-06;35.58;35.65;35.295;35.515;3651218.705
2018-06-07;35.7;35.825;35.465;35.61;3866868.07
2018-06-08;35.35;35.475;35.195;35.4;3806963.53
2018-06-11;35.63;35.78;35.55;35.78;3924607.41
2018-06-12;35.975;35.975;35.745;35.76;1535987.465
2018-06-13;35.775;35.87;35.665;35.835;1525076.925
2018-06-14;35.625;36.365;35.575;36.345;6925854.195
2018-06-15;36.385;36.415;36.09;36.17;4730391.63
2018-06-18;35.95;35.97;35.52;35.68;3304379.355
2018-06-19;35.21;35.375;35.115;35.36;3402760.465
2018-06-20;35.51;35.59;35.375;35.46;2047367.905
2018-06-21;35.49;35.56;34.97;34.995;3416848.805
2018-06-22;35.11;35.37;35.1;35.37;1318698.765
2018-06-25;35.21;35.21;34.68;34.68;3161314.96
2018-06-26;34.85;34.885;34.6;34.705;2621000.265
2018-06-27;34.65;35.22;34.38;34.955;4384566.135
2018-06-28;34.835;34.99;34.455;34.565;2006204.645
2018-06-29;35.065;35.175;34.895;34.98;1834387.015
2018-07-02;34.48;34.835;34.42;34.71;3140713.385
2018-07-03;34.88;35.135;34.815;35.01;2907566.4
2018-07-04;34.985;35.15;34.985;35.095;850886.205
2018-07-05;35.19;35.585;35.19;35.395;5404951.805
2018-07-06;35.45;35.5;35.31;35.445;863891.765
2018-07-09;35.645;35.73;35.54;35.655;1544246.5
2018-07-10;35.63;35.82;35.585;35.765;1519610.055
2018-07-11;35.5;35.5;35.23;35.295;2704664.985
2018-07-12;35.31;35.46;35.2;35.46;3225149.65
2018-07-13;35.63;35.665;35.5;35.565;2407468.885
2018-07-16;35.535;35.63;35.43;35.53;4295409.01
2018-07-17;35.47;35.635;35.305;35.595;10357504.215
2018-07-18;35.745;35.885;35.725;35.865;3373845.845
2018-07-19;35.8;35.845;35.685;35.71;1146863.765
2018-07-20;35.66;35.775;35.34;35.655;2713143.56
2018-07-23;35.5;35.605;35.41;35.55;937865.685
2018-07-24;35.675;35.955;35.675;35.87;3147914.45
2018-07-25;35.87;35.87;35.62;35.67;4143027.56
2018-07-26;35.895;36.125;35.895;36.125;4622434.42
2018-07-27;36.12;36.33;36.12;36.325;3538005.79
2018-07-30;36.195;36.27;36.18;36.2;4475467.02
2018-07-31;36.205;36.405;36.18;36.385;3154103.385
2018-08-01;36.355;36.36;36.13;36.135;89570248.195
2018-08-02;35.96;35.985;35.675;35.73;3355476.495
2018-08-03;35.825;35.955;35.775;35.905;2487903.125
2018-08-06;35.95;36.075;35.78;35.845;2937253.46
2018-08-07;35.99;36.215;35.99;36.175;1303095.345
2018-08-08;36.06;36.15;35.94;35.995;5505337.65
2018-08-09;35.97;36.015;35.87;35.975;1675801.31
2018-08-10;35.8;35.8;35.19;35.285;16592603.605
2018-08-13;35.16;35.24;35.035;35.19;6400146.605
2018-08-14;35.345;35.39;35.085;35.14;6013637.855
2018-08-16;34.15;34.205;34.035;34.195;1802150.02
2018-08-17;34.265;34.295;33.975;34.15;4387747.385
2018-08-20;34.285;34.475;34.275;34.435;1995610.595
2018-08-21;34.33;34.675;34.33;34.575;5569976.295
2018-08-22;34.495;34.715;34.48;34.655;1971551.72
2018-08-23;34.65;34.74;34.63;34.635;1226493.03
2018-08-24;34.64;34.785;34.64;34.735;2075593.5
2018-08-27;34.88;35.045;34.79;35.025;5208721.2
2018-08-28;35.07;35.08;34.915;35.01;5569936.5
2018-08-29;34.975;35.01;34.825;34.995;2980331.8
2018-08-30;34.92;34.945;34.68;34.755;8708640.365
2018-08-31;34.705;34.705;34.33;34.34;27064893.795
2018-09-03;34.295;34.39;34.295;34.385;1575630.37
2018-09-04;34.51;34.51;33.89;34.065;3259065.98
2018-09-05;33.885;33.885;33.585;33.6;942714.32
2018-09-06;33.525;33.705;33.405;33.405;1028165.1
2018-09-07;33.455;33.47;33.19;33.33;1544304.675
2018-09-10;33.34;33.655;33.325;33.555;6946612.82
2018-09-11;33.58;33.58;33.3;33.545;1057274.045
2018-09-12;33.595;33.725;33.495;33.725;5597807.53
2018-09-13;33.69;33.975;33.69;33.8;2736683.14
2018-09-14;33.94;33.94;33.8;33.905;497197.745
2018-09-17;33.805;33.965;33.79;33.94;1413525.17
2018-09-18;33.95;34.12;33.88;34.015;3774004.32
2018-09-19;34.095;34.175;33.96;34.16;8630601.04
2018-09-20;34.14;34.56;34.14;34.52;1802631.2
2018-09-21;34.625;34.805;34.625;34.755;6822465.665
2018-09-24;34.685;34.69;34.545;34.575;2593779.2
2018-09-25;34.6;34.725;34.6;34.675;2399152.765
2018-09-26;34.725;34.84;34.68;34.84;2323694.26
2018-09-27;34.705;35.02;34.57;35.01;3927326.985
2018-09-28;34.775;34.795;34.29;34.55;8899342.24
2018-10-01;34.53;34.72;34.51;34.65;1529899.58
2018-10-02;34.395;34.41;34.19;34.37;5972253.45
2018-10-03;34.52;34.75;34.35;34.595;7605473.705
2018-10-04;34.44;34.495;34.19;34.255;10774223.885
2018-10-05;34.225;34.25;33.93;33.955;2015943.735
2018-10-08;33.825;33.865;33.57;33.57;2200875.53
2018-10-09;33.645;33.74;33.265;33.725;1520872.135
2018-10-10;33.69;33.69;33.15;33.2;10008717.77
2018-10-11;33.0;33.0;32.565;32.57;5756612.62
2018-10-12;32.98;32.98;32.45;32.45;4874873.685
2018-10-15;32.4;32.635;32.295;32.635;5329577.71
2018-10-16;32.67;33.095;32.625;33.07;3760181.535
2018-10-17;33.205;33.32;32.815;32.95;2451117.455
2018-10-18;32.93;33.035;32.62;32.655;2758043.41
2018-10-19;32.645;32.74;32.335;32.62;3915169.875
2018-10-22;32.865;32.905;32.37;32.47;17681206.025
2018-10-23;32.15;32.15;31.825;31.965;2016851.465
2018-10-24;32.09;32.34;31.78;31.78;7733975.78
2018-10-25;31.755;32.135;31.57;32.06;7563951.715
2018-10-26;31.91;31.91;31.4;31.665;3481020.53
2018-10-29;31.9;32.3;31.86;32.06;5101401.4
2018-10-30;32.09;32.17;31.75;31.98;32668046.385
2018-10-31;32.385;32.605;32.385;32.535;8550292.405
2018-11-01;32.475;32.77;32.455;32.465;3343788.03
2018-11-02;32.975;33.0;32.675;32.7;5774466.435
2018-11-05;32.635;32.795;32.635;32.7;6041584.55
2018-11-06;32.715;32.715;32.49;32.635;2281346.36
2018-11-07;32.78;33.04;32.78;32.96;1656626.21
2018-11-08;33.07;33.16;32.85;32.85;4337911.65
2018-11-09;32.765;32.85;32.595;32.795;8101235.125
2018-11-12;32.98;32.98;32.435;32.465;2119975.16
2018-11-13;32.62;32.785;32.485;32.785;2486474.4
2018-11-14;32.45;32.915;32.34;32.58;4432047.01
2018-11-15;32.61;32.695;32.07;32.275;6951627.24
2018-11-16;32.35;32.565;32.005;32.265;11057455.96
2018-11-19;32.34;32.485;32.0;32.015;5493455.455
2018-11-20;31.875;31.89;31.425;31.575;5284172.46
2018-11-21;31.69;31.98;31.685;31.96;3675134.81
2018-11-22;31.81;31.835;31.63;31.655;2633026.16
2018-11-23;31.705;31.84;31.555;31.755;5581923.065
2018-11-26;32.035;32.255;32.02;32.17;7886924.665
2018-11-27;32.175;32.26;31.93;32.09;5339680.58
2018-11-28;32.185;32.245;32.07;32.1;10305924.405
2018-11-29;32.33;32.385;32.115;32.195;8424126.01
2018-11-30;32.245;32.245;31.995;32.14;5051030.575
2018-12-03;32.5;32.865;32.5;32.6;23718463.72
2018-12-04;32.495;32.535;32.32;32.32;4255437.525
2018-12-05;32.025;32.13;31.88;31.915;5211969.95
2018-12-06;31.7;31.7;30.74;30.745;16411075.7
2018-12-07;31.035;31.37;31.035;31.065;7407577.06
2018-12-10;30.84;30.95;30.49;30.51;4707946.065
2018-12-11;30.8;31.25;30.73;31.06;6118541.3
2018-12-12;31.095;31.61;31.09;31.545;5222452.845
2018-12-13;31.7;31.7;31.45;31.515;17399212.18
2018-12-14;31.255;31.465;31.04;31.305;9002721.39
2018-12-17;31.305;31.345;30.96;31.08;4832054.11
2018-12-18;30.98;31.115;30.88;30.91;4319882.64
2018-12-19;30.94;31.09;30.91;31.015;6423955.425
2018-12-20;30.8;30.8;30.385;30.445;10875434.22
2018-12-21;30.35;30.47;30.02;30.435;21592196.125
2018-12-27;30.465;30.465;29.535;29.85;7321129.04
2018-12-28;30.02;30.505;29.985;30.4;12860834.055
2019-01-02;30.215;30.48;29.835;30.44;11068435.77
2019-01-03;30.09;30.31;29.985;30.055;4114186.595
2019-01-04;30.27;30.97;30.225;30.865;8583044.63
2019-01-07;31.06;31.06;30.64;30.77;10199064.24
2019-01-08;30.805;31.255;30.805;31.09;16666572.425
2019-01-09;31.235;31.375;31.09;31.165;49651187.035
2019-01-10;31.035;31.22;30.89;31.155;5805861.155
2019-01-11;31.28;31.34;31.04;31.14;3898612.3
2019-01-14;30.93;31.085;30.835;30.99;4614486.6
2019-01-15;31.245;31.36;30.92;31.14;8327976.815
2019-01-16;31.28;31.295;31.105;31.205;6917922.58
2019-01-17;31.095;31.19;31.005;31.165;6952378.18
2019-01-18;31.36;31.825;31.345;31.825;7850423.535
2019-01-21;31.765;31.795;31.685;31.69;8288177.28
2019-01-22;31.565;31.705;31.45;31.56;12283130.67
2019-01-23;31.435;31.82;31.425;31.6;12059544.57
2019-01-24;31.63;31.85;31.56;31.755;14012957.695
2019-01-25;31.945;32.175;31.94;32.13;17992279.035
2019-01-28;31.995;32.03;31.8;31.855;15286670.35
2019-01-29;31.89;32.15;31.805;32.03;8452315.105
2019-01-30;32.07;32.125;31.99;32.055;7566456.67
2019-01-31;32.28;32.325;31.83;32.03;19039979.02
2019-02-01;32.175;32.265;31.98;32.25;11050373.835
2019-02-04;32.215;32.245;32.0;32.14;11641234.4
2019-02-05;32.225;32.69;32.185;32.655;10342929.0
2019-02-06;32.59;32.71;32.54;32.65;16435328.8
2019-02-07;32.535;32.62;32.1;32.11;104106716.3
2019-02-08;32.005;32.15;31.795;31.885;13515473.6
2019-02-11;32.07;32.275;32.035;32.2;9351195.6
2019-02-12;32.43;32.555;32.395;32.49;5320977.4
2019-02-13;32.56;32.69;32.48;32.61;5048656.5
2019-02-14;32.64;32.66;32.25;32.285;8906379.1
2019-02-15;32.165;32.87;32.165;32.79;15281206.1
2019-02-18;32.85;32.875;32.75;32.85;5106486.5
2019-02-19;32.8;32.9;32.635;32.795;4152062.5
2019-02-20;32.825;33.035;32.76;33.015;6677429.2
2019-02-21;33.025;33.1;32.965;33.045;6018168.3
2019-02-22;33.0;33.2;33.0;33.125;5471294.6
2019-02-25;33.245;33.295;33.18;33.21;1945270.0
2019-02-26;33.105;33.345;33.02;33.335;10224333.3
2019-02-27;33.145;33.27;33.115;33.2;7540588.4
2019-02-28;33.085;33.415;33.085;33.415;5166761.4
2019-03-01;33.5;33.69;33.5;33.54;6917917.2
2019-03-04;33.675;33.7;33.58;33.62;13376444.1
2019-03-05;33.58;33.705;33.5;33.685;3820152.2
2019-03-06;33.645;33.805;33.585;33.675;7861266.4
2019-03-07;33.6;33.775;33.355;33.49;12534576.0
2019-03-08;33.265;33.37;33.145;33.305;9265351.2
2019-03-11;33.385;33.47;33.255;33.46;6223571.8
2019-03-12;33.6;33.6;33.345;33.495;4800593.8
2019-03-13;33.495;33.67;33.49;33.67;2410751.6
2019-03-14;33.71;33.93;33.67;33.885;5412356.7
2019-03-15;33.915;34.32;33.91;34.26;10250594.9
2019-03-18;34.285;34.34;34.24;34.3;4504823.8
2019-03-19;34.375;34.69;34.325;34.55;12786638.1
2019-03-20;34.405;34.455;34.185;34.185;12623848.9
2019-03-21;34.095;34.225;33.965;34.16;13783513.4
2019-03-22;34.215;34.23;33.465;33.47;14428608.5
2019-03-25;33.385;33.575;33.31;33.46;5470489.6
2019-03-26;33.465;33.7;33.375;33.645;4104183.2
2019-03-27;33.655;33.885;33.48;33.63;4820356.9
2019-03-28;33.7;33.845;33.635;33.645;1458289.2
2019-03-29;33.87;34.02;33.77;33.995;5116518.4
2019-04-01;34.24;34.395;34.18;34.39;6778928.6
2019-04-02;34.345;34.51;34.325;34.465;1902936.0
2019-04-03;34.73;34.87;34.7;34.83;5182295.2
2019-04-04;34.835;35.0;34.765;34.935;12375797.1
2019-04-05;34.945;35.03;34.89;34.98;7489247.9
2019-04-08;34.915;34.975;34.845;34.865;2859674.2
2019-04-09;34.785;35.02;34.67;34.775;4402527.7
2019-04-10;34.75;34.865;34.72;34.78;5660186.9
2019-04-11;34.81;34.925;34.65;34.92;2423929.0
2019-04-12;34.815;35.07;34.815;35.015;4791220.6
2019-04-15;35.07;35.105;34.98;35.045;5569731.7
2019-04-16;35.075;35.22;35.06;35.22;4710800.8
2019-04-17;35.18;35.42;35.145;35.32;6514950.3
2019-04-18;35.32;35.6;35.19;35.505;6868084.8
2019-04-23;35.545;35.63;35.445;35.63;9647927.0
2019-04-24;35.535;35.705;35.47;35.57;5929698.0
2019-04-25;35.52;35.56;35.385;35.53;5734423.1
2019-04-26;35.515;35.645;35.46;35.63;5619745.1
2019-04-29;35.62;35.735;35.485;35.675;4114634.1
2019-04-30;35.65;35.8;35.6;35.8;1764503.7
2019-05-02;35.77;35.875;35.63;35.65;8914077.5
2019-05-03;35.66;35.855;35.66;35.75;4385489.5
2019-05-06;35.12;35.45;35.02;35.45;12220497.8
2019-05-07;35.46;35.485;34.775;34.8;7658952.5
2019-05-08;34.86;35.0;34.69;35.0;5999481.1
2019-05-09;34.72;34.78;34.345;34.42;7578287.4
2019-05-10;34.695;34.76;34.405;34.56;3600296.3
2019-05-13;34.55;34.55;34.03;34.13;7505383.8
2019-05-14;34.3;34.5;34.245;34.5;4773649.8
2019-05-15;34.56;34.775;34.235;34.765;4007262.0
2019-05-16;34.455;35.06;34.375;35.055;7610222.5
2019-05-17;34.975;35.06;34.735;35.005;2342804.1
2019-05-20;34.935;35.02;34.41;34.44;4462103.5
2019-05-21;34.615;34.74;34.535;34.64;4084219.6
2019-05-22;34.615;34.75;34.42;34.695;2783818.1
2019-05-23;34.435;34.435;34.08;34.13;5230950.2
2019-05-24;34.3;34.5;34.27;34.33;2798275.3
2019-05-27;34.58;34.67;34.455;34.52;2246618.7
2019-05-28;34.585;34.585;34.25;34.375;5330434.9
2019-05-29;34.07;34.07;33.775;33.865;5321909.8
2019-05-30;34.035;34.145;33.99;34.08;8327922.9
2019-05-31;33.635;33.73;33.475;33.73;18477980.4
2019-06-03;33.49;33.88;33.385;33.87;17987307.1
2019-06-04;33.69;34.305;33.69;34.3;10919333.5
2019-06-05;34.255;34.505;34.195;34.355;9981356.1
2019-06-06;34.4;34.705;34.225;34.31;15581591.2
2019-06-07;34.565;34.875;34.56;34.765;10192344.1
2019-06-10;34.845;34.89;34.77;34.85;4251634.1
2019-06-11;34.9;35.165;34.9;35.045;9056254.7
2019-06-12;34.835;34.89;34.735;34.87;2177640.5
2019-06-13;34.735;34.975;34.735;34.895;1217870.3
2019-06-14;34.745;34.82;34.605;34.76;1455062.0
2019-06-17;34.795;34.92;34.725;34.89;4509531.0
2019-06-18;34.8;35.61;34.685;35.57;18509821.8
2019-06-19;35.555;35.6;35.465;35.545;17531934.3
2019-06-20;35.84;35.915;35.72;35.72;19052052.5
2019-06-21;35.765;36.0;35.63;35.64;5519777.5
2019-06-24;35.685;35.735;35.54;35.545;1847305.3
2019-06-25;35.425;35.55;35.42;35.49;3761264.1
2019-06-26;35.38;35.615;35.36;35.425;1803787.7
2019-06-27;35.52;35.565;35.26;35.455;3012370.2
2019-06-28;35.505;35.775;35.465;35.74;5249003.3
2019-07-01;36.185;36.23;35.995;35.995;10380118.9
2019-07-02;36.04;36.145;35.955;36.145;5402858.7
2019-07-03;36.18;36.475;36.18;36.47;12048927.2
2019-07-04;36.525;36.56;36.45;36.515;3552004.0
2019-07-05;36.51;36.51;36.235;36.335;4401042.8
2019-07-08;36.275;36.385;36.23;36.325;4733743.3
2019-07-09;36.215;36.215;36.0;36.17;2091565.9
2019-07-10;36.075;36.31;36.06;36.08;4284848.6
2019-07-11;36.19;36.225;36.01;36.045;1623795.4
2019-07-12;36.075;36.135;35.99;36.03;4848985.4
2019-07-15;36.11;36.24;35.9;36.145;12110437.4
2019-07-16;36.085;36.35;36.05;36.255;4141075.4
2019-07-17;36.3;36.355;36.03;36.075;9680130.7
2019-07-18;35.755;36.03;35.75;35.885;3299993.4
2019-07-19;36.09;36.19;35.755;35.775;1819429.0
2019-07-22;35.84;36.025;35.835;35.945;2191447.4
2019-07-23;36.17;36.52;36.12;36.44;7146464.9
2019-07-24;36.415;36.45;36.275;36.405;9442211.8
2019-07-25;36.6;36.795;36.0;36.16;7692089.2
2019-07-26;36.135;36.34;36.115;36.34;3947176.0
2019-07-29;36.23;36.43;36.23;36.315;2874252.0
2019-07-30;36.255;36.28;35.585;35.695;3724492.3
2019-07-31;35.66;35.815;35.64;35.745;3984762.2
2019-08-01;35.59;35.955;35.565;35.84;4156122.3
2019-08-02;35.2;35.27;34.71;34.835;7627747.4
2019-08-05;34.485;34.54;34.045;34.145;15049063.5
2019-08-06;34.185;34.375;33.955;33.99;8233130.6
2019-08-07;34.03;34.405;33.82;34.065;9056615.7
2019-08-08;34.41;34.67;34.365;34.67;2357181.1
2019-08-09;34.605;34.685;34.33;34.375;3879589.5
2019-08-12;34.71;34.73;34.225;34.285;2928783.6
2019-08-13;34.16;34.85;33.995;34.655;8277779.6
2019-08-14;34.58;34.58;33.8;33.87;3188858.2
2019-08-16;33.375;33.7;33.36;33.7;3976401.2
2019-08-19;34.0;34.17;33.885;34.11;2731865.9
2019-08-20;34.17;34.2;33.835;33.915;1842415.6
2019-08-21;34.07;34.405;34.07;34.32;1778366.3
2019-08-22;34.25;34.455;34.075;34.095;4719308.9
2019-08-23;34.34;34.345;33.82;33.85;4310019.2
2019-08-26;33.685;34.0;33.6;33.83;4906315.0
2019-08-27;33.84;34.185;33.76;34.0;4086668.4
2019-08-28;33.955;34.05;33.76;34.05;2125385.8
2019-08-29;33.995;34.56;33.995;34.53;1293665.8
2019-08-30;34.595;34.86;34.595;34.645;8754138.6
2019-09-02;34.75;34.85;34.715;34.745;2088131.5
2019-09-03;34.7;34.725;34.495;34.6;4572140.6
2019-09-04;34.88;35.035;34.88;34.915;4073599.0
2019-09-05;35.195;35.3;35.14;35.225;2324785.3
2019-09-06;35.33;35.385;35.26;35.37;20115948.8
2019-09-09;35.45;35.485;35.32;35.395;32335320.0
2019-09-10;35.375;35.455;35.25;35.455;3120326.7
2019-09-11;35.575;35.665;35.52;35.59;4571100.9
2019-09-12;35.71;36.0;35.59;35.86;8431754.7
2019-09-13;35.82;36.02;35.81;36.005;1160934.4
2019-09-16;35.77;35.82;35.645;35.645;3583471.2
2019-09-17;35.65;35.715;35.53;35.655;8194800.5
2019-09-18;35.65;35.81;35.65;35.78;871696.2
2019-09-19;35.83;36.02;35.83;36.02;6639987.3
2019-09-20;36.025;36.21;35.915;36.165;4872454.7
2019-09-23;36.07;36.11;35.695;35.84;3442406.9
2019-09-24;35.89;35.935;35.8;35.815;2495320.2
2019-09-25;35.595;35.605;35.245;35.52;3594967.3
2019-09-26;35.505;35.82;35.505;35.82;5166054.6
2019-09-27;35.92;35.955;35.835;35.88;1109835.4
2019-09-30;35.845;36.16;35.845;36.14;2590150.7
2019-10-01;36.295;36.34;35.685;35.73;2763938.5
2019-10-02;35.595;35.615;34.605;34.605;5978545.4
2019-10-03;34.64;34.795;34.34;34.695;11466631.4
2019-10-04;34.73;34.905;34.56;34.89;5863155.8
2019-10-07;34.875;35.165;34.82;35.165;1972770.6
2019-10-08;35.215;35.235;34.7;34.87;9495132.4
2019-10-09;34.835;35.175;34.835;35.07;7275335.9
2019-10-10;35.055;35.48;34.93;35.425;7445587.3
2019-10-11;35.53;36.16;35.53;36.14;6877056.4
2019-10-14;36.02;36.075;35.795;36.025;2513775.7
2019-10-15;36.34;36.585;36.19;36.515;3746969.8
2019-10-16;36.53;36.575;36.385;36.53;5236698.1
2019-10-17;36.47;36.79;36.445;36.485;10110593.4
2019-10-18;36.3;36.46;36.205;36.29;2674671.8
2019-10-21;36.35;36.575;36.32;36.535;2583272.3
2019-10-22;36.51;36.575;36.36;36.525;3198581.0
2019-10-23;36.365;36.54;36.36;36.535;3916957.4
2019-10-24;36.65;36.76;36.575;36.685;1783736.8
2019-10-25;36.72;36.725;36.535;36.725;4197780.6
2019-10-28;36.72;36.88;36.65;36.8;6182780.3
2019-10-29;36.75;36.755;36.645;36.7;6410829.8
2019-10-30;36.735;36.765;36.45;36.73;6788487.5
2019-10-31;36.75;36.815;36.45;36.6;5660725.8
2019-11-01;36.685;36.845;36.61;36.755;2324291.8
2019-11-04;36.925;37.245;36.905;37.17;4939207.4
2019-11-05;37.18;37.34;37.16;37.29;22499216.6
2019-11-06;37.32;37.48;37.255;37.405;3826727.6
2019-11-07;37.58;37.625;37.505;37.56;4511881.2
2019-11-08;37.485;37.605;37.44;37.49;13290535.2
2019-11-11;37.455;37.565;37.375;37.525;3522565.4
2019-11-12;37.59;37.72;37.54;37.72;2821562.1
2019-11-13;37.61;37.625;37.35;37.515;2946421.7
2019-11-14;37.435;37.46;37.305;37.365;11031111.9
2019-11-15;37.525;37.57;37.335;37.515;23139413.4
2019-11-18;37.55;37.6;37.305;37.43;1674094.0
2019-11-19;37.545;37.785;37.35;37.395;4045018.5
2019-11-20;37.185;37.325;37.08;37.305;5856684.6
2019-11-21;37.035;37.315;36.99;37.29;4121716.0
2019-11-22;37.335;37.54;37.29;37.36;3597658.9
2019-11-25;37.535;37.55;37.445;37.52;6698728.2
2019-11-26;37.47;37.54;37.4;37.52;5448068.4
2019-11-27;37.605;37.66;37.505;37.545;2093680.0
2019-11-28;37.455;37.5;37.43;37.47;1903583.3
2019-11-29;37.375;37.65;37.345;37.495;1979633.3
2019-12-02;37.555;37.74;36.68;36.74;2071133.1
2019-12-03;36.835;36.925;36.375;36.56;1517506.6
2019-12-04;36.625;37.105;36.625;37.025;3398346.0
2019-12-05;37.13;37.265;36.985;36.985;1830921.1
2019-12-06;37.025;37.38;37.02;37.38;2690852.9
2019-12-09;37.37;37.37;37.165;37.175;3386904.6
2019-12-10;37.02;37.17;36.7;37.135;6395938.5
2019-12-11;37.2;37.37;37.08;37.37;1819879.4
2019-12-12;37.42;37.705;37.215;37.575;8953008.8
2019-12-13;38.025;38.12;37.74;37.81;6254798.5
2019-12-16;37.975;38.25;37.975;38.19;3349546.7
2019-12-17;38.1;38.1;37.915;37.935;1943502.5
2019-12-18;37.92;38.035;37.88;37.895;4877244.6
2019-12-19;37.915;37.94;37.72;37.89;8760214.23
2019-12-20;37.875;38.27;37.875;38.265;8799049.975
2019-12-23;38.285;38.345;38.195;38.275;3640184.44
2019-12-27;38.325;38.49;38.29;38.34;1738081.705
2019-12-30;38.32;38.32;37.88;37.88;3533224.52
2020-01-02;38.14;38.53;38.14;38.455;6782121.22
2020-01-03;38.23;38.25;37.985;38.185;5078527.155
2020-01-06;37.95;38.09;37.6;38.03;6907954.46
2020-01-07;38.185;38.335;37.99;38.11;6008058.575
2020-01-08;37.935;38.255;37.85;38.21;6970867.97
2020-01-09;38.52;38.605;38.45;38.5;6659703.835
2020-01-10;38.535;38.59;38.435;38.45;1073521.235
2020-01-13;38.485;38.53;38.245;38.34;1570919.64
2020-01-14;38.275;38.35;37.98;38.29;4446005.86
2020-01-15;38.33;38.33;38.12;38.17;945676.515
2020-01-16;38.315;38.41;38.15;38.3;5513468.09
2020-01-17;38.48;38.66;38.48;38.575;1172144.58
2020-01-20;38.595;38.61;38.5;38.57;2653101.31
2020-01-21;38.295;38.435;38.205;38.415;4133032.68
2020-01-22;38.51;38.55;38.225;38.23;1646748.61
2020-01-23;38.13;38.255;37.91;37.935;2917034.285
2020-01-24;38.265;38.48;38.265;38.295;3525087.49
2020-01-27;37.83;37.875;37.3;37.345;4723282.16
2020-01-28;37.46;37.75;37.235;37.725;2709803.08
2020-01-29;37.715;37.94;37.695;37.925;1815150.925
2020-01-30;37.43;37.63;37.325;37.415;11861844.095
2020-01-31;37.505;37.525;36.93;36.96;5867040.865
2020-02-03;37.065;37.255;36.945;37.115;2256866.79
2020-02-04;37.4;37.86;37.4;37.86;2172622.65
2020-02-05;37.735;38.375;37.71;38.315;15097197.35
2020-02-06;38.605;38.67;38.495;38.61;18339904.645
2020-02-07;38.535;38.635;38.415;38.565;1121296.305
2020-02-10;38.485;38.5;38.365;38.495;2783991.805
2020-02-11;38.76;38.885;38.675;38.86;7090956.765
2020-02-12;38.95;39.115;38.91;39.11;2164789.5
2020-02-13;38.855;38.955;38.475;38.955;2359812.105
2020-02-14;38.925;38.985;38.855;38.895;1619494.02
2020-02-17;38.94;39.01;38.885;38.995;1678272.16
2020-02-18;38.76;38.955;38.755;38.835;4030854.75
2020-02-19;39.01;39.125;38.935;39.125;2215426.8
2020-02-20;39.05;39.07;38.725;38.725;1467059.395
2020-02-21;38.505;38.75;38.285;38.495;6480021.77
2020-02-24;37.5;37.52;36.79;36.915;22790090.895
2020-02-25;37.105;37.16;36.12;36.13;6017741.985
2020-02-26;35.92;36.38;35.14;36.21;18873128.38
2020-02-27;35.51;35.7;34.56;35.015;8011415.28
2020-02-28;33.8;34.115;33.26;33.715;22741509.53
2020-03-02;34.315;34.52;33.0;33.825;26494854.03
2020-03-03;34.285;34.9;33.96;34.195;15788730.05
2020-03-04;34.065;34.81;33.955;34.67;5714602.345
2020-03-05;34.795;34.795;33.85;34.06;4725149.97
2020-03-06;33.41;33.51;32.6;32.76;3777929.56
2020-03-09;30.7;30.715;29.795;30.02;4601274.44
2020-03-10;30.4;31.3;29.375;29.445;13249197.69
2020-03-11;29.98;30.35;29.36;29.435;28828457.365
2020-03-12;27.815;27.95;25.7;25.86;12357830.01
2020-03-13;27.05;28.315;25.65;26.285;15272382.5
2020-03-16;24.915;25.49;23.315;24.88;13705921.345
2020-03-17;25.965;26.1;24.4;25.59;8957204.405
2020-03-18;24.705;24.935;23.97;24.065;4739507.96
2020-03-19;24.56;24.95;23.8;24.94;8286401.25
2020-03-20;26.29;26.555;25.57;25.755;12907026.44
2020-03-23;24.71;26.37;24.6;25.26;21171876.32
2020-03-24;26.415;27.61;26.11;27.61;12225219.48
2020-03-25;28.1;28.68;27.075;28.38;15262778.11
2020-03-26;27.765;28.67;27.5;28.63;10097595.025
2020-03-27;28.23;28.38;27.34;27.59;14743376.875
2020-03-30;27.875;28.005;26.965;28.005;6834924.73
2020-03-31;28.4;28.68;27.7;28.1;15499927.49
2020-04-01;27.395;27.525;27.1;27.1;9133232.625
2020-04-02;27.405;27.52;26.65;27.195;8211223.7
2020-04-03;27.18;27.295;26.965;27.0;7010098.1
2020-04-06;28.0;28.45;27.86;28.43;10397429.0
2020-04-07;29.295;29.605;28.67;29.045;12298512.97
2020-04-08;28.69;28.88;28.385;28.85;22780013.785
2020-04-09;29.305;29.67;28.8;29.335;20787976.925
2020-04-14;29.66;30.0;29.5;29.65;6073740.825
2020-04-15;29.55;29.55;28.4;28.455;6855224.255
2020-04-16;28.79;28.93;28.34;28.515;11447035.84
2020-04-17;29.335;29.71;29.17;29.22;8639845.62
2020-04-20;29.435;29.465;28.84;29.45;3702841.095
2020-04-21;29.17;29.17;28.325;28.325;10916199.325
2020-04-22;28.545;28.795;28.505;28.795;4784371.845
2020-04-23;28.89;29.29;28.585;28.98;10137507.85
2020-04-24;28.47;28.92;28.45;28.555;4176162.115
2020-04-27;29.12;29.25;28.975;29.23;5063007.98
2020-04-28;29.3;29.985;29.3;29.755;5947662.81
2020-04-29;29.85;30.515;29.72;30.495;5369172.235
2020-04-30;30.64;30.76;29.69;29.745;11904164.35
2020-05-04;28.85;28.925;28.555;28.68;11236110.285
2020-05-05;29.16;29.37;28.87;29.35;9217273.16
2020-05-06;29.28;29.345;28.985;28.995;4368414.125
2020-05-07;29.09;29.455;29.09;29.405;4240473.205
2020-05-08;29.675;29.75;29.5;29.725;4396478.175
2020-05-11;29.85;29.93;29.255;29.48;4274611.11
2020-05-12;29.42;29.59;29.375;29.515;3692928.08
2020-05-13;29.08;29.16;28.685;28.7;8176696.665
2020-05-14;28.265;28.345;27.55;27.99;8991222.885
2020-05-15;28.49;28.49;28.055;28.165;7258441.725
2020-05-18;28.77;29.735;28.73;29.7;9278881.785
2020-05-19;29.935;29.935;29.29;29.59;11214984.62
2020-05-20;29.495;30.0;29.3;29.96;2932374.025
2020-05-21;29.625;29.94;29.535;29.59;4669256.56
2020-05-22;29.165;29.78;29.12;29.6;4885984.195
2020-05-25;29.85;30.26;29.7;30.26;3071547.985
2020-05-26;30.565;30.665;30.36;30.645;7539233.675
2020-05-27;30.655;31.23;30.585;31.05;13555804.825
2020-05-28;31.245;31.61;31.135;31.54;6121209.19
2020-05-29;31.205;31.545;31.08;31.125;8777181.415
2020-06-01;31.67;31.68;31.285;31.63;5425823.035
2020-06-02;31.77;32.265;31.7;32.175;3523140.625
2020-06-03;32.51;33.375;32.505;33.3;8366462.785
2020-06-04;33.155;33.55;32.945;33.195;11462110.365
2020-06-05;33.66;34.5;33.66;34.5;10776500.985
2020-06-08;34.08;34.585;34.065;34.355;6325436.64
2020-06-09;34.415;34.42;33.585;33.905;7227628.555
2020-06-10;34.11;34.185;33.53;33.675;5224026.245
2020-06-11;32.775;32.93;32.15;32.15;7134784.83
2020-06-12;31.745;32.7;31.745;31.93;7285539.805
2020-06-15;31.28;32.14;31.145;32.045;10821830.87
2020-06-16;32.665;33.38;32.515;33.09;10164678.245
2020-06-17;33.115;33.46;33.01;33.28;8034320.745
2020-06-18;33.16;33.53;32.875;33.16;10330913.255
2020-06-19;33.37;33.68;33.33;33.41;4488042.655
2020-06-22;32.945;33.46;32.885;33.08;4209728.63
2020-06-23;33.315;33.89;33.295;33.755;10062525.505
2020-06-24;33.56;33.58;32.7;32.7;4444878.09
2020-06-25;32.54;33.02;32.2;32.875;6017202.12
2020-06-26;33.215;33.41;32.73;32.745;2469903.65
2020-06-29;32.7;33.235;32.585;33.055;4155123.845
2020-06-30;33.06;33.17;32.85;33.105;3275143.24
2020-07-01;32.88;33.32;32.53;33.025;3376416.235
2020-07-02;33.385;34.11;33.355;33.96;9266121.025
2020-07-03;34.0;34.02;33.595;33.595;4005726.315
2020-07-06;34.39;34.54;34.115;34.335;10138317.45
2020-07-07;34.085;34.085;33.825;34.07;6933029.495
2020-07-08;33.83;34.025;33.585;33.71;6662258.17
2020-07-09;33.895;33.975;33.355;33.445;4175689.5
2020-07-10;33.23;33.83;33.23;33.775;2991314.115
2020-07-13;34.205;34.35;33.93;34.35;2963003.925
2020-07-14;33.905;34.015;33.65;34.0;1934957.955
2020-07-15;34.355;34.865;34.285;34.725;6724145.975
2020-07-16;34.385;34.6;34.255;34.54;2474210.86
2020-07-17;34.55;34.585;34.395;34.51;3388179.375
2020-07-20;34.38;34.82;34.2;34.785;6678364.325
2020-07-21;35.04;35.4;34.885;34.935;4215196.185
2020-07-22;34.79;34.89;34.47;34.56;11980749.475
2020-07-23;34.775;34.88;34.51;34.595;11224828.685
2020-07-24;34.075;34.16;33.8;33.925;8300148.225
2020-07-27;33.93;34.025;33.775;33.87;3006665.9
2020-07-28;33.9;34.005;33.67;33.89;3111402.935
2020-07-29;33.91;34.0;33.81;33.885;2093538.325
2020-07-30;33.805;33.805;32.565;32.8;20036191.74
2020-07-31;33.005;33.3;32.58;32.58;5687841.645
2020-08-03;32.69;33.49;32.58;33.39;8760484.55
2020-08-04;33.585;33.59;33.14;33.37;14459277.44
2020-08-05;33.635;33.78;33.47;33.495;6334712.685
2020-08-06;33.465;33.7;33.1;33.265;2790556.575
2020-08-07;33.285;33.375;33.04;33.36;3643677.865
2020-08-10;33.565;33.585;33.265;33.38;2460395.71
2020-08-11;33.785;34.365;33.77;34.19;5292941.275
2020-08-12;34.085;34.63;34.085;34.55;3015259.905
2020-08-13;34.025;34.125;33.795;33.93;4988681.67
2020-08-14;33.695;33.695;33.195;33.495;3678444.42
2020-08-17;33.545;33.56;33.29;33.535;2434693.595
2020-08-18;33.27;33.775;33.2;33.24;6223009.105
2020-08-19;33.24;33.6;33.195;33.6;7148337.19
2020-08-20;33.135;33.335;33.01;33.2;7716485.305
2020-08-21;33.25;33.36;32.66;33.005;5798485.345
2020-08-24;33.475;33.82;33.45;33.775;2556864.665
2020-08-25;34.035;34.175;33.79;33.81;2043186.185
2020-08-26;33.62;33.97;33.62;33.97;5294570.28
2020-08-27;33.97;34.0;33.71;33.715;9790096.755
2020-08-28;33.77;33.8;33.425;33.615;2627993.825
2020-08-31;33.87;33.91;33.105;33.105;3372566.685
2020-09-01;33.315;33.55;32.895;33.175;3201079.89
2020-09-02;33.405;34.04;33.405;33.735;4375573.89
2020-09-03;34.21;34.405;33.285;33.39;7979577.51
2020-09-04;33.18;33.715;32.845;32.935;7756641.24
2020-09-07;33.27;33.65;33.21;33.57;4159922.125
2020-09-08;33.625;33.665;32.86;33.12;4283992.035
2020-09-09;33.2;33.77;33.2;33.77;5645081.85
2020-09-10;33.77;33.83;33.5;33.605;6576232.47
2020-09-11;33.505;33.7;33.395;33.605;3671532.225
2020-09-14;33.885;33.9;33.55;33.63;4230869.785
2020-09-15;33.67;33.905;33.55;33.845;2328448.105
2020-09-16;33.86;33.935;33.59;33.815;1059317.555
2020-09-17;33.35;33.705;33.34;33.675;19926043.73
2020-09-18;33.615;33.74;33.32;33.395;6793190.8
2020-09-21;32.99;33.01;31.99;32.09;17511640.43
2020-09-22;32.275;32.405;32.075;32.075;4672109.21
2020-09-23;32.39;32.68;32.28;32.28;3783511.55
2020-09-24;31.91;32.25;31.885;32.045;9533808.12
2020-09-25;31.985;32.045;31.445;31.73;3735548.81
2020-09-28;32.35;32.735;32.28;32.71;4256570.565
2020-09-29;32.575;32.735;32.455;32.615;2477742.525
2020-09-30;32.55;32.73;32.275;32.445;3185858.125
2020-10-01;32.635;32.71;32.305;32.385;5068048.055
2020-10-02;32.005;32.35;32.0;32.35;2040785.34
2020-10-05;32.695;32.74;32.49;32.72;3963121.38
2020-10-06;32.75;32.98;32.52;32.825;3558291.77
2020-10-07;32.835;32.91;32.68;32.815;2506271.51
2020-10-08;33.03;33.165;32.845;33.13;7663061.065
2020-10-09;33.17;33.265;33.045;33.24;1763024.01
2020-10-12;33.32;33.53;33.24;33.5;2700378.975
2020-10-13;33.43;33.47;33.145;33.245;12183551.715
2020-10-14;33.225;33.35;33.165;33.245;872902.075
2020-10-15;32.735;32.735;32.25;32.415;6147973.25
2020-10-16;32.685;33.04;32.54;32.99;2146809.555
2020-10-19;33.25;33.305;32.815;32.965;2185362.095
2020-10-20;32.75;32.975;32.73;32.76;1843020.45
2020-10-21;32.65;32.68;32.235;32.24;23386520.04
2020-10-22;31.935;32.3;31.8;32.15;4467162.4
2020-10-23;32.135;32.625;32.135;32.365;5851297.395
2020-10-26;31.745;32.03;31.485;31.49;2506079.245
2020-10-27;31.485;31.505;31.1;31.14;5329608.63
2020-10-28;30.625;30.625;29.755;29.955;8293635.145
2020-10-29;30.25;30.25;29.635;29.97;30281854.235
2020-10-30;29.785;30.15;29.715;30.085;5136783.05
2020-11-02;30.095;30.725;29.98;30.59;7439561.77
2020-11-03;30.9;31.495;30.85;31.485;2895194.96
2020-11-04;31.02;32.11;30.98;32.11;11158333.31
2020-11-05;32.39;32.68;32.31;32.625;5789760.75
2020-11-06;32.555;32.73;32.16;32.515;4342009.185
2020-11-09;32.995;34.93;32.95;34.6;18179647.8
2020-11-10;34.67;35.11;34.485;35.075;11135856.545
2020-11-11;35.105;35.28;34.905;35.25;14727706.24
2020-11-12;34.885;35.0;34.67;34.71;1484429.675
2020-11-13;34.685;35.0;34.61;34.855;3369586.35
2020-11-16;35.035;35.395;34.975;35.125;8836428.405
2020-11-17;35.07;35.165;34.88;35.14;4310390.745
2020-11-18;35.0;35.315;34.98;35.275;4237006.075
2020-11-19;35.02;35.06;34.865;34.935;7670037.075
2020-11-20;34.96;35.235;34.96;35.105;4983335.695
2020-11-23;35.315;35.475;35.135;35.175;3890125.085
2020-11-24;35.43;35.55;35.36;35.515;1823560.685
2020-11-25;35.62;35.64;35.4;35.58;3103434.31
2020-11-26;35.585;35.675;35.54;35.585;13958503.005
2020-11-27;35.55;35.84;35.55;35.84;1420866.39
2020-11-30;35.54;35.835;35.365;35.365;7055440.5
2020-12-01;35.57;35.785;35.48;35.765;2739501.525
2020-12-02;35.57;35.7;35.48;35.655;3053883.125
2020-12-03;35.67;35.68;35.48;35.65;2588300.215
2020-12-04;35.675;35.875;35.65;35.795;3137537.24
2020-12-07;35.745;35.745;35.48;35.735;3884367.475
2020-12-08;35.715;35.77;35.54;35.77;315009.93
2020-12-09;35.85;36.05;35.77;35.82;2303714.01
2020-12-10;35.81;35.885;35.465;35.74;2829578.535
2020-12-11;35.575;35.58;35.1;35.35;3372291.845
2020-12-14;35.65;35.79;35.57;35.58;20005664.25
2020-12-15;35.525;35.76;35.525;35.725;2324438.52
2020-12-16;35.93;36.085;35.75;35.865;2977358.295
2020-12-17;36.185;36.2;36.06;36.14;3379622.05
2020-12-18;35.99;36.33;35.89;35.92;12223071.05
2020-12-21;35.11;35.25;34.455;35.0;8783682.76
2020-12-22;35.155;35.455;35.155;35.455;849983.33
2020-12-23;35.545;35.92;35.545;35.915;2472182.32
2020-12-28;36.16;36.32;36.09;36.26;2649913.6
2020-12-29;36.42;36.51;36.26;36.285;1151001.415
2020-12-30;36.27;36.35;36.14;36.15;1642857.795
2021-01-04;36.51;36.615;36.14;36.14;3657243.835
2021-01-05;36.07;36.225;35.76;35.915;3472422.21
2021-01-06;36.215;36.725;35.98;36.725;5132530.52
2021-01-07;36.77;36.865;36.58;36.74;2112935.835
2021-01-08;37.05;37.05;36.82;36.86;4198563.635
2021-01-11;36.815;36.92;36.475;36.715;4765616.8
2021-01-12;36.81;36.81;36.575;36.575;2451581.92
2021-01-13;36.605;36.735;36.5;36.705;3663799.315
2021-01-14;36.775;36.99;36.74;36.94;7018518.68
2021-01-15;36.75;36.82;36.265;36.43;5261579.105
2021-01-18;36.365;36.53;36.355;36.52;7104124.575
2021-01-19;36.72;36.72;36.47;36.495;3185385.125
2021-01-20;36.63;36.825;36.58;36.76;6411194.98
2021-01-21;37.0;37.015;36.705;36.81;1445373.91
2021-01-22;36.57;36.59;36.255;36.505;3504414.22
2021-01-25;36.71;36.71;35.95;36.025;5123941.255
2021-01-26;36.09;36.605;36.07;36.515;4495614.385
2021-01-27;36.24;36.41;35.545;35.94;2788295.335
2021-01-28;35.53;36.19;35.245;36.08;8179299.105
2021-01-29;35.615;35.83;35.335;35.335;5931505.19
2021-02-01;35.67;35.94;35.65;35.87;3353241.44
2021-02-02;36.15;36.45;36.15;36.41;2455521.415
2021-02-03;36.805;36.805;36.535;36.59;4439252.905
2021-02-04;36.695;37.0;36.68;36.945;5280420.97
2021-02-05;37.065;37.245;37.02;37.095;3299532.035
2021-02-08;37.33;37.38;37.2;37.32;2868852.18
2021-02-09;37.215;37.245;37.09;37.185;2753659.6
2021-02-10;37.275;37.285;36.91;37.04;985310.195
2021-02-11;37.0;37.2;36.975;37.17;3543928.35
2021-02-12;37.12;37.45;37.01;37.445;1778694.61
2021-02-15;37.645;37.915;37.6;37.88;2788014.51
2021-02-16;37.885;37.885;37.695;37.74;3619263.655
2021-02-17;37.595;37.755;37.495;37.52;4093921.4
2021-02-18;37.525;37.54;37.215;37.295;1691496.105
2021-02-19;37.38;37.65;37.38;37.65;612278.84
2021-02-22;37.295;37.565;37.095;37.56;5882593.59
2021-02-23;37.55;37.55;36.93;37.4;3586030.55
2021-02-24;37.375;37.61;37.335;37.565;4696665.615
2021-02-25;37.745;37.75;37.465;37.465;4736756.21
2021-02-26;36.745;37.26;36.72;36.79;3249624.025
2021-03-01;37.395;37.605;37.215;37.585;1948872.945
2021-03-02;37.475;37.765;37.425;37.625;2668476.655
2021-03-03;37.805;37.93;37.38;37.585;2448160.855
2021-03-04;37.495;37.655;37.32;37.51;882935.695
2021-03-05;37.275;37.615;37.11;37.27;2845026.96
2021-03-08;37.43;38.2;37.375;38.185;3570210.62
2021-03-09;38.15;38.45;38.09;38.45;8733741.8
2021-03-10;38.345;38.775;38.335;38.725;4693974.61
2021-03-11;38.875;39.0;38.82;39.0;2628189.36
2021-03-12;38.765;38.875;38.72;38.875;3895370.625
2021-03-15;38.965;39.095;38.755;38.8;2507760.585
2021-03-16;39.0;39.11;38.935;39.08;1588922.445
2021-03-17;39.07;39.09;38.955;39.09;861435.71
2021-03-18;39.235;39.315;39.1;39.27;2367035.53
2021-03-19;38.97;39.115;38.77;39.005;3987730.795
2021-03-22;38.7;38.955;38.7;38.89;4663933.21
2021-03-23;38.73;38.965;38.585;38.895;5268729.74
2021-03-24;38.64;38.89;38.64;38.89;4099548.795
2021-03-25;38.755;38.88;38.46;38.85;2917051.775
2021-03-26;39.175;39.305;39.045;39.285;7053414.305
2021-03-29;39.385;39.5;39.24;39.41;2206940.425
2021-03-30;39.615;39.9;39.59;39.875;2920397.435
2021-03-31;39.825;39.845;39.745;39.785;3810140.035
2021-04-01;39.94;40.1;39.85;40.06;5596410.565
2021-04-06;40.335;40.5;40.28;40.325;3321035.61
2021-04-07;40.26;40.35;40.15;40.205;6009108.245
2021-04-08;40.35;40.4;40.255;40.37;4976312.965
2021-04-09;40.37;40.5;40.34;40.41;1543756.045
2021-04-12;40.36;40.41;40.275;40.285;2255113.25
2021-04-13;40.325;40.415;40.145;40.315;1672738.0
2021-04-14;40.345;40.41;40.32;40.37;2467076.96
2021-04-15;40.465;40.605;40.41;40.58;4032174.39
2021-04-16;40.695;41.005;40.64;40.97;2805097.185
2021-04-19;41.0;41.05;40.825;40.855;5896220.27
2021-04-20;40.82;40.82;40.05;40.05;2172770.445
2021-04-21;40.335;40.525;40.18;40.425;4083262.46
2021-04-22;40.59;40.855;40.59;40.84;4568830.125
2021-04-23;40.77;40.82;40.485;40.78;2407150.38
2021-04-26;40.765;40.935;40.75;40.89;1027228.65
2021-04-27;40.87;40.87;40.715;40.745;3544556.845
2021-04-28;40.855;40.985;40.765;40.88;2375332.32
2021-04-29;40.95;41.04;40.585;40.7;11357298.445
2021-04-30;40.8;40.81;40.54;40.54;1107022.455
2021-05-03;40.6;40.875;40.455;40.73;4617029.085
2021-05-04;40.865;40.98;39.985;40.015;3951459.02
2021-05-05;40.4;40.84;40.4;40.84;2066150.425
2021-05-06;41.04;41.175;40.74;40.92;1736135.255
2021-05-07;41.205;41.29;41.015;41.29;2554328.205
2021-05-10;41.39;41.39;41.175;41.295;3016732.85
2021-05-11;40.805;40.805;40.205;40.375;3494753.93
2021-05-12;40.495;40.67;40.275;40.53;2856186.395
2021-05-13;39.745;40.405;39.325;40.31;4704494.175
2021-05-14;40.575;40.91;40.4;40.91;1623746.66
2021-05-17;41.02;41.125;40.75;40.89;1882928.865
2021-05-18;41.195;41.24;40.81;40.96;3141637.31
2021-05-19;40.395;40.51;39.745;40.155;9060548.04
2021-05-20;40.405;40.745;40.165;40.745;1988960.73
2021-05-21;40.91;41.125;40.82;41.065;2781289.345
2021-05-24;41.18;41.34;41.12;41.34;3729710.855
2021-05-25;41.395;41.455;41.28;41.28;3418263.31
2021-05-26;41.385;41.385;41.11;41.2;2350308.635
2021-05-27;41.115;41.425;41.055;41.28;1229926.835
2021-05-28;41.39;41.645;41.39;41.57;4813548.58
2021-05-31;41.565;41.595;41.35;41.36;1441374.95
2021-06-01;41.525;41.905;41.495;41.61;3812707.515
2021-06-02;41.725;41.755;41.555;41.755;1006332.315
2021-06-03;41.725;41.75;41.44;41.715;1514057.795
2021-06-04;41.7;41.82;41.59;41.785;2473902.36
2021-06-07;41.715;41.945;41.59;41.885;5967524.395
2021-06-08;41.9;42.05;41.825;41.945;2094103.005
2021-06-09;41.89;41.905;41.7;41.88;2682058.63
2021-06-10;41.915;42.0;41.7;41.87;1612695.565
2021-06-11;41.88;42.18;41.88;42.155;1703315.565
2021-06-14;42.375;42.44;42.19;42.28;963796.16
2021-06-15;42.455;42.485;42.345;42.36;1135660.16
2021-06-16;42.43;42.46;42.3;42.45;751712.205
2021-06-17;42.245;42.575;42.245;42.51;2054347.875
2021-06-18;42.51;42.545;41.685;41.69;3336391.735
2021-06-21;41.5;42.03;41.4;42.0;1921207.05
2021-06-22;42.01;42.16;41.855;42.16;1548171.17
2021-06-23;42.14;42.14;41.715;41.73;2399073.265
2021-06-24;41.87;42.175;41.84;42.155;1960910.35
2021-06-25;42.19;42.19;42.0;42.15;951520.235
2021-06-28;42.05;42.18;41.795;41.81;1927253.395
2021-06-29;41.965;42.155;41.935;42.005;1907649.43
2021-06-30;42.03;42.03;41.43;41.575;2126125.565
2021-07-01;41.94;42.05;41.46;41.685;5477113.685
2021-07-02;41.815;41.93;41.685;41.725;2683394.655
2021-07-05;41.69;41.84;41.5;41.83;1412470.725
2021-07-06;41.655;41.76;41.28;41.31;2393580.82
2021-07-07;41.605;41.725;41.525;41.675;936843.005
2021-07-08;41.325;41.325;40.55;40.825;6240623.01
2021-07-09;41.105;41.56;41.085;41.56;2051016.215
2021-07-12;41.63;41.9;41.4;41.86;2558716.565
2021-07-13;41.855;41.905;41.785;41.805;1863982.04
2021-07-14;41.77;41.95;41.71;41.895;4055838.305
2021-07-15;41.735;41.8;41.4;41.465;2624762.795
2021-07-16;41.49;41.575;41.04;41.225;1651915.09
2021-07-19;40.87;40.87;39.945;40.14;5592122.605
2021-07-20;40.53;40.7;40.13;40.59;18128835.59
2021-07-21;40.785;41.18;40.71;41.175;1527810.365
2021-07-22;41.505;41.68;41.495;41.51;1070581.66
2021-07-23;41.655;42.08;41.655;42.08;1971282.62
2021-07-26;41.855;42.0;41.655;41.955;2155798.515
2021-07-27;41.83;41.9;41.515;41.65;3167622.0
2021-07-28;41.675;41.97;41.65;41.96;2434196.67
2021-07-29;42.09;42.255;42.09;42.145;1210501.295
2021-07-30;41.88;42.1;41.775;41.88;1512888.65
2021-08-02;42.22;42.31;41.95;42.17;1438266.785
2021-08-03;42.06;42.26;42.025;42.145;6363612.975
2021-08-04;42.375;42.455;42.23;42.44;3132882.82
2021-08-05;42.47;42.625;42.47;42.585;3313997.7
2021-08-06;42.6;42.815;42.53;42.76;8579486.045
2021-08-09;42.79;42.845;42.72;42.785;4408234.55
2021-08-10;42.865;42.955;42.815;42.88;1309673.365
2021-08-11;42.98;43.15;42.875;43.08;1626288.985
2021-08-12;42.635;42.91;42.635;42.865;1297779.305
2021-08-13;42.88;42.97;42.815;42.84;1960187.575
2021-08-16;42.59;42.71;42.5;42.57;2610143.77
2021-08-17;42.425;42.54;42.3;42.535;885680.545
2021-08-18;42.53;42.53;42.38;42.45;573939.35
2021-08-19;41.815;41.925;41.41;41.845;3979133.275
2021-08-20;41.835;42.065;41.63;42.01;1084004.21
2021-08-23;42.375;42.375;42.155;42.365;822443.145
2021-08-24;42.47;42.535;42.21;42.345;533052.355
2021-08-25;42.375;42.43;42.345;42.37;191356.445
2021-08-26;42.1;42.245;42.0;42.19;1150208.045
2021-08-27;42.17;42.47;42.17;42.435;1362985.34
2021-08-30;42.5;42.575;42.49;42.55;1019154.155
2021-08-31;42.67;42.775;42.325;42.35;1218464.59
2021-09-01;42.895;43.075;42.7;42.83;1735753.51
2021-09-02;42.82;42.945;42.785;42.885;514234.18
2021-09-03;42.8;42.86;42.475;42.57;1658273.565
2021-09-06;42.765;43.09;42.765;43.025;551935.26
2021-09-07;42.98;42.98;42.76;42.865;1160558.015
2021-09-08;42.425;42.635;42.185;42.345;1063729.74
2021-09-09;41.995;42.485;41.995;42.45;720251.065
2021-09-10;42.47;42.61;42.195;42.195;950288.57
2021-09-13;42.465;42.66;42.445;42.475;747710.775
2021-09-14;42.405;42.56;42.29;42.44;915790.34
2021-09-15;42.475;42.48;42.025;42.1;1344596.275
2021-09-16;42.255;42.45;42.255;42.28;876860.78
2021-09-17;42.675;42.675;41.735;41.885;3871488.17
2021-09-20;41.2;41.21;40.69;41.06;4901071.245
2021-09-21;41.365;41.695;41.34;41.67;9493993.135
2021-09-22;42.15;42.17;41.895;42.17;3717483.845
2021-09-23;42.5;42.735;42.465;42.59;6284107.775
2021-09-24;42.335;42.385;42.175;42.24;20738291.115
2021-09-27;42.61;42.61;42.29;42.345;1079414.75
2021-09-28;42.215;42.235;41.26;41.32;1791079.965
2021-09-29;41.54;41.77;41.425;41.465;2927153.405
2021-09-30;41.755;41.82;41.025;41.025;1474718.11
2021-10-01;40.545;41.21;40.52;40.95;2304256.42
2021-10-04;40.81;41.065;40.635;40.64;3334298.045
2021-10-05;40.77;41.35;40.77;41.325;2208287.245
2021-10-06;40.9;40.925;40.35;40.8;11416749.605
2021-10-07;41.44;41.685;41.325;41.63;3252039.49
2021-10-08;41.68;41.72;41.465;41.5;2243371.37
2021-10-11;41.42;41.42;41.215;41.405;562171.83
2021-10-12;41.095;41.325;41.075;41.27;930407.0
2021-10-13;41.165;41.635;41.165;41.565;1495449.245
2021-10-14;41.845;42.24;41.78;42.225;2517935.475
2021-10-15;42.375;42.58;42.33;42.57;2643100.575
2021-10-18;42.395;42.395;42.09;42.295;1859422.5
2021-10-19;42.255;42.395;42.255;42.385;823815.805
2021-10-20;42.25;42.505;42.25;42.48;471887.095
2021-10-21;42.22;42.41;42.22;42.375;911625.025
2021-10-22;42.51;42.77;42.5;42.64;2305923.6
2021-10-25;42.67;42.74;42.61;42.72;1040536.075
2021-10-26;42.79;43.07;42.735;43.07;751981.605
2021-10-27;43.01;43.015;42.81;42.92;1173847.17
2021-10-28;42.955;43.1;42.92;43.05;1813983.08
2021-10-29;42.815;43.25;42.66;43.25;1205581.81
2021-11-01;43.495;43.7;43.435;43.58;1077426.295
2021-11-02;43.53;43.77;43.53;43.765;2416487.53
2021-11-03;43.77;43.885;43.715;43.885;1371517.115
2021-11-04;44.15;44.165;44.03;44.11;1650023.935
2021-11-05;44.17;44.545;44.165;44.39;1830946.5
2021-11-08;44.405;44.45;44.35;44.35;2148887.9
2021-11-09;44.195;44.445;44.195;44.3;328125.82
2021-11-10;44.335;44.355;44.13;44.275;1832003.655
2021-11-11;44.035;44.255;44.02;44.235;433571.2
2021-11-12;44.35;44.405;44.215;44.405;531519.37
2021-11-15;44.405;44.52;44.385;44.52;1724441.84
2021-11-16;44.595;44.715;44.575;44.71;2567980.555
2021-11-17;44.715;44.76;44.675;44.715;1230756.94
2021-11-18;44.74;44.815;44.455;44.495;814229.705
2021-11-19;44.675;44.675;44.01;44.25;4139154.69
2021-11-22;44.365;44.385;44.055;44.165;6570262.59
2021-11-23;43.725;43.995;43.38;43.555;18290218.77
2021-11-24;43.68;43.715;43.15;43.525;3728749.545
2021-11-25;43.69;43.71;43.5;43.625;1060060.88
2021-11-26;42.045;42.4;41.55;41.6;6440212.035
2021-11-29;42.17;42.245;41.74;41.74;6982467.365
2021-11-30;41.29;41.765;40.94;41.44;12860596.315
2021-12-01;41.73;42.55;41.62;42.46;4271132.32
2021-12-02;41.82;42.1;41.585;41.81;4166356.84
2021-12-03;42.095;42.12;41.26;41.26;3967971.71
2021-12-06;41.8;42.12;41.515;42.12;2366079.055
2021-12-07;42.625;43.45;42.625;43.45;2413396.425
2021-12-08;43.45;43.56;43.085;43.085;1864201.655
2021-12-09;43.085;43.105;42.7;42.755;1007911.885
2021-12-10;42.58;42.885;42.58;42.615;2027006.285
2021-12-13;42.75;43.1;42.475;42.495;1149924.725
2021-12-14;42.75;42.75;42.125;42.135;2447920.935
2021-12-15;42.35;42.4;42.22;42.28;1053929.19
2021-12-16;43.01;43.215;42.75;42.75;2325902.6
2021-12-17;42.525;42.585;42.0;42.355;3615952.11
2021-12-20;41.405;41.865;41.16;41.74;2006895.655
2021-12-21;42.17;42.44;42.0;42.44;2732085.995
2021-12-22;42.53;42.79;42.4;42.79;3005481.95
2021-12-23;43.11;43.415;42.995;43.38;3552610.725
2021-12-27;43.205;43.7;43.195;43.7;1019812.325
2021-12-28;43.635;43.99;43.605;43.89;386065.1
2021-12-29;43.745;43.81;43.53;43.53;601633.505
2021-12-30;43.635;43.85;43.6;43.82;2270617.705
2022-01-03;44.05;44.275;44.045;44.115;1173465.17
2022-01-04;44.275;44.655;44.26;44.45;6453883.33
2022-01-05;44.53;44.72;44.46;44.68;1430227.15
2022-01-06;44.1;44.24;43.86;44.02;2981003.865
2022-01-07;44.035;44.075;43.56;43.78;1627714.28
2022-01-10;43.885;43.89;43.125;43.315;1959054.3
2022-01-11;43.595;43.83;43.465;43.61;368510.485
2022-01-12;43.915;44.065;43.69;43.94;4198810.375
2022-01-13;43.91;44.115;43.78;43.9;1442577.28
2022-01-14;43.51;43.67;43.345;43.48;3110346.185
2022-01-17;43.625;43.875;43.52;43.865;6991448.335
2022-01-18;43.525;43.57;43.145;43.435;4871699.21
2022-01-19;43.15;43.8;43.15;43.4;2164399.0
2022-01-20;43.565;43.79;43.315;43.79;1907945.735
2022-01-21;43.16;43.305;42.715;43.095;5460203.07
2022-01-24;42.79;42.99;41.1;41.43;4351123.65
2022-01-25;41.67;41.9;41.175;41.59;2850477.24
2022-01-26;42.08;42.63;42.04;42.435;1407094.22
2022-01-27;41.78;42.785;41.78;42.52;1936012.03
2022-01-28;42.1;42.175;41.515;42.07;8771504.395
2022-01-31;42.555;42.715;42.065;42.33;1667206.405
2022-02-01;42.885;43.04;42.675;42.88;3437177.53
2022-02-02;43.16;43.32;42.985;42.985;1109947.59
2022-02-03;42.805;42.805;42.19;42.35;2585150.82
2022-02-04;42.365;42.365;41.4;41.57;3599996.91
2022-02-07;41.865;42.025;41.445;41.985;1511690.465
2022-02-08;41.95;42.23;41.79;41.98;3757014.11
2022-02-09;42.44;42.81;42.44;42.77;4322332.385
2022-02-10;43.08;43.095;42.58;42.725;1601288.925
2022-02-11;42.2;42.395;41.99;42.165;4448625.26
2022-02-14;41.205;41.41;40.655;41.17;8883777.58
2022-02-15;41.275;42.07;41.275;41.97;4537437.225
2022-02-16;42.14;42.39;41.835;42.04;1515103.675
2022-02-17;42.21;42.21;41.575;41.725;4986748.415
2022-02-18;41.78;41.91;41.2;41.375;3025924.185
2022-02-21;41.635;41.64;40.255;40.5;4590371.705
2022-02-22;39.72;40.79;39.555;40.405;5799582.61
2022-02-23;40.76;41.185;40.25;40.285;2632088.765
2022-02-24;38.54;39.275;38.255;38.815;24975525.785
2022-02-25;39.4;40.34;38.915;40.29;16781548.94
2022-02-28;39.435;39.98;38.855;39.98;4796836.315
2022-03-01;39.78;39.84;38.235;38.235;7601560.46
2022-03-02;38.04;39.13;37.8;38.95;6592943.355
2022-03-03;39.025;39.04;37.9;38.04;13148247.655
2022-03-04;37.525;37.65;36.155;36.155;18674976.04
2022-03-07;35.135;36.625;34.445;35.7;14502607.47
2022-03-08;35.38;36.71;35.38;35.745;12257943.44
2022-03-09;36.735;38.285;36.69;38.285;12738248.555
2022-03-10;38.065;38.075;36.91;37.23;11125750.565
2022-03-11;37.35;38.79;36.93;37.575;11996638.9
2022-03-14;37.825;38.565;37.795;38.09;7938796.25
2022-03-15;37.52;38.18;37.09;37.96;8479497.395
2022-03-16;39.035;40.0;38.955;39.635;15375931.135
2022-03-17;39.8;39.82;39.125;39.575;6712156.655
2022-03-18;39.51;39.61;39.0;39.605;2160058.065
2022-03-21;39.63;39.77;39.49;39.56;2678954.965
2022-03-22;39.585;40.03;39.585;39.94;3430768.45
2022-03-23;39.94;40.065;39.265;39.32;3662214.87
2022-03-24;39.45;39.625;39.17;39.28;7053820.355
2022-03-25;39.385;39.7;39.22;39.36;2346406.725
2022-03-28;39.605;40.14;39.555;39.555;4244771.91
2022-03-29;39.99;40.935;39.99;40.715;4000647.81
2022-03-30;40.485;40.535;40.11;40.13;2772944.995
2022-03-31;40.43;40.44;39.7;39.74;8116150.13
2022-04-01;39.765;40.025;39.64;39.845;2710465.18
2022-04-04;40.01;40.25;39.635;40.22;1562290.85
2022-04-05;40.195;40.36;39.64;39.75;5031446.51
2022-04-06;39.68;39.8;38.6;38.905;3993544.08
2022-04-07;39.08;39.425;38.64;38.64;3274037.525
2022-04-08;39.265;39.41;38.995;39.29;4246612.215
2022-04-11;38.895;39.41;38.85;39.03;2584535.335
2022-04-12;38.45;39.17;38.33;39.005;3143486.815
2022-04-13;38.85;39.045;38.58;38.89;2613229.015
2022-04-14;39.15;39.26;38.99;39.26;1753629.435
2022-04-19;38.99;39.165;38.68;39.11;765450.785
2022-04-20;39.12;39.805;39.12;39.685;3415381.945
2022-04-21;39.8;40.305;39.79;40.105;2381019.365
2022-04-22;39.545;39.605;39.145;39.145;1066919.585
2022-04-25;38.535;38.79;38.155;38.325;2454992.175
2022-04-26;38.745;38.825;37.965;38.0;4487477.88
2022-04-27;38.01;38.255;37.6;38.13;1818663.31
2022-04-28;38.53;38.915;38.145;38.56;1154785.25
2022-04-29;39.0;39.2;38.755;38.835;3056054.46
2022-05-02;38.465;38.51;38.0;38.15;2813645.38
2022-05-03;38.435;38.73;38.29;38.385;6428657.045
2022-05-04;38.625;38.65;38.305;38.315;1107643.07
2022-05-05;39.165;39.205;37.885;37.885;4147032.255
2022-05-06;37.8;37.81;37.14;37.5;4096828.985
2022-05-09;37.245;37.28;36.395;36.395;2840578.285
2022-05-10;36.745;37.235;36.73;36.765;4176657.995
2022-05-11;37.0;37.635;36.85;37.635;1907344.675
2022-05-12;36.405;37.18;36.215;37.18;1138359.235
2022-05-13;37.285;37.925;37.285;37.8;614494.995
2022-05-16;37.8;38.0;37.58;37.72;525400.025
2022-05-17;38.075;38.51;38.075;38.35;3166724.955
2022-05-18;38.41;38.425;37.825;37.825;1903918.795
2022-05-19;37.415;37.44;36.98;37.125;2330361.34
2022-05-20;37.56;38.125;37.485;37.485;1308880.46
2022-05-23;37.995;38.07;37.685;37.905;1712872.29
2022-05-24;37.745;37.925;37.57;37.635;1239946.14
2022-05-25;37.73;37.97;37.49;37.97;654906.49
2022-05-26;38.015;38.6;37.975;38.6;1039680.16
2022-05-27;38.8;39.21;38.615;39.205;2499310.32
2022-05-30;39.555;39.685;39.455;39.515;1600564.85
2022-05-31;39.375;39.425;38.95;39.065;2614560.685
2022-06-01;39.265;39.265;38.68;38.68;983762.13
2022-06-02;38.88;39.12;38.875;39.12;1381894.67
2022-06-03;39.225;39.25;38.96;38.985;919691.325
2022-06-06;39.34;39.725;39.34;39.725;512834.815
2022-06-07;39.315;39.32;39.0;39.26;705887.07
2022-06-08;39.22;39.22;38.84;38.84;488057.62
2022-06-09;38.75;38.965;38.385;38.385;885200.75
2022-06-10;38.08;38.08;37.095;37.11;3076026.46
2022-06-13;36.565;36.635;36.0;36.22;4588470.705
2022-06-14;36.44;36.44;35.75;35.785;3729593.52
2022-06-15;36.3;36.54;36.0;36.375;4304739.585
2022-06-16;36.245;36.245;35.245;35.455;1723513.205
2022-06-17;35.355;35.835;35.325;35.42;3352634.415
2022-06-20;35.575;35.755;35.41;35.755;3079089.73
2022-06-21;36.0;36.285;35.945;36.04;337966.81
2022-06-22;35.24;35.85;35.22;35.725;489329.295
2022-06-23;35.55;35.745;35.185;35.54;2490675.35
2022-06-24;35.67;36.51;35.635;36.47;1090382.73
2022-06-27;36.735;37.095;36.35;36.585;1399815.655
2022-06-28;36.94;36.94;36.665;36.74;729680.955
2022-06-29;36.235;36.415;36.05;36.225;1610615.425
2022-06-30;35.6;35.645;35.225;35.635;4608012.985
2022-07-01;35.19;35.755;35.19;35.42;511453.38
2022-07-04;35.66;35.815;35.545;35.68;740629.26
2022-07-05;35.79;35.84;34.68;34.68;2602717.03
2022-07-06;35.23;35.48;34.96;35.32;2397726.195
2022-07-07;35.76;36.035;35.665;36.035;1672844.14
2022-07-08;35.96;36.21;35.705;36.125;1227627.435
2022-07-11;35.61;36.02;35.61;35.795;1548064.395
2022-07-12;35.595;35.895;35.46;35.895;2136723.395
2022-07-13;35.72;35.76;35.26;35.72;1734792.07
2022-07-14;35.5;35.625;34.8;35.055;1339764.89
2022-07-15;35.12;35.915;35.12;35.9;684184.48
2022-07-18;36.075;36.415;36.06;36.185;1386123.885
2022-07-19;36.055;37.1;35.85;37.015;3615023.495
2022-07-20;37.13;37.2;36.66;37.04;4022760.28
2022-07-21;36.89;37.17;36.755;36.99;2988082.755
2022-07-22;37.0;37.4;37.0;37.21;715337.96
2022-07-25;37.025;37.29;36.92;37.095;1351186.13
2022-07-26;37.15;37.185;36.86;36.91;1448764.38
2022-07-27;37.12;37.35;37.04;37.275;1833138.135
2022-07-28;37.41;37.7;37.125;37.7;832192.815
2022-07-29;37.955;38.4;37.955;38.285;2626213.925
2022-08-01;38.285;38.47;38.2;38.285;969139.76
2022-08-02;38.07;38.09;37.835;38.03;1897818.24
2022-08-03;37.99;38.535;37.99;38.51;638570.95
2022-08-04;38.6;39.05;38.6;38.74;2001082.79
2022-08-05;38.755;38.76;38.45;38.535;360760.14
2022-08-08;38.77;39.0;38.65;38.79;697127.415
2022-08-09;38.75;38.75;38.32;38.4;2095500.135
2022-08-10;38.33;38.8;38.31;38.68;930033.015
2022-08-11;38.265;38.265;37.99;38.12;376961.225
2022-08-12;38.21;38.395;38.18;38.36;326900.845
2022-08-16;38.605;38.775;38.45;38.63;3594462.815
2022-08-17;38.65;38.695;38.12;38.155;2571818.93
2022-08-18;38.105;38.36;38.08;38.36;692503.625
2022-08-19;38.205;38.21;37.91;37.91;525749.95
2022-08-22;37.655;37.655;36.99;37.075;3724658.595
2022-08-23;36.96;37.295;36.96;37.075;1493117.285
2022-08-24;37.03;37.29;36.93;37.25;331339.98
2022-08-25;37.55;37.55;37.165;37.37;510995.7
2022-08-26;37.51;37.62;36.5;36.585;564367.305
2022-08-29;36.24;36.395;35.935;36.235;2602844.7
2022-08-30;36.455;36.805;36.045;36.115;1167193.3
2022-08-31;36.28;36.335;35.76;35.76;2618345.475
2022-09-01;35.395;35.41;35.05;35.05;1098113.245
2022-09-02;35.385;36.04;35.29;36.04;2175233.23
2022-09-05;35.205;35.47;34.985;35.47;934482.83
2022-09-06;35.55;35.735;35.255;35.385;1760257.89
2022-09-07;35.23;35.535;35.215;35.535;316077.605
2022-09-08;35.76;35.79;35.11;35.72;1602461.67
2022-09-09;35.815;36.365;35.815;36.275;817368.225
2022-09-12;36.425;37.135;36.425;37.045;2057257.17
2022-09-13;37.19;37.4;36.465;36.47;2293990.885
2022-09-14;36.34;36.47;36.08;36.08;2099286.2
2022-09-15;36.415;36.415;35.89;35.93;837786.915
2022-09-16;35.63;35.7;35.37;35.49;1428263.29
2022-09-19;35.315;35.755;35.09;35.74;1249795.14
2022-09-20;35.915;35.915;35.15;35.21;647415.055
2022-09-21;34.905;35.48;34.89;35.45;929925.93
2022-09-22;34.925;35.48;34.89;34.905;1093312.955
2022-09-23;34.73;34.73;33.87;34.05;1994051.675
2022-09-26;33.95;34.325;33.8;34.1;1788199.285
2022-09-27;34.315;34.47;33.825;33.825;1180163.725
2022-09-28;33.565;33.9;33.135;33.865;9179031.775
2022-09-29;33.635;33.635;33.025;33.34;957556.03
2022-09-30;33.555;33.78;33.425;33.78;632836.54
2022-10-03;33.31;34.005;33.16;33.985;1596635.56
2022-10-04;34.4;35.41;34.4;35.41;3153959.665
2022-10-05;35.205;35.31;34.94;35.0;940499.62
2022-10-06;35.25;35.28;34.83;34.96;670442.375
2022-10-07;34.765;34.9;34.32;34.32;2512428.12
2022-10-10;34.085;34.46;33.995;34.18;1483425.45
2022-10-11;33.81;34.065;33.7;33.92;4178554.115
2022-10-12;33.91;34.22;33.72;33.955;1534029.525
2022-10-13;33.745;34.22;33.15;34.22;3924597.81
2022-10-14;34.73;35.11;34.37;34.515;3458020.075
2022-10-17;34.545;35.16;34.305;34.945;1712762.545
2022-10-18;35.32;35.705;35.22;35.295;3506169.705
2022-10-19;35.4;35.535;35.3;35.305;383075.125
2022-10-20;35.23;35.6;35.12;35.495;628838.36
2022-10-21;35.08;35.37;34.825;35.21;1791250.38
2022-10-24;35.8;36.08;35.33;35.86;1230303.12
2022-10-25;36.02;36.475;35.7;36.475;2057849.345
2022-10-26;36.405;36.7;36.255;36.7;3363190.04
2022-10-27;36.505;36.805;36.28;36.71;1187846.42
2022-10-28;36.335;36.74;36.22;36.74;1046078.065
2022-10-31;36.8;36.945;36.725;36.85;737237.455
2022-11-01;37.2;37.4;37.12;37.12;780721.26
2022-11-02;37.29;37.395;36.85;36.93;1783524.15
2022-11-03;36.53;36.585;36.27;36.57;848490.595
2022-11-04;36.835;37.755;36.78;37.55;4804575.555
2022-11-07;37.355;37.83;37.355;37.73;2916370.87
2022-11-08;37.67;38.04;37.65;38.03;1730578.25
2022-11-09;37.925;37.975;37.74;37.945;1162465.085
2022-11-10;37.83;39.12;37.78;39.015;3772273.43
2022-11-11;39.35;39.555;39.29;39.38;3420324.97
2022-11-14;39.53;39.83;39.4;39.525;1412991.275
2022-11-15;39.7;40.0;39.575;39.835;1690562.13
2022-11-16;39.8;39.845;39.415;39.54;6649052.48
2022-11-17;39.7;39.7;39.055;39.295;1007430.9
2022-11-18;39.545;39.975;39.54;39.84;1044122.835
2022-11-21;39.8;39.8;39.615;39.745;389755.745
2022-11-22;39.735;39.96;39.695;39.96;624452.94
2022-11-23;40.0;40.135;39.91;40.1;1064419.095
2022-11-24;40.135;40.4;40.135;40.295;839628.815
2022-11-25;40.265;40.34;40.16;40.24;638997.45
2022-11-28;40.07;40.085;39.91;40.06;2930603.46
2022-11-29;40.08;40.14;39.9;40.1;1031214.715
2022-11-30;40.125;40.345;40.105;40.27;774732.385
2022-12-01;40.665;40.705;40.37;40.48;559690.545
2022-12-02;40.335;40.6;40.19;40.515;1030308.35
2022-12-05;40.355;40.445;40.18;40.305;1018589.425
2022-12-06;40.275;40.305;39.985;40.02;2780677.655
2022-12-07;40.02;40.085;39.8;40.085;1753384.78
2022-12-08;39.965;39.965;39.76;39.93;914162.315
2022-12-09;39.93;40.06;39.865;40.04;638253.135
2022-12-12;39.885;40.01;39.795;39.855;804262.655
2022-12-13;39.935;41.0;39.935;40.51;3015012.85
2022-12-14;40.39;40.455;40.25;40.455;489209.565
2022-12-15;39.915;40.0;38.985;39.0;1414033.71
2022-12-16;39.015;39.015;38.5;38.7;1376524.02
2022-12-19;38.76;38.965;38.76;38.8;662220.295
2022-12-20;38.4;38.8;38.35;38.745;523278.32
2022-12-21;38.8;39.12;38.8;39.12;828357.72
2022-12-22;39.525;39.525;38.85;38.895;471634.74
2022-12-23;38.925;38.96;38.665;38.845;765496.54
2022-12-27;39.14;39.145;38.96;38.98;502468.145
2022-12-28;38.98;39.05;38.7;38.7;104178.485
2022-12-29;38.575;39.13;38.575;39.13;474863.455
2022-12-30;38.925;38.925;38.49;38.49;252208.035
2023-01-02;38.83;39.19;38.83;39.19;145170.93
2023-01-03;39.54;39.91;39.445;39.58;2118859.17
2023-01-04;39.81;40.445;39.805;40.445;994459.795
2023-01-05;40.265;40.445;40.22;40.29;651005.715
2023-01-06;40.34;40.92;40.225;40.92;902292.48
2023-01-09;41.0;41.525;40.98;41.525;1445907.095
2023-01-10;41.22;41.31;41.16;41.305;933641.61
2023-01-11;41.44;41.815;41.425;41.73;1351150.205
2023-01-12;41.855;42.19;41.855;42.07;3927768.925
2023-01-13;42.105;42.345;42.03;42.255;1851507.42
2023-01-16;42.31;42.37;42.21;42.35;2442693.525
2023-01-17;42.39;42.5;42.175;42.475;1511543.78
2023-01-18;42.52;42.705;42.485;42.515;1102732.765
2023-01-19;42.27;42.335;41.67;41.7;3391130.27
2023-01-20;41.965;41.97;41.815;41.88;739737.835
2023-01-23;42.105;42.325;42.015;42.31;2659964.14
2023-01-24;42.35;42.375;42.105;42.31;935547.425
2023-01-25;42.345;42.37;41.95;42.27;1573731.76
2023-01-26;42.53;42.6;42.42;42.5;465436.77
2023-01-27;42.47;42.6;42.335;42.45;1899913.035
2023-01-30;42.295;42.37;42.05;42.28;639981.665
2023-01-31;42.355;42.42;42.04;42.42;748803.18
2023-02-01;42.525;42.62;42.415;42.43;1205735.945
2023-02-02;42.765;43.25;42.765;43.2;2767018.45
2023-02-03;42.965;43.31;42.855;43.28;723654.75
2023-02-06;43.0;43.055;42.65;42.84;3563308.69
2023-02-07;42.77;42.965;42.72;42.87;3242729.9
2023-02-08;43.19;43.19;42.925;42.925;3721981.2
2023-02-09;43.275;43.555;43.275;43.295;5268036.255
2023-02-10;42.99;43.145;42.53;42.795;2539954.195
2023-02-13;42.87;43.255;42.87;43.255;2624147.07
2023-02-14;43.285;43.58;43.195;43.36;1156154.74
2023-02-15;43.215;43.65;43.215;43.635;966051.67
2023-02-16;43.66;43.775;43.32;43.625;2315618.0
2023-02-17;43.18;43.515;42.955;43.37;1965110.375
2023-02-20;43.47;43.47;43.305;43.36;256230.8
2023-02-21;43.19;43.205;42.8;43.15;972525.895
2023-02-22;42.96;43.065;42.68;43.035;11827126.025
2023-02-23;43.205;43.4;43.18;43.23;1459377.065
2023-02-24;43.28;43.35;42.365;42.365;620336.625
2023-02-27;42.9;43.27;42.885;43.09;2033464.84
2023-02-28;42.87;43.25;42.855;43.085;1025682.765
2023-03-01;43.205;43.385;42.8;42.8;979788.595
2023-03-02;42.46;43.005;42.405;43.005;2338638.085
2023-03-03;43.345;43.6;43.3;43.595;832575.76
2023-03-06;43.755;43.88;43.595;43.78;1204515.515
2023-03-07;43.66;43.815;43.4;43.55;1332510.465
2023-03-08;43.305;43.615;43.305;43.57;1084962.565
2023-03-09;43.445;43.585;43.19;43.525;1570098.585
2023-03-10;42.61;43.015;42.52;42.795;1743269.31
2023-03-13;42.735;42.74;41.365;41.54;12208054.275
2023-03-14;41.65;42.505;41.535;42.375;2670692.6
2023-03-15;42.2;42.335;40.78;40.88;4513354.28
2023-03-16;41.71;41.96;40.84;41.86;10145299.63
2023-03-17;42.24;42.345;41.1;41.3;1884457.43
2023-03-20;41.21;42.0;40.515;41.935;1035521.805
2023-03-21;42.3;42.715;42.3;42.48;1441026.995
2023-03-22;42.41;42.805;42.405;42.72;1507585.705
2023-03-23;42.66;42.795;42.33;42.765;675590.015
2023-03-24;42.48;42.485;41.645;41.92;1927588.44
2023-03-27;42.615;42.615;42.2;42.335;1665352.69
2023-03-28;42.685;42.685;42.29;42.41;2174841.73
2023-03-29;42.675;43.035;42.645;43.01;1434603.13
2023-03-30;43.32;43.62;43.275;43.615;3361872.95
2023-03-31;43.64;43.98;43.545;43.97;1027337.52
2023-04-03;43.915;44.04;43.885;43.885;1290772.21
2023-04-04;44.035;44.22;43.86;43.925;2728698.945
2023-04-05;43.885;43.92;43.605;43.67;2222470.185
2023-04-06;43.74;43.88;43.715;43.87;975688.08
2023-04-11;44.175;44.235;44.065;44.14;801872.29
2023-04-12;44.135;44.505;44.105;44.115;939998.78
2023-04-13;44.27;44.39;44.2;44.39;1156757.8
2023-04-14;44.49;44.73;44.485;44.65;2191878.645
2023-04-17;44.765;44.815;44.49;44.5;932135.07
2023-04-18;44.6;44.855;44.6;44.71;1684617.45
2023-04-19;44.61;44.765;44.55;44.745;2064488.895
2023-04-20;44.785;44.81;44.47;44.625;1222968.42
2023-04-21;44.73;44.85;44.5;44.85;1784016.415
2023-04-24;44.81;44.98;44.77;44.88;1327265.28
2023-04-25;44.605;44.755;44.575;44.735;626939.635
2023-04-26;44.505;44.535;44.205;44.41;1763669.695
2023-04-27;44.31;44.645;44.3;44.52;1311241.63
2023-04-28;44.735;44.735;44.06;44.55;2334229.625
2023-05-02;44.71;44.79;43.975;43.975;1862345.905
2023-05-03;44.175;44.35;44.13;44.13;1707679.535
2023-05-04;44.06;44.095;43.74;43.99;2766445.47
2023-05-05;44.2;44.59;44.045;44.59;1488434.52
2023-05-08;44.645;44.815;44.645;44.735;909247.785
2023-05-09;44.66;44.685;44.355;44.52;953119.115
2023-05-10;44.58;44.62;44.28;44.315;842587.13
2023-05-11;44.615;44.75;44.16;44.41;961294.97
2023-05-12;44.67;44.83;44.51;44.56;840411.38
2023-05-15;44.75;44.77;44.455;44.54;594242.29
2023-05-16;44.455;44.66;44.38;44.595;931097.04
2023-05-17;44.48;44.73;44.355;44.59;839543.05
2023-05-18;44.94;45.255;44.94;45.14;1282152.015
2023-05-19;44.91;45.15;44.82;44.96;1583671.575
2023-05-22;45.01;45.07;44.9;44.98;1271400.79
2023-05-23;44.85;44.88;44.575;44.575;1052225.61
2023-05-24;44.085;44.11;43.62;43.72;1735172.675
2023-05-25;43.795;43.925;43.59;43.82;5016194.86
2023-05-26;44.06;44.545;43.7;44.495;781962.915
2023-05-29;44.685;44.685;44.245;44.265;603016.09
2023-05-30;44.205;44.55;44.135;44.135;1617325.175
2023-05-31;43.635;43.93;43.245;43.25;1547178.005
2023-06-01;43.585;43.875;43.43;43.74;2221941.005
2023-06-02;44.03;44.365;43.92;44.365;611685.595
2023-06-05;44.36;44.5;44.025;44.065;2440215.86
2023-06-06;43.98;44.145;43.91;44.095;1075822.02
2023-06-07;44.075;44.2;43.9;44.075;771523.65
2023-06-08;44.0;44.2;43.92;44.125;1927819.19
2023-06-09;44.155;44.185;43.94;44.045;333187.995
2023-06-12;44.275;44.505;44.255;44.3;1883279.515
2023-06-13;44.57;44.695;44.325;44.675;1518284.985
2023-06-14;44.755;45.04;44.755;44.915;986412.18
2023-06-15;44.825;44.91;44.59;44.76;1861501.01
2023-06-16;44.85;45.245;44.85;45.225;966337.83
2023-06-19;45.0;45.025;44.745;44.755;2180540.42
2023-06-20;44.645;44.795;44.555;44.59;1024694.905
2023-06-21;44.55;44.665;44.37;44.41;998952.99
2023-06-22;44.005;44.215;43.78;44.21;1105278.46
2023-06-23;43.98;44.075;43.695;43.85;871659.46
2023-06-26;43.91;44.07;43.56;44.055;1191457.54
2023-06-27;44.275;44.275;43.89;44.19;838157.645
2023-06-28;44.53;44.68;44.455;44.655;2082636.16
2023-06-29;44.705;44.91;44.645;44.76;1023136.56
2023-06-30;44.755;45.31;44.755;45.23;2270077.065
2023-07-03;45.335;45.415;45.205;45.215;5346435.425
2023-07-04;45.26;45.325;45.1;45.1;640106.285
2023-07-05;44.79;44.895;44.67;44.68;888928.295
2023-07-06;44.27;44.28;43.3;43.33;2838675.22
2023-07-07;43.315;43.775;43.18;43.56;2219409.34
2023-07-10;43.455;43.93;43.41;43.745;1271052.565
2023-07-11;44.015;44.225;43.81;44.085;1718761.04
2023-07-12;44.265;44.895;44.215;44.865;2176437.305
2023-07-13;44.91;45.32;44.885;45.235;887329.445
2023-07-14;45.16;45.355;45.16;45.285;1665877.295
2023-07-17;44.915;45.01;44.67;44.8;2983740.305
2023-07-18;44.775;44.97;44.69;44.97;902616.905
2023-07-19;45.15;45.245;44.86;44.885;948973.195
2023-07-20;44.705;44.99;44.69;44.92;628766.655
2023-07-21;44.835;45.15;44.835;45.15;580451.685
2023-07-24;45.0;45.12;44.905;45.12;791153.95
2023-07-25;45.15;45.245;45.06;45.145;884269.52
2023-07-26;44.905;44.92;44.36;44.715;1357953.345
2023-07-27;44.975;45.76;44.95;45.755;1895158.255
2023-07-28;45.66;46.035;45.52;46.035;2934800.165
2023-07-31;45.895;46.2;45.89;46.06;2730349.265
2023-08-01;45.955;45.955;45.355;45.38;2260929.79
2023-08-02;44.745;45.06;44.55;44.59;4848612.93
2023-08-03;44.255;44.375;44.035;44.27;4615570.87
2023-08-04;44.41;44.615;44.165;44.515;605749.285
2023-08-07;44.41;44.685;44.31;44.67;377548.075
2023-08-08;44.42;44.495;43.87;44.075;1095337.12
2023-08-09;44.575;44.825;44.47;44.575;720929.875
2023-08-10;44.93;45.295;44.74;45.27;5235585.535
2023-08-11;44.855;44.855;44.425;44.51;643697.425
2023-08-14;44.445;44.685;44.33;44.505;364462.445
2023-08-16;44.07;44.295;44.025;44.09;314522.345
2023-08-17;43.2;43.355;42.85;42.85;1448345.315
2023-08-18;42.665;42.78;42.355;42.745;1625060.295
2023-08-21;42.845;43.23;42.845;42.855;736502.145
2023-08-22;43.145;43.51;43.145;43.225;335210.315
2023-08-23;43.415;43.46;43.15;43.195;167631.855
2023-08-24;43.685;43.73;42.915;42.915;430097.8
2023-08-25;42.885;43.285;42.885;43.085;261835.505
2023-08-28;43.37;43.63;43.26;43.6;262541.015
2023-08-29;43.8;43.905;43.565;43.905;2721274.48
2023-08-30;43.955;44.0;43.57;43.835;2122307.905
2023-08-31;43.835;43.975;43.71;43.71;417206.265
2023-09-01;43.545;43.815;43.495;43.495;444454.355
2023-09-04;43.7;43.85;43.385;43.39;270193.72
2023-09-05;43.13;43.45;43.0;43.325;797525.025
2023-09-06;43.08;43.125;42.9;42.98;582483.3
2023-09-07;42.85;43.14;42.785;42.81;455057.955
2023-09-08;43.04;43.04;42.44;43.03;1148081.225
2023-09-11;43.21;43.39;43.145;43.2;523575.66
2023-09-12;43.22;43.22;42.95;43.065;502463.155
2023-09-13;42.9;42.955;42.61;42.86;651424.345
2023-09-14;42.805;43.475;42.725;43.475;1356643.29
2023-09-15;43.845;43.9;43.545;43.545;792535.835
2023-09-18;43.485;43.485;43.0;43.0;648388.38
2023-09-19;43.01;43.255;42.92;43.02;6282522.415
2023-09-20;43.165;43.505;43.085;43.4;2816587.305
2023-09-21;43.035;43.1;42.675;42.765;947147.88
2023-09-22;42.45;42.795;42.45;42.645;1186575.035
2023-09-25;42.545;42.715;42.1;42.275;1053579.26
2023-09-26;42.055;42.055;41.78;41.93;455443.27
2023-09-27;41.915;42.165;41.915;41.93;2378695.805
2023-09-28;41.975;42.205;41.7;42.175;432040.53
2023-09-29;42.49;42.75;42.49;42.49;1149986.0
2023-10-02;42.455;42.545;41.88;41.915;1273265.325
2023-10-03;41.865;42.075;41.55;41.61;898832.87
2023-10-04;41.31;41.865;41.31;41.63;1334062.655
2023-10-05;41.68;41.84;41.555;41.595;1247189.25
2023-10-06;41.74;42.04;41.57;41.95;983076.355
2023-10-09;41.93;42.035;41.68;41.68;471870.235
2023-10-10;42.225;42.715;42.225;42.715;866964.405
2023-10-11;42.42;42.775;42.42;42.7;3563605.595
2023-10-12;42.875;42.995;42.58;42.63;695000.915
2023-10-13;42.53;42.59;41.95;41.985;1440786.28
2023-10-16;42.185;42.275;41.745;42.125;1538122.685
2023-10-17;42.195;42.26;41.745;42.12;893852.24
2023-10-18;42.015;42.245;41.62;41.7;2383874.825
2023-10-19;41.485;41.73;41.365;41.485;3279791.425
2023-10-20;41.06;41.295;40.935;40.935;1264136.175
2023-10-23;40.93;41.05;40.57;41.05;2638439.44
2023-10-24;41.14;41.26;40.91;41.185;1451306.31
2023-10-25;41.14;41.37;41.065;41.07;348908.12
2023-10-26;40.95;41.28;40.81;41.18;1089155.515
2023-10-27;41.01;41.23;40.72;40.73;1403385.365
2023-10-30;40.955;41.11;40.87;40.92;661814.67
2023-10-31;40.95;41.395;40.95;41.23;2486571.735
2023-11-01;41.37;41.64;41.225;41.55;376389.29
2023-11-02;41.98;42.575;41.98;42.395;2523284.1
2023-11-03;42.5;42.65;42.38;42.48;210659.46
2023-11-06;42.52;42.52;42.235;42.285;1476983.03
2023-11-07;42.195;42.325;42.065;42.24;1960244.165
2023-11-08;42.05;42.62;42.05;42.48;608610.845
2023-11-09;42.575;43.04;42.48;43.015;1153764.21
2023-11-10;42.765;42.825;42.515;42.655;513508.64
2023-11-13;42.85;43.035;42.82;43.0;1124254.185
2023-11-14;43.055;43.775;43.055;43.68;1726101.43
2023-11-15;43.81;43.99;43.775;43.905;714053.58
2023-11-16;43.815;43.85;43.655;43.66;1185905.415
2023-11-17;43.815;44.08;43.78;44.015;2103127.98
2023-11-20;44.1;44.15;43.97;44.12;926542.29
2023-11-21;44.055;44.12;43.975;44.005;874342.38
2023-11-22;44.07;44.245;44.05;44.21;1684073.105
2023-11-23;44.24;44.3;44.185;44.3;631495.14
2023-11-24;44.29;44.435;44.255;44.42;466861.04
2023-11-27;44.425;44.44;44.235;44.235;356159.3
2023-11-28;44.11;44.115;43.98;44.115;582532.39
2023-11-29;44.19;44.5;44.15;44.445;784349.32
2023-11-30;44.395;44.615;44.32;44.545;650141.5
2023-12-01;44.72;44.87;44.715;44.86;1101069.56
2023-12-04;44.83;44.945;44.765;44.855;534001.125
2023-12-05;44.905;45.29;44.905;45.22;601418.275
2023-12-06;45.36;45.65;45.3;45.58;1441139.845
2023-12-07;45.445;45.5;45.4;45.5;199196.565
2023-12-08;45.505;46.04;45.505;45.96;687192.105
2023-12-11;45.98;46.16;45.93;46.145;1448074.13
2023-12-12;46.195;46.34;46.09;46.13;2769873.21
2023-12-13;46.15;46.27;46.04;46.05;1237343.1
2023-12-14;46.58;46.675;45.985;46.13;3288318.935
2023-12-15;46.375;46.52;46.165;46.29;2397546.125
2023-12-18;46.115;46.175;45.94;45.95;1707731.185
2023-12-19;46.02;46.14;46.0;46.13;1670720.6
2023-12-20;46.145;46.165;45.9;46.035;365118.69
2023-12-21;45.925;45.975;45.78;45.975;1035558.985
2023-12-22;45.805;46.005;45.805;45.96;888798.745
2023-12-27;46.185;46.185;45.935;46.025;575522.3
2023-12-28;46.12;46.165;45.855;45.855;960885.605
2023-12-29;45.985;46.115;45.97;45.97;788959.06
2024-01-02;46.17;46.43;45.645;45.885;1189679.5
2024-01-03;45.88;45.88;45.09;45.235;1137271.99
2024-01-04;45.305;45.52;45.23;45.52;691984.56
2024-01-05;45.09;45.5;44.97;45.42;691454.94
2024-01-08;45.38;45.64;45.155;45.61;694868.415
2024-01-09;45.45;45.49;45.26;45.475;567542.825
2024-01-10;45.43;45.635;45.375;45.44;2040051.34
2024-01-11;45.765;45.82;45.155;45.155;1560788.015
2024-01-12;45.395;45.68;45.395;45.52;678745.13
2024-01-15;45.565;45.63;45.27;45.32;1065417.78
2024-01-16;44.9;45.225;44.9;45.185;2467322.71
2024-01-17;44.72;44.795;44.595;44.76;1151115.43
2024-01-18;44.96;45.265;44.85;45.265;1406218.035
2024-01-19;45.52;45.52;45.14;45.24;1153738.925
2024-01-22;45.63;45.635;45.425;45.585;821140.945
2024-01-23;45.665;45.69;45.345;45.375;1993951.225
2024-01-24;46.0;46.41;45.97;46.41;1782390.89
2024-01-25;46.365;46.635;46.245;46.6;667015.175
2024-01-26;46.745;47.19;46.745;47.15;3101288.95
2024-01-29;47.155;47.195;47.025;47.185;2995467.19
2024-01-30;47.295;47.46;47.295;47.445;1487220.605
2024-01-31;47.47;47.53;47.245;47.345;909824.35
2024-02-01;47.015;47.36;47.015;47.11;1081117.6
2024-02-02;47.455;47.565;47.3;47.355;1116747.885
2024-02-05;47.38;47.49;47.195;47.305;1139370.2
2024-02-06;47.62;47.74;47.42;47.74;583422.615
2024-02-07;47.745;47.775;47.6;47.61;652223.86
2024-02-08;47.69;48.035;47.685;47.905;831427.68
2024-02-09;47.965;48.11;47.85;48.02;1526648.355
2024-02-12;48.17;48.315;48.1;48.315;4426805.545
2024-02-13;48.135;48.135;47.6;47.785;1149960.29
2024-02-14;47.74;48.0;47.725;48.0;1779573.89
2024-02-15;48.195;48.245;48.06;48.16;1872691.56
2024-02-16;48.475;48.57;48.3;48.345;214112.9
2024-02-19;48.285;48.425;48.2;48.395;1687116.88
2024-02-20;48.39;48.42;48.31;48.42;86182.625
2024-02-21;48.475;48.6;48.36;48.525;555566.955
2024-02-22;49.195;49.405;49.0;49.335;1603242.965
2024-02-23;49.36;49.565;49.31;49.5;4552924.985
2024-02-26;49.455;49.475;49.39;49.405;857640.42
2024-02-27;49.52;49.645;49.465;49.645;354045.135
2024-02-28;49.62;49.635;49.54;49.62;192882.97
2024-02-29;49.705;49.77;49.535;49.66;1012854.61
2024-03-01;49.815;49.835;49.565;49.69;503787.49
2024-03-04;49.78;49.91;49.765;49.845;1216451.49
2024-03-05;49.79;49.875;49.665;49.665;1498828.52
2024-03-06;49.655;49.96;49.65;49.91;471916.055
2024-03-07;49.76;50.52;49.7;50.52;664602.89
2024-03-08;50.55;50.63;50.4;50.4;744691.78
2024-03-11;49.98;50.14;49.895;50.08;2502284.665
2024-03-12;50.31;50.64;50.09;50.61;2696941.61
2024-03-13;50.7;50.93;50.67;50.82;337013.47
2024-03-14;50.96;51.05;50.64;50.65;2345684.19
2024-03-15;50.7;51.0;50.67;50.76;2023749.09
2024-03-18;50.74;50.79;50.57;50.61;808630.04
2024-03-19;50.6;50.83;50.54;50.81;1095649.76
2024-03-20;50.65;50.87;50.6;50.78;1103204.93
2024-03-21;51.38;51.38;50.99;51.31;817308.12
2024-03-22;51.14;51.22;50.96;51.13;1417800.49
2024-03-25;51.16;51.35;51.0;51.32;685162.79
2024-03-26;51.31;51.57;51.26;51.53;2492318.2
2024-03-27;51.5;51.78;51.5;51.67;1299279.99
2024-03-28;51.75;51.87;51.69;51.72;2809777.64
2024-04-02;51.97;52.24;51.21;51.26;2955809.07
2024-04-03;51.34;51.54;51.34;51.54;2655663.26
2024-04-04;51.61;51.76;51.61;51.68;373115.35
2024-04-05;50.92;51.04;50.74;51.0;1187556.8
2024-04-08;51.08;51.45;51.03;51.41;1085411.33
2024-04-09;51.11;51.25;50.81;50.82;851588.25
2024-04-10;51.14;51.29;50.43;50.88;2316214.81
2024-04-11;50.84;51.04;50.32;50.59;1839413.68
2024-04-12;51.11;51.18;50.3;50.42;2727188.62
2024-04-15;50.85;51.27;50.74;50.74;835631.74
2024-04-16;50.06;50.37;49.96;50.04;3745841.385
2024-04-17;50.14;50.6;50.05;50.1;1244203.91
2024-04-18;50.31;50.34;50.17;50.3;1001993.86
2024-04-19;49.89;50.27;49.78;50.14;1832286.02
2024-04-22;50.61;50.61;50.17;50.41;2121197.13
2024-04-23;50.92;51.22;50.79;51.21;418988.87
2024-04-24;51.28;51.43;50.96;50.96;871629.63
2024-04-25;50.97;50.97;50.15;50.52;281736.24
2024-04-26;51.01;51.31;50.86;51.28;779889.25
2024-04-29;51.52;51.52;51.06;51.11;448558.12
2024-04-30;51.21;51.21;50.48;50.48;1243312.37
2024-05-02;50.36;50.45;50.23;50.25;670184.65
2024-05-03;50.3;50.76;50.3;50.56;266559.12
2024-05-06;50.66;51.0;50.61;50.93;706311.65
2024-05-07;51.26;51.57;51.12;51.56;1444777.18
2024-05-08;51.68;51.89;51.67;51.83;2425813.4
2024-05-09;51.85;52.12;51.69;52.09;2102757.24
2024-05-10;52.32;52.52;52.32;52.44;1721719.62
2024-05-13;52.51;52.51;52.3;52.4;332044.24
2024-05-14;52.39;52.43;52.24;52.37;989691.01
2024-05-15;52.61;52.67;52.41;52.66;747059.21
2024-05-16;52.13;52.13;51.81;51.81;309946.43
2024-05-17;51.75;51.77;51.52;51.77;1046032.19
2024-05-20;51.88;51.91;51.8;51.89;282621.58
2024-05-21;51.8;51.82;51.51;51.69;1274654.24
2024-05-22;51.52;51.59;51.43;51.46;1224744.96
2024-05-23;51.7;51.81;51.5;51.53;853533.99
2024-05-24;51.38;51.61;51.34;51.57;554148.14
2024-05-27;51.59;51.74;51.59;51.68;790237.08
2024-05-28;51.95;51.98;51.45;51.49;519892.85
2024-05-29;51.39;51.39;50.79;50.9;807239.15
2024-05-30;50.8;51.04;50.8;51.04;184370.82
2024-05-31;51.08;51.2;50.97;51.04;529360.23
2024-06-03;51.63;51.63;51.24;51.33;844538.22
2024-06-04;51.17;51.17;50.69;50.8;967476.22
2024-06-05;51.1;51.73;51.1;51.61;1058860.76
2024-06-06;51.97;52.08;51.81;51.92;879619.24
2024-06-07;52.07;52.07;51.54;51.77;1242739.61
2024-06-10;51.19;51.33;51.02;51.27;2397642.55
2024-06-11;51.55;51.56;50.7;50.94;877166.63
2024-06-12;51.1;51.71;51.08;51.71;2190737.47
2024-06-13;51.59;51.6;50.61;50.61;2162833.62
2024-06-14;50.61;50.61;49.45;49.67;2197412.325
2024-06-17;49.985;50.26;49.65;50.1;2221143.12
2024-06-18;50.48;50.48;50.1;50.41;552346.92
2024-06-19;50.38;50.48;50.14;50.14;674857.19
2024-06-20;50.35;50.69;50.35;50.6;854184.27
2024-06-21;50.56;50.68;50.22;50.42;248205.83
2024-06-24;50.47;50.94;50.47;50.82;1392526.1
2024-06-25;50.54;50.64;50.43;50.57;107748.01
2024-06-26;50.95;51.07;50.32;50.46;453941.88
2024-06-27;50.51;50.64;50.32;50.32;2255172.11
2024-06-28;50.47;50.49;50.12;50.12;1446086.57
2024-07-01;51.06;51.06;50.57;50.62;2401366.89
2024-07-02;50.35;50.39;49.98;50.36;1722103.04
2024-07-03;50.67;51.08;50.67;50.97;507801.13
2024-07-04;51.15;51.25;51.05;51.05;2305488.73
2024-07-05;51.37;51.5;50.92;51.08;1088327.16
2024-07-08;51.07;51.59;51.0;51.06;1932123.39
2024-07-09;50.7;50.89;50.26;50.26;1608101.24
2024-07-10;50.42;50.78;50.29;50.78;2299592.12
2024-07-11;51.06;51.35;50.98;51.1;1313411.54
2024-07-12;51.25;51.84;51.21;51.84;812682.29
2024-07-15;51.66;51.7;51.18;51.2;1336311.88
2024-07-16;50.78;50.87;50.68;50.82;771571.54
2024-07-17;50.46;50.58;50.11;50.31;1447228.69
2024-07-18;50.35;50.43;50.08;50.16;2065184.69
2024-07-19;49.79;49.805;49.53;49.53;1108058.61
2024-07-22;49.765;50.4;49.765;50.34;404661.065
2024-07-23;50.36;50.78;50.36;50.48;150643.35
2024-07-24;50.04;50.15;49.865;49.865;1032835.295
2024-07-25;49.325;49.465;49.0;49.435;4977596.6
2024-07-26;49.485;49.91;49.475;49.91;1811329.51
2024-07-29;50.16;50.16;49.44;49.485;348714.335
2024-07-30;49.66;49.91;49.605;49.91;609387.665
2024-07-31;50.37;50.37;49.9;50.03;1488505.44
2024-08-01;49.85;49.85;48.88;48.945;2145400.65
2024-08-02;48.355;48.525;47.555;47.58;6805719.61
2024-08-05;46.28;47.105;46.0;47.065;8837342.44
2024-08-06;47.275;47.355;46.695;46.975;3018596.26
2024-08-07;47.225;48.02;47.225;47.99;4759522.96
2024-08-08;47.6;48.02;47.395;47.975;3638454.875
2024-08-09;48.065;48.3;47.845;48.05;2223005.14
2024-08-12;48.285;48.29;48.025;48.11;192748.105
2024-08-13;48.255;48.28;47.87;48.24;322229.835
2024-08-14;48.505;48.565;48.355;48.42;452575.255
2024-08-16;49.005;49.145;48.88;49.07;2669751.575
2024-08-19;49.105;49.49;49.065;49.43;929620.675
2024-08-20;49.595;49.65;49.26;49.265;1389351.105
2024-08-21;49.32;49.565;49.315;49.525;1382194.745
2024-08-22;49.58;49.785;49.57;49.57;639718.135
2024-08-23;49.605;49.82;49.605;49.74;66619.38
2024-08-26;49.72;49.795;49.595;49.66;703045.51
2024-08-27;49.72;49.825;49.675;49.68;774949.175
2024-08-28;49.815;50.0;49.795;49.895;543064.985
2024-08-29;49.875;50.38;49.875;50.38;1343290.1
2024-08-30;50.34;50.53;50.29;50.32;1844586.48
2024-09-02;50.28;50.4;50.0;50.4;565045.26
2024-09-03;50.56;50.56;49.79;49.79;395873.74
2024-09-04;49.2;49.38;49.135;49.18;2198921.405
2024-09-05;48.935;49.22;48.84;48.895;1023771.715
2024-09-06;48.7;48.88;48.015;48.055;1927214.665
2024-09-09;48.33;48.645;48.315;48.5;883252.675
2024-09-10;48.415;48.7;48.085;48.085;586684.285
2024-09-11;48.335;48.455;48.09;48.315;461673.165
2024-09-12;48.965;49.065;48.555;48.78;1185072.61
2024-09-13;49.11;49.12;48.95;49.115;318350.835
2024-09-16;49.06;49.195;48.93;48.97;356118.92
2024-09-17;49.15;49.51;49.15;49.305;457712.655
2024-09-18;49.315;49.315;49.015;49.045;139031.345
2024-09-19;49.64;50.11;49.46;50.11;439448.84
2024-09-20;49.895;49.895;49.4;49.415;1440570.245
2024-09-23;49.42;49.6;49.255;49.55;835805.08
2024-09-24;50.11;50.27;49.905;50.1;268461.515
2024-09-25;49.83;50.05;49.825;49.94;421834.99
2024-09-26;50.61;51.04;50.61;50.98;876865.52
2024-09-27;51.2;51.44;51.11;51.43;1377591.71
2024-09-30;51.26;51.34;50.83;50.85;1320324.34
2024-10-01;50.85;50.9;50.14;50.14;2358437.69
2024-10-02;50.36;50.56;50.11;50.37;1173087.91
2024-10-03;50.23;50.23;49.81;49.905;811710.395
2024-10-04;49.94;50.39;49.94;50.33;367495.24
2024-10-07;50.45;50.48;50.06;50.43;330074.23
2024-10-08;49.91;50.31;49.91;50.26;582616.93
2024-10-09;50.1;50.58;50.1;50.58;284213.39
2024-10-10;50.55;50.57;50.32;50.5;511161.29
2024-10-11;50.42;50.82;50.38;50.8;265125.52
2024-10-14;50.88;51.21;50.76;51.17;405847.01
2024-10-15;51.31;51.31;50.34;50.34;1141868.09
2024-10-16;49.81;50.04;49.75;49.91;1105997.59
2024-10-17;49.99;50.45;49.96;50.25;1400158.015
2024-10-18;50.28;50.62;50.28;50.62;788066.81
2024-10-21;50.56;50.65;50.14;50.19;150803.31
2024-10-22;50.19;50.36;49.88;50.2;408931.17
2024-10-23;50.1;50.16;49.87;50.16;461910.205
2024-10-24;50.21;50.45;50.13;50.13;237094.9
2024-10-25;50.0;50.3;49.94;50.18;144973.59
2024-10-28;50.42;50.54;50.15;50.5;919892.88
2024-10-29;50.72;50.72;50.33;50.33;210255.04
2024-10-30;50.09;50.09;49.46;49.72;200186.615
2024-10-31;49.19;49.28;48.85;49.005;1304742.33
2024-11-01;49.32;49.675;49.235;49.595;561504.53
2024-11-04;49.57;49.735;49.325;49.325;1486090.825
2024-11-05;49.41;49.49;49.28;49.355;207028.79
2024-11-06;49.69;50.26;48.685;48.815;1583283.65
2024-11-07;48.905;49.465;48.84;49.28;477077.835
2024-11-08;49.29;49.29;48.68;48.815;950285.45
2024-11-11;49.21;49.525;49.21;49.33;841435.415
2024-11-12;48.81;49.005;48.22;48.23;769748.57
2024-11-13;48.015;48.385;47.825;48.17;1256683.11
2024-11-14;48.26;49.0;48.26;48.99;2008854.335
2024-11-15;48.535;48.925;48.505;48.715;1065163.96
2024-11-18;48.625;48.685;48.33;48.605;530826.575
2024-11-19;48.725;48.725;47.63;48.22;995110.88
2024-11-20;48.5;48.51;47.97;48.01;682271.06
2024-11-21;48.01;48.275;47.615;48.275;1830200.8
2024-11-22;48.605;48.665;47.97;48.61;1200702.305
2024-11-25;49.015;49.015;48.62;48.705;1099025.6
2024-11-26;48.33;48.635;48.215;48.36;1001042.035
2024-11-27;48.1;48.11;47.84;48.045;365336.32
2024-11-28;48.42;48.53;48.275;48.295;854844.765
2024-11-29;48.21;48.8;48.175;48.8;885055.605
2024-12-02;48.405;49.25;48.405;49.15;608054.84
2024-12-03;49.46;49.63;49.365;49.585;742850.355
2024-12-04;49.735;50.02;49.685;49.945;304039.43
2024-12-05;50.15;50.3;50.14;50.3;1894296.62
2024-12-06;50.21;50.59;50.2;50.57;591757.23
2024-12-09;50.76;50.8;50.53;50.66;499771.26
2024-12-10;50.46;50.53;50.35;50.35;903096.62
2024-12-11;50.27;50.38;50.23;50.33;4485010.05
2024-12-12;50.48;50.5;50.31;50.4;216498.94
2024-12-13;50.39;50.68;50.35;50.43;1299256.38
2024-12-16;50.26;50.35;50.18;50.24;1803951.14
2024-12-17;50.08;50.38;50.01;50.2;955113.89
2024-12-18;50.29;50.41;50.18;50.41;230970.95
2024-12-19;49.65;49.785;49.43;49.495;1486563.19
2024-12-20;49.19;49.4;48.865;49.365;1785689.955
2024-12-23;49.205;49.32;49.13;49.235;605828.815
2024-12-27;49.215;49.675;49.215;49.63;459949.07
2024-12-30;49.555;49.765;49.25;49.405;1519986.71
2025-01-02;49.635;49.99;49.24;49.825;910052.19
2025-01-03;49.655;49.805;49.4;49.4;138023.32
2025-01-06;49.82;50.57;49.78;50.57;847926.045
2025-01-07;50.72;51.05;50.72;50.94;597620.97
2025-01-08;50.94;51.13;50.59;50.79;708584.64
2025-01-09;50.47;51.05;50.47;51.0;1316738.68
2025-01-10;50.92;51.1;50.56;50.59;848314.21
2025-01-13;50.35;50.41;50.0;50.38;1394664.75
2025-01-14;50.75;50.95;50.57;50.62;1781177.92
2025-01-15;50.67;51.35;50.64;51.21;1072785.71
2025-01-16;51.76;51.94;51.6;51.94;2120411.19
2025-01-17;52.07;52.44;52.07;52.37;1152373.96
2025-01-20;52.49;52.7;52.33;52.56;1565509.1
2025-01-21;52.44;52.62;52.41;52.56;1025888.53
2025-01-22;52.72;53.21;52.72;52.94;610000.42
2025-01-23;52.83;53.14;52.76;53.14;1800072.36
2025-01-24;53.43;53.54;53.03;53.09;424282.71
2025-01-27;52.5;52.82;52.25;52.82;968392.98
2025-01-28;52.89;53.12;52.8;52.89;756391.31
2025-01-29;53.29;53.35;53.16;53.22;583831.72
2025-01-30;53.46;53.77;53.46;53.77;2258994.47
2025-01-31;53.95;54.01;53.66;53.75;273429.47
2025-02-03;52.71;53.14;52.66;52.97;2731010.77
2025-02-04;53.17;53.61;52.83;53.61;1205020.35
2025-02-05;53.47;53.65;53.37;53.65;10759968.43
2025-02-06;53.89;54.59;53.84;54.52;2124525.24
2025-02-07;54.5;54.55;54.12;54.12;3021760.18
2025-02-10;54.37;54.62;54.27;54.62;1572872.17
2025-02-11;54.51;54.89;54.51;54.87;1033302.7
2025-02-12;55.03;55.11;54.69;55.0;777919.51
2025-02-13;55.37;55.82;55.25;55.82;2891197.6
2025-02-14;55.84;56.04;55.77;55.77;820361.78
2025-02-17;55.77;56.12;55.77;56.07;2615649.55
2025-02-18;56.17;56.32;55.94;56.3;2545695.07
2025-02-19;56.28;56.28;55.45;55.46;3047557.28
2025-02-20;55.65;55.87;55.47;55.48;1122977.34
2025-02-21;55.58;55.76;55.41;55.56;1613062.27
2025-02-24;55.64;55.69;55.22;55.34;1471091.09
2025-02-25;55.25;55.59;55.25;55.36;574491.34
2025-02-26;55.68;56.19;55.68;56.18;2227609.75
2025-02-27;55.65;55.84;55.45;55.6;1106562.56
2025-02-28;55.13;55.52;55.0;55.52;1348596.03
2025-03-03;55.62;56.55;55.22;56.32;1706175.74
2025-03-04;55.61;55.61;54.61;54.73;1280442.25
2025-03-05;55.68;56.16;55.6;55.87;3853619.59
2025-03-06;56.18;56.29;55.43;56.08;1371760.84
2025-03-07;55.68;55.83;55.22;55.55;4216754.32
2025-03-10;55.56;55.56;54.68;54.69;2037685.29
2025-03-11;54.84;55.06;53.77;53.94;2630198.29
2025-03-12;54.38;54.88;54.08;54.46;1152848.29
2025-03-13;54.31;54.69;53.59;54.13;3327840.67
2025-03-14;54.03;54.98;54.03;54.9;3040436.9
2025-03-17;54.78;55.32;54.71;55.3;1670408.71
2025-03-18;55.47;55.86;55.47;55.73;960764.83
2025-03-19;55.45;56.0;55.45;56.0;1117695.65
2025-03-20;55.96;55.99;55.18;55.32;2023975.78
2025-03-21;55.2;55.2;54.93;55.05;1484576.66
2025-03-24;55.52;55.66;54.96;55.1;2104663.77
2025-03-25;55.32;55.67;55.32;55.56;930376.89
2025-03-26;55.86;55.86;55.09;55.09;1372485.43
2025-03-27;54.42;54.88;54.41;54.72;2101383.66
2025-03-28;54.51;54.67;54.1;54.27;1883820.95
2025-03-31;53.74;53.81;53.14;53.43;2286167.25
2025-04-01;53.78;54.18;53.67;54.18;2200313.1
2025-04-02;53.93;53.93;53.5;53.88;654863.83
2025-04-03;52.73;52.99;51.91;52.02;2108392.92
2025-04-04;51.52;51.62;49.09;49.645;11250011.68
2025-04-07;46.67;48.53;46.295;47.42;10174891.17
2025-04-08;48.195;49.125;47.56;48.575;2809708.71
2025-04-09;47.405;47.91;46.47;47.09;4681224.04
2025-04-10;51.3;51.33;49.285;49.295;2640592.585
2025-04-11;49.68;49.68;48.305;48.815;5069750.015
2025-04-14;49.915;50.15;49.64;50.04;960947.39
2025-04-15;50.15;50.73;50.08;50.7;1056355.18
2025-04-16;50.19;50.58;49.85;50.58;1770429.87
2025-04-17;50.58;50.7;50.24;50.31;310266.3
2025-04-22;51.26;51.26;50.07;50.69;2448104.48
2025-04-23;51.66;52.29;51.6;52.05;11795554.18
2025-04-24;51.88;52.2;51.56;52.2;2636945.85
2025-04-25;52.66;52.87;52.46;52.73;1081261.9
2025-04-28;52.92;53.16;52.83;52.96;1400509.94
2025-04-29;52.96;53.02;52.6;52.83;1109478.37
2025-04-30;52.98;53.03;52.29;52.8;596050.49
2025-05-02;53.48;54.08;53.4;54.08;1845792.08
2025-05-05;54.07;54.28;54.04;54.24;1215255.79
2025-05-06;54.31;54.32;53.55;54.05;3280564.56
2025-05-07;53.98;54.06;53.72;53.76;1685925.47
2025-05-08;54.12;54.5;54.12;54.37;2787444.05
2025-05-09;54.54;54.8;54.54;54.8;850810.93
2025-05-12;55.54;55.84;55.1;55.56;1333407.85
2025-05-13;55.51;55.85;55.51;55.85;1141407.19
2025-05-14;55.83;55.86;55.43;55.69;1309853.15
2025-05-15;55.07;55.37;54.89;55.37;1040092.32
2025-05-16;55.52;55.75;55.37;55.45;254025.84
2025-05-19;55.54;55.63;55.26;55.63;1561896.12
2025-05-20;55.74;56.14;55.7;55.98;276469.06
2025-05-21;55.88;56.0;55.64;56.0;236956.43
2025-05-22;55.71;55.71;55.35;55.62;799834.43
2025-05-23;55.79;55.83;54.0;54.64;3087787.18
2025-05-26;55.56;55.56;55.32;55.32;807758.99
2025-05-27;55.46;55.78;55.43;55.68;496094.91
2025-05-28;55.67;55.72;55.26;55.26;948233.98
2025-05-29;55.75;55.82;55.34;55.34;621425.73
2025-05-30;55.23;55.5;55.11;55.21;1726583.24
2025-06-02;54.92;55.06;54.64;55.06;619979.98
2025-06-03;55.13;55.18;54.76;55.18;866983.22
2025-06-04;55.48;55.63;55.38;55.57;261480.59
2025-06-05;55.7;55.76;55.28;55.54;1362729.38
2025-06-06;55.5;55.79;55.47;55.76;178510.63
2025-06-09;55.77;55.77;55.48;55.65;554488.54
2025-06-10;55.73;55.75;55.52;55.64;267036.2
2025-06-11;55.73;55.8;55.44;55.49;1915908.46
2025-06-12;55.11;55.25;54.75;55.1;1433840.91
2025-06-13;54.29;54.54;54.17;54.34;1148667.95
2025-06-16;54.55;54.88;54.54;54.86;1237538.29
2025-06-17;54.35;54.46;54.11;54.36;1330928.14
2025-06-18;54.43;54.44;54.0;54.0;802520.59
2025-06-19;53.83;53.86;53.4;53.45;1302857.09
2025-06-20;53.73;54.23;53.73;53.74;3542049.89
2025-06-23;53.56;53.94;53.36;53.67;2261379.67
2025-06-24;54.56;54.64;54.33;54.45;2932639.55
2025-06-25;54.58;54.58;54.0;54.02;1815475.2
2025-06-26;53.98;54.08;53.81;53.91;785966.08
2025-06-27;54.3;54.77;54.3;54.77;1258827.51
2025-06-30;54.85;54.85;54.44;54.53;1573322.12
2025-07-01;54.58;54.6;54.17;54.31;1610443.81
2025-07-02;54.63;54.69;54.35;54.62;1421347.88
2025-07-03;54.74;54.94;54.5;54.94;699418.72
2025-07-04;54.7;54.7;54.27;54.39;762318.84
2025-07-07;54.45;54.88;54.43;54.8;667934.68
2025-07-08;54.94;55.25;54.87;55.22;3910923.54
2025-07-09;55.45;56.04;55.41;56.02;970546.96
2025-07-10;56.18;56.24;55.91;55.92;419885.34
2025-07-11;55.69;55.69;55.23;55.38;1447776.95
2025-07-14;54.94;55.25;54.92;55.25;452232.34
2025-07-15;55.41;55.49;55.07;55.07;960459.39
2025-07-16;54.76;55.02;54.49;54.49;957235.39
2025-07-17;55.01;55.22;54.92;55.22;492510.69
2025-07-18;55.49;55.59;55.1;55.1;759726.74
2025-07-21;55.11;55.11;54.78;54.99;890615.26
2025-07-22;54.84;54.84;54.33;54.41;1903152.15
2025-07-23;54.92;55.24;54.83;54.98;1710998.51
2025-07-24;55.38;55.51;54.97;55.18;2615100.72
2025-07-25;54.81;54.99;54.73;54.97;823362.35
2025-07-28;55.78;55.78;54.89;54.89;1511355.33
2025-07-29;55.12;55.65;55.12;55.37;1660831.72
2025-07-30;55.27;55.55;55.22;55.54;676285.87
2025-07-31;55.62;55.72;54.79;54.79;948042.66
2025-08-01;54.22;54.31;53.1;53.2;3400378.36
2025-08-04;53.38;53.95;53.38;53.95;1370196.64
2025-08-05;54.21;54.23;53.94;54.07;459526.89
2025-08-06;54.3;54.3;54.1;54.2;824246.38
2025-08-07;54.36;55.11;54.33;54.89;6812652.7
2025-08-08;54.89;55.27;54.85;55.1;2922425.02
2025-08-11;55.22;55.22;54.88;54.91;3265140.79
2025-08-12;55.03;55.03;54.7;54.97;1099072.7
2025-08-13;55.2;55.53;55.2;55.49;762200.22
2025-08-14;54.75;55.18;54.7;55.17;769865.0
2025-08-18;55.25;55.25;54.99;55.15;1004271.46
2025-08-19;55.38;55.73;55.28;55.73;424076.35
2025-08-20;55.42;55.75;55.42;55.58;1250315.15
2025-08-21;55.46;55.5;55.28;55.45;999911.56
2025-08-22;55.43;55.96;55.41;55.78;705947.93
2025-08-25;55.57;55.64;55.29;55.29;495434.14
2025-08-26;54.86;54.95;54.59;54.79;1794438.32
2025-08-27;54.83;54.84;54.61;54.79;424200.6
2025-08-28;55.02;55.15;54.61;54.85;1085777.68
2025-08-29;54.72;54.72;54.36;54.36;607621.07
2025-09-01;54.48;54.62;54.44;54.48;428024.18
2025-09-02;54.26;54.35;53.75;53.75;1630312.92
2025-09-03;54.1;54.26;53.89;54.1;4550601.62
2025-09-04;54.07;54.33;53.97;54.3;3284994.78
2025-09-05;54.51;54.51;53.85;54.01;3683211.8
2025-09-08;54.3;54.51;54.21;54.46;376780.63
2025-09-09;54.57;54.7;54.31;54.42;235705.79
2025-09-10;54.77;54.93;54.41;54.41;255794.2
2025-09-11;54.52;54.77;54.47;54.67;3175837.94
2025-09-12;54.79;54.79;54.44;54.72;1452851.05
2025-09-15;55.03;55.3;55.03;55.27;424036.11
2025-09-16;55.21;55.27;54.52;54.52;1216562.0
2025-09-17;54.77;54.77;54.42;54.51;312469.41
2025-09-18;54.87;55.44;54.87;55.42;1062998.01
2025-09-19;55.48;55.77;55.38;55.5;174017.97
2025-09-22;55.47;55.47;55.12;55.3;11429671.34
2025-09-23;55.37;55.8;55.37;55.66;1817122.25
2025-09-24;55.58;55.63;55.38;55.53;1727680.29
2025-09-25;55.2;55.41;55.01;55.3;636549.4
2025-09-26;55.57;55.84;55.52;55.82;522103.98
2025-09-29;56.07;56.09;55.92;56.09;697734.89
2025-09-30;55.9;56.19;55.79;56.19;1056501.14
2025-10-01;56.03;56.86;55.97;56.76;823916.23
2025-10-02;57.35;57.63;57.26;57.49;718875.14
2025-10-03;57.62;57.62;57.39;57.46;1967642.83
2025-10-06;57.39;57.46;57.01;57.28;908675.79
2025-10-07;57.2;57.37;57.06;57.08;1299366.7
2025-10-08;57.02;57.54;57.02;57.54;1679814.24
2025-10-09;57.59;57.59;57.25;57.3;905487.33
2025-10-10;57.35;57.38;56.26;56.26;991226.44
2025-10-13;56.58;56.85;56.38;56.6;847378.83
2025-10-14;56.13;56.49;55.88;56.47;1499495.46
2025-10-15;57.13;57.38;57.03;57.04;1618016.9
2025-10-16;57.09;57.45;56.8;57.45;599570.27
2025-10-17;56.62;57.27;56.51;57.21;1043849.81
2025-10-20;57.45;57.87;57.34;57.87;451776.73
2025-10-21;57.77;57.97;57.7;57.83;645249.92
2025-10-22;57.54;57.75;57.34;57.34;828021.56
2025-10-23;57.5;57.68;57.39;57.61;945957.21
2025-10-24;57.89;57.89;57.5;57.71;747940.55
2025-10-27;57.95;58.12;57.82;58.09;2145591.54
2025-10-28;57.94;58.09;57.87;58.02;1505870.45
2025-10-29;58.0;58.31;57.98;58.01;1552091.71
2025-10-30;58.08;58.15;57.65;57.89;1199004.06
2025-10-31;57.95;57.95;57.56;57.6;1529386.06
2025-11-03;57.57;58.04;57.57;57.85;493093.71
2025-11-04;57.04;57.62;56.77;57.54;1294396.55
2025-11-05;57.12;57.8;57.11;57.65;1488039.82
2025-11-06;57.67;57.73;57.13;57.13;1467635.74
2025-11-07;57.15;57.17;56.63;56.68;1684179.2
2025-11-10;57.52;57.83;57.42;57.73;354660.36
2025-11-11;57.93;58.34;57.89;58.31;865312.91
2025-11-12;58.62;59.1;58.62;58.89;2655706.82
2025-11-13;59.05;59.11;58.33;58.36;1500706.87
2025-11-14;57.97;58.0;57.29;57.79;1797618.47
2025-11-17;57.9;57.9;57.2;57.33;3887296.68
2025-11-18;56.57;56.68;56.01;56.2;2338389.01
2025-11-19;56.2;56.74;56.0;56.42;1395075.44
2025-11-20;56.98;57.14;56.71;56.72;1685771.18
2025-11-21;55.75;56.23;55.71;55.96;3315704.32
2025-11-24;56.39;56.58;56.03;56.27;788987.95
2025-11-25;56.37;56.71;56.08;56.71;1962282.48
2025-11-26;57.02;57.52;56.86;57.51;5004064.15
2025-11-27;57.41;57.65;57.41;57.57;1588486.98
2025-11-28;57.5;57.79;57.47;57.76;1272184.56
2025-12-01;57.52;57.75;57.4;57.75;1002874.62
2025-12-02;57.76;58.18;57.76;58.11;483941.08
2025-12-03;58.18;58.3;57.94;58.01;705086.94
2025-12-04;58.24;58.35;58.13;58.29;9225011.4
2025-12-05;58.33;58.53;58.31;58.39;788908.82
2025-12-08;58.22;58.39;58.19;58.3;318203.23
2025-12-09;58.46;58.51;58.12;58.25;760075.4
2025-12-10;58.16;58.24;58.04;58.13;744735.97
2025-12-11;58.02;58.74;58.02;58.63;893836.15
2025-12-12;58.89;58.99;58.59;58.59;861579.17
2025-12-15;58.55;58.66;58.37;58.53;3730727.48
2025-12-16;58.34;58.46;58.09;58.22;527474.79
2025-12-17;58.36;58.37;57.86;57.86;8390189.69
2025-12-18;57.87;58.49;57.87;58.47;3132464.63
2025-12-19;58.46;58.71;58.31;58.66;1243916.83
2025-12-22;58.69;58.7;58.33;58.48;1003928.32
2025-12-23;58.43;58.54;58.38;58.47;1019460.58
2025-12-29;58.56;58.64;58.33;58.59;9221684.11
2025-12-30;58.58;59.27;58.57;59.24;1566300.37
2026-01-02;59.0;59.68;59.0;59.55;825481.79
