Date;OPEN_PRC;HIGH_1;LOW_1;TRDPRC_1;TRNOVR_UNS
2009-05-26;6.95;7.12;6.77;7.12;408.7
2009-05-27;7.4;7.4;7.24;7.27;10353.5
2009-05-28;7.43;7.43;7.43;7.43;118.9
2009-05-29;7.57;7.7;7.57;7.7;9439.8
2009-06-01;;;;7.7;
2009-06-02;8.39;8.42;8.3;8.3;5352.8
2009-06-03;8.47;8.47;8.25;8.25;4022.7
2009-06-04;7.96;7.98;7.96;7.98;598.2
2009-06-05;8.45;8.54;8.04;8.34;439631.7
2009-06-08;8.24;8.24;8.24;8.24;412.0
2009-06-09;8.46;8.56;8.46;8.56;18632.0
2009-06-10;8.99;8.99;8.78;8.78;13137.8
2009-06-11;8.9;9.39;8.9;9.34;52492.9
2009-06-12;9.4;9.4;8.89;9.1;18262.8
2009-06-15;9.05;9.05;8.32;8.37;40986.4
2009-06-16;8.46;8.46;8.29;8.29;3913.3
2009-06-17;8.12;8.12;8.1;8.1;13774.0
2009-06-18;8.05;8.08;7.95;8.08;9620.0
2009-06-19;8.2;8.33;8.2;8.24;16974.0
2009-06-22;7.86;7.86;7.58;7.64;231279.5
2009-06-23;7.43;7.43;7.43;7.43;3715.0
2009-06-24;7.7;8.2;7.7;8.2;37427.2
2009-06-25;8.2;8.23;8.2;8.23;4926.0
2009-06-26;8.55;8.56;8.19;8.26;31382.2
2009-06-29;8.43;8.57;8.36;8.52;348555.3
2009-06-30;8.56;8.56;7.9;7.9;240436.5
2009-07-01;8.21;8.63;8.21;8.45;402965.7
2009-07-02;8.2;8.2;8.05;8.13;3587.0
2009-07-03;8.19;8.19;8.0;8.06;6950.2
2009-07-06;7.7;7.81;7.67;7.81;19397.5
2009-07-07;7.86;7.87;7.8;7.8;6684.9
2009-07-08;7.76;7.85;7.56;7.56;115612.0
2009-07-09;7.7;7.7;7.6;7.64;5109.6
2009-07-10;7.73;7.73;7.59;7.59;952.3
2009-07-13;7.47;7.78;7.47;7.54;12053.0
2009-07-14;8.05;8.05;7.99;8.05;350947.7
2009-07-15;8.45;8.81;8.45;8.71;407062.5
2009-07-16;8.71;8.79;8.71;8.79;64201.3
2009-07-17;8.86;9.08;8.72;9.08;27521.2
2009-07-20;9.4;9.42;8.99;9.0;57782.6
2009-07-21;9.25;9.35;9.11;9.35;2913.2
2009-07-22;8.93;9.44;8.93;9.44;92681.0
2009-07-23;9.7;9.7;9.7;9.7;2425.0
2009-07-24;9.68;9.78;9.65;9.73;73278.9
2009-07-27;9.92;9.92;9.92;9.92;7241.6
2009-07-28;9.95;10.03;9.61;9.61;326847.9
2009-07-29;9.32;9.44;9.27;9.27;305465.1
2009-07-30;9.53;9.95;9.52;9.95;308177.7
2009-07-31;10.4;10.43;10.35;10.43;318320.5
2009-08-03;10.57;11.24;10.57;11.24;12563.5
2009-08-04;11.0;11.26;11.0;11.21;41192.5
2009-08-05;11.43;11.95;11.4;11.95;25187.0
2009-08-06;11.57;11.63;11.25;11.32;340850.6
2009-08-07;11.28;11.78;10.96;11.78;21764.6
2009-08-10;12.07;12.13;11.93;11.93;53226.6
2009-08-11;11.99;11.99;11.76;11.8;27624.4
2009-08-12;11.25;11.83;11.2;11.83;174389.6
2009-08-13;12.0;12.8;12.0;12.68;42890.5
2009-08-14;12.5;12.57;12.2;12.2;803603.2
2009-08-17;11.52;11.52;11.32;11.51;52757.8
2009-08-18;11.91;11.93;11.28;11.3;130202.1
2009-08-19;11.14;11.2;10.72;10.99;213416.5
2009-08-20;11.65;11.65;11.34;11.34;307306.7
2009-08-21;11.21;12.11;11.19;12.11;33609.1
2009-08-24;12.55;12.7;12.2;12.41;167979.8
2009-08-25;12.4;12.4;12.13;12.37;367204.3
2009-08-26;12.6;12.6;12.3;12.3;375770.1
2009-08-27;12.16;12.17;12.15;12.15;258396.9
2009-08-28;12.66;13.11;12.66;12.97;234822.0
2009-08-31;12.46;12.49;11.75;11.75;1014318.5
2009-09-01;12.28;12.29;11.85;11.95;376497.9
2009-09-02;11.89;11.89;11.2;11.71;462132.2
2009-09-03;11.89;12.08;11.82;11.82;158585.8
2009-09-04;12.34;12.34;12.05;12.08;221855.3
2009-09-07;12.56;12.56;12.2;12.2;47884.7
2009-09-08;12.45;12.89;12.45;12.82;716272.3
2009-09-09;13.0;13.0;12.2;12.25;102652.6
2009-09-10;12.39;12.39;11.69;11.95;39178.1
2009-09-11;12.06;12.17;11.93;12.11;231021.2
2009-09-14;12.05;12.05;11.1;11.25;396352.2
2009-09-15;11.38;11.6;11.38;11.46;225014.8
2009-09-16;11.74;12.18;11.72;12.16;151582.0
2009-09-17;12.22;12.26;11.97;12.26;38591.3
2009-09-18;11.98;11.98;11.38;11.63;417373.2
2009-09-21;11.5;11.5;10.86;11.33;498056.2
2009-09-22;11.36;11.86;11.36;11.5;506193.8
2009-09-23;11.39;11.39;10.86;10.89;625868.7
2009-09-24;10.84;11.02;10.37;10.4;322551.4
2009-09-25;10.7;10.71;10.4;10.44;229880.7
2009-09-28;10.42;10.42;10.2;10.41;34003.3
2009-09-29;10.71;10.8;10.35;10.62;176331.4
2009-09-30;11.05;11.3;10.9;11.16;383479.4
2009-10-01;11.3;11.32;10.95;10.95;46135.2
2009-10-02;10.45;10.48;10.08;10.45;121273.1
2009-10-05;10.35;10.44;10.19;10.21;232894.6
2009-10-06;10.64;11.13;10.64;11.13;123147.5
2009-10-07;10.9;11.1;10.75;11.1;290650.2
2009-10-08;11.37;11.64;11.34;11.57;481755.5
2009-10-09;11.57;11.64;11.37;11.5;158921.1
2009-10-12;11.5;11.59;11.35;11.52;55401.9
2009-10-13;11.63;11.63;10.75;10.87;289013.0
2009-10-14;11.41;11.41;11.15;11.17;63270.7
2009-10-15;11.16;11.21;10.8;11.13;293808.1
2009-10-16;11.34;11.37;11.02;11.11;164683.6
2009-10-19;11.38;11.92;11.32;11.92;257768.6
2009-10-20;11.85;12.33;11.85;12.0;340313.6
2009-10-21;12.0;12.0;11.65;11.91;45923.7
2009-10-22;12.35;12.65;12.24;12.62;197067.4
2009-10-23;12.66;12.88;12.58;12.67;139783.1
2009-10-26;12.89;12.99;12.55;12.75;546466.2
2009-10-27;12.5;12.68;12.29;12.59;27271.3
2009-10-28;12.44;12.47;12.12;12.12;26605.8
2009-10-29;12.0;12.62;12.0;12.51;23087.6
2009-10-30;12.9;12.9;12.6;12.6;7892.0
2009-11-02;12.28;12.38;12.13;12.38;5641.8
2009-11-03;11.94;12.09;11.8;12.09;8112.7
2009-11-04;12.38;12.65;12.38;12.55;12864.6
2009-11-05;12.18;12.24;12.11;12.16;27451.0
2009-11-06;11.68;12.47;11.4;12.07;28044.4
2009-11-09;12.59;12.59;12.19;12.31;15968.9
2009-11-10;12.5;13.04;12.5;12.07;204031.6
2009-11-11;12.25;12.52;12.16;12.16;158086.6
2009-11-12;12.1;12.1;11.87;11.87;180005.8
2009-11-13;12.15;12.22;12.15;12.22;851.2
2009-11-16;12.5;13.04;12.5;13.02;204031.6
2009-11-17;13.12;13.39;13.05;13.39;43302.2
2009-11-18;13.53;13.81;13.47;13.48;159339.0
2009-11-19;13.32;13.43;13.0;13.1;39101.3
2009-11-20;13.3;13.33;13.0;13.08;82474.8
2009-11-23;13.83;13.84;13.6;13.75;89951.8
2009-11-24;14.2;14.2;13.3;13.3;34457.6
2009-11-25;13.9;13.9;13.49;13.49;6788.6
2009-11-26;13.52;13.55;13.35;13.36;298242.7
2009-11-27;13.11;13.11;12.55;13.1;548531.1
2009-11-30;13.6;13.6;13.15;13.15;4026.5
2009-12-01;13.6;13.85;13.6;13.85;155354.3
2009-12-02;13.97;14.24;13.86;14.24;449124.9
2009-12-03;14.25;14.25;14.01;14.01;17921.4
2009-12-04;13.79;14.3;13.79;14.27;152016.8
2009-12-07;13.75;13.89;13.71;13.87;92694.8
2009-12-08;13.99;14.22;13.64;13.64;51682.9
2009-12-09;13.5;13.83;13.5;13.67;44065.7
2009-12-10;13.33;13.48;13.21;13.3;26907.1
2009-12-11;13.48;13.5;13.39;13.4;12935.4
2009-12-14;13.7;13.71;13.44;13.71;52492.8
2009-12-15;13.7;13.71;13.49;13.71;23723.7
2009-12-16;13.9;14.22;13.9;14.22;138790.3
2009-12-17;14.1;14.1;13.79;13.79;175402.5
2009-12-18;13.8;13.8;13.58;13.66;124872.0
2009-12-21;14.2;14.2;13.85;14.09;161244.7
2009-12-22;13.77;13.78;13.7;13.78;42801.3
2009-12-23;13.95;14.22;13.95;14.22;359564.1
2009-12-28;14.5;15.46;14.5;15.37;190340.0
2009-12-29;15.18;15.26;15.15;15.23;388706.5
2009-12-30;15.69;15.69;15.47;15.58;166223.1
2010-01-04;15.72;16.37;15.72;16.02;180556.7
2010-01-05;16.2;16.28;15.95;16.21;336123.1
2010-01-06;16.44;17.2;16.44;17.2;120062.0
2010-01-07;16.73;16.93;16.54;16.63;684064.8
2010-01-08;16.5;16.5;16.17;16.33;407470.0
2010-01-11;16.72;16.88;16.4;16.47;217174.5
2010-01-12;16.31;16.33;15.74;15.82;233735.0
2010-01-13;15.5;15.87;15.22;15.77;282580.8
2010-01-14;16.0;16.39;15.97;16.22;98105.5
2010-01-15;15.88;15.97;15.58;15.84;299477.1
2010-01-18;16.15;16.37;16.14;16.37;146346.2
2010-01-19;16.5;16.55;16.07;16.37;225062.3
2010-01-20;16.28;16.35;15.8;15.8;655148.1
2010-01-21;16.14;16.14;15.35;15.35;55641.8
2010-01-22;15.38;15.86;15.14;;
2010-01-25;15.68;16.29;15.68;16.29;46443.1
2010-01-26;15.68;15.9;15.67;15.9;357295.8
2010-01-27;15.77;15.77;15.07;15.31;558921.1
2010-01-28;14.88;14.93;14.05;14.05;390345.4
2010-01-29;13.07;14.14;13.07;13.6;208214.0
2010-02-01;13.0;13.69;13.0;13.53;782136.8
2010-02-02;13.38;13.87;13.34;13.5;1449896.2
2010-02-03;13.87;14.0;12.96;13.1;565384.4
2010-02-04;12.78;13.71;11.92;11.97;592925.8
2010-02-05;11.97;11.97;11.48;11.89;298046.1
2010-02-08;12.25;12.32;11.9;12.15;267363.7
2010-02-09;12.4;12.65;12.35;12.5;294659.3
2010-02-10;12.79;12.93;12.44;12.58;235685.0
2010-02-11;12.97;13.63;12.97;13.5;543811.5
2010-02-12;13.71;14.07;13.44;13.7;964569.5
2010-02-15;14.0;14.03;13.72;13.94;185859.1
2010-02-16;14.21;14.72;14.21;14.7;445780.7
2010-02-17;14.78;15.25;14.7;14.99;754145.1
2010-02-18;14.82;15.8;14.71;15.6;468446.6
2010-02-19;15.15;16.25;15.09;16.25;309360.9
2010-02-22;16.11;16.17;15.7;15.7;376503.9
2010-02-23;15.94;16.03;14.79;14.96;135802.3
2010-02-24;15.08;15.2;14.68;15.05;52887.2
2010-02-25;15.0;15.0;14.5;14.68;38020.5
2010-02-26;14.91;15.22;14.79;15.13;114043.7
2010-03-01;15.44;16.6;15.44;15.98;597676.8
2010-03-02;15.74;16.38;15.65;16.35;209120.4
2010-03-03;16.26;16.97;16.18;16.9;495445.4
2010-03-04;16.38;16.68;16.01;16.1;482546.3
2010-03-05;16.7;16.97;16.3;16.97;414215.7
2010-03-08;16.94;17.0;16.41;16.41;215700.4
2010-03-09;16.5;16.52;16.18;16.52;149907.9
2010-03-10;16.78;16.8;16.38;16.8;155550.0
2010-03-11;16.06;16.3;15.85;16.06;249183.7
2010-03-12;16.2;16.24;16.09;16.2;103350.5
2010-03-15;15.86;15.86;15.46;15.46;236897.8
2010-03-16;15.67;16.0;15.67;15.99;75270.9
2010-03-17;16.25;16.5;16.21;16.34;121782.1
2010-03-18;16.28;16.45;16.23;16.32;67454.6
2010-03-19;16.54;16.56;16.13;16.16;152209.9
2010-03-22;16.0;16.17;15.73;16.17;26799.5
2010-03-23;16.24;16.54;16.2;16.47;170323.2
2010-03-24;16.62;16.62;16.0;16.16;62682.1
2010-03-25;16.17;16.47;16.17;16.45;77335.3
2010-03-26;16.5;16.99;16.5;16.75;2649770.3
2010-03-29;17.07;17.77;17.07;17.73;539067.1
2010-03-30;17.03;18.3;16.75;18.25;221756.4
2010-03-31;17.88;18.16;17.88;17.9;461820.8
2010-04-01;18.15;18.53;18.15;18.19;229968.9
2010-04-06;18.78;19.0;18.65;19.0;376580.8
2010-04-07;18.99;18.99;18.63;18.63;195442.9
2010-04-08;18.5;18.5;18.16;18.36;91131.3
2010-04-09;18.75;18.83;18.47;18.49;160549.8
2010-04-12;18.46;18.67;18.33;18.38;299259.0
2010-04-13;18.1;18.21;17.89;18.12;157413.8
2010-04-14;18.25;18.44;18.25;18.32;150794.1
2010-04-15;18.38;18.5;18.16;18.45;945973.6
2010-04-16;18.37;18.45;17.7;17.7;111824.0
2010-04-19;17.13;17.57;17.06;17.46;156182.5
2010-04-20;17.66;17.96;17.62;17.93;107690.6
2010-04-21;17.88;17.88;17.4;17.61;190562.9
2010-04-22;17.8;17.8;17.42;17.54;130631.1
2010-04-23;17.55;17.82;17.4;17.82;452981.5
2010-04-26;18.06;18.09;17.88;17.88;73387.7
2010-04-27;17.57;17.65;17.24;17.35;127035.7
2010-04-28;17.2;17.2;16.15;16.55;576600.0
2010-04-29;17.0;17.16;16.07;16.19;333806.4
2010-04-30;16.22;16.34;15.9;15.94;189622.3
2010-05-03;15.9;15.9;15.43;15.5;339223.2
2010-05-04;15.72;15.81;14.77;14.81;460832.7
2010-05-05;14.87;14.87;13.35;14.24;364068.0
2010-05-06;14.56;15.0;14.44;14.52;484179.2
2010-05-07;14.2;14.56;14.02;14.13;178935.0
2010-05-10;14.8;15.45;14.8;15.33;196293.0
2010-05-11;15.08;16.15;14.63;15.18;463022.7
2010-05-12;14.99;15.64;14.85;15.43;389708.4
2010-05-13;15.49;15.86;15.2;15.85;392488.1
2010-05-14;15.6;15.62;14.88;15.0;247868.0
2010-05-17;14.21;14.5;13.3;13.39;333833.3
2010-05-18;13.7;14.18;13.63;14.1;278791.5
2010-05-19;13.6;13.72;13.24;13.35;133402.14
2010-05-20;13.7;13.96;12.8;13.21;170055.0
2010-05-21;13.33;14.21;13.24;14.21;196009.8
2010-05-24;14.39;14.8;14.26;14.71;375056.4
2010-05-25;14.5;14.5;13.83;14.0;68334.3
2010-05-26;14.46;14.75;14.4;14.6;130278.7
2010-05-27;14.77;15.2;14.68;15.13;198145.2
2010-05-28;15.03;15.22;14.87;15.0;245384.7
2010-05-31;14.8;14.8;14.63;14.69;142778.7
2010-06-01;14.45;14.45;13.99;14.31;126855.9
2010-06-02;14.01;14.01;13.51;13.85;227924.3
2010-06-03;13.98;14.2;13.16;13.16;731875.5
2010-06-04;13.47;13.6;12.45;12.45;624433.6
2010-06-07;12.22;12.57;11.55;11.58;820717.0
2010-06-08;12.0;12.38;11.6;11.8;605707.6
2010-06-09;12.2;12.74;12.15;12.61;713596.7
2010-06-10;12.56;12.89;12.43;12.74;349230.3
2010-06-11;12.74;13.2;12.65;12.96;446159.3
2010-06-14;13.3;13.71;12.7;13.65;546505.9
2010-06-15;13.32;13.67;13.26;13.52;256625.9
2010-06-16;13.65;13.9;13.25;13.44;404334.3
2010-06-17;13.3;13.3;12.5;12.67;1398271.0
2010-06-18;12.58;12.62;12.15;12.6;693416.7
2010-06-21;12.7;13.57;12.7;13.23;1335106.0
2010-06-22;13.16;13.29;12.88;13.29;655558.3
2010-06-23;13.39;13.45;12.87;13.1;639685.2
2010-06-24;13.39;13.5;13.2;13.3;428469.7
2010-06-25;13.3;13.6;13.3;13.6;443152.6
2010-06-28;13.68;14.38;13.68;14.33;1124661.7
2010-06-29;13.7;13.7;12.95;13.04;1308556.6
2010-06-30;12.91;13.05;12.25;12.8;729570.9
2010-07-01;12.42;12.51;11.88;12.02;742944.5
2010-07-02;12.67;12.67;12.18;12.25;178800.5
2010-07-05;12.28;12.645;12.28;12.44;194436.7
2010-07-06;12.57;13.1;12.57;12.785;344267.2
2010-07-07;12.58;13.1;12.5;13.08;446096.7
2010-07-08;13.06;13.28;12.81;12.83;316808.9
2010-07-09;13.24;13.48;13.12;13.34;437660.6
2010-07-12;13.215;13.215;12.9;12.96;210523.4
2010-07-13;12.81;13.17;12.77;12.97;393311.5
2010-07-14;13.02;13.225;12.8;12.98;202817.3
2010-07-15;12.9;12.925;12.65;12.69;289404.1
2010-07-16;12.785;12.79;12.03;12.14;540264.7
2010-07-19;12.2;12.225;12.02;12.12;260292.2
2010-07-20;12.315;12.72;12.26;12.72;671202.9
2010-07-21;12.74;13.55;12.67;13.37;961898.6
2010-07-22;13.315;14.23;13.315;14.14;1343671.1
2010-07-23;14.18;14.5;14.02;14.19;505156.2
2010-07-26;14.285;14.52;14.13;14.39;625416.3
2010-07-27;14.3;14.5;14.025;14.1;286369.7
2010-07-28;14.5;14.75;14.48;14.62;572216.8
2010-07-29;14.63;14.96;14.61;14.87;409188.4
2010-07-30;14.76;15.125;14.64;15.11;359192.4
2010-08-02;15.2;15.595;15.2;15.59;399999.5
2010-08-03;15.395;15.465;15.155;15.4;360883.2
2010-08-04;15.345;15.82;15.265;15.82;325400.0
2010-08-05;15.665;15.7;15.14;15.24;226109.7
2010-08-06;15.525;15.565;15.03;15.08;97545.6
2010-08-09;15.445;15.62;15.39;15.48;287984.6
2010-08-10;15.18;15.19;14.7;15.0;172833.4
2010-08-11;14.87;14.87;14.69;14.69;267525.1
2010-08-12;14.75;15.17;14.705;15.11;193671.7
2010-08-13;15.19;15.19;14.92;14.92;16182.6
2010-08-16;15.065;15.2;15.01;15.12;128040.9
2010-08-17;15.315;15.63;15.3;15.625;212508.1
2010-08-18;15.52;15.53;15.4;15.405;167423.5
2010-08-19;15.73;16.04;15.345;15.375;344732.8
2010-08-20;15.79;15.79;14.995;15.27;128432.6
2010-08-23;15.265;15.285;15.19;15.26;71588.5
2010-08-24;15.085;15.115;14.7;14.85;43435.2
2010-08-25;14.925;14.935;14.395;14.52;74236.7
2010-08-26;14.935;15.385;14.935;15.36;288943.7
2010-08-27;15.45;16.035;15.375;16.035;184366.4
2010-08-30;16.12;16.4;16.1;16.32;591365.1
2010-08-31;15.6;16.1;15.12;15.98;167783.5
2010-09-01;15.665;16.7;15.665;16.64;667348.8
2010-09-02;16.665;16.88;16.665;16.73;323059.1
2010-09-03;16.81;17.135;16.755;16.785;134432.0
2010-09-06;16.985;17.025;16.825;16.915;148643.8
2010-09-07;16.695;16.72;16.27;16.72;178743.0
2010-09-08;16.94;17.05;16.63;17.01;605211.8
2010-09-09;16.445;16.6;16.28;16.535;252420.5
2010-09-10;16.44;16.46;16.25;16.43;142209.5
2010-09-13;16.6;16.785;16.56;16.67;2422442.4
2010-09-14;16.43;16.57;16.18;16.51;196298.06
2010-09-15;16.27;16.27;16.02;16.195;150659.5
2010-09-16;16.18;16.64;16.18;16.55;159323.8
2010-09-17;16.72;16.93;16.535;16.7;228405.2
2010-09-20;16.94;16.94;16.71;16.83;133261.1
2010-09-21;16.56;16.6;16.295;16.295;96518.2
2010-09-22;16.345;16.85;16.12;16.71;134828.6
2010-09-23;16.88;17.0;16.79;17.0;346177.2
2010-09-24;17.135;17.28;16.975;17.13;392884.6
2010-09-27;17.025;17.1;16.9;16.9;115449.4
2010-09-28;16.84;16.88;16.78;16.88;101729.6
2010-09-29;17.27;17.36;17.17;17.33;61167.4
2010-09-30;17.33;17.36;17.16;17.16;151357.8
2010-10-01;17.45;17.71;17.4;17.4;271464.8
2010-10-04;17.35;17.48;17.3;17.3;46999.1
2010-10-05;17.215;17.835;17.215;17.64;177812.7
2010-10-06;17.78;18.18;17.78;17.91;85401.9
2010-10-07;17.92;17.98;17.07;17.085;306666.2
2010-10-08;17.18;18.18;17.015;18.05;205421.3
2010-10-11;18.49;18.5;17.995;18.035;277391.1
2010-10-12;17.75;18.32;17.635;18.28;200214.7
2010-10-13;18.355;18.5;18.265;18.465;113156.1
2010-10-14;18.465;18.6;18.19;18.36;636728.7
2010-10-15;18.325;18.42;18.1;18.42;216818.1
2010-10-18;18.21;18.75;18.115;18.665;144757.4
2010-10-19;18.73;18.775;17.68;18.05;400478.6
2010-10-20;18.02;18.14;17.7;17.78;30993.7
2010-10-21;17.9;18.5;17.9;18.2;108679.1
2010-10-22;18.04;18.21;17.89;18.075;122511.2
2010-10-25;18.5;18.86;18.5;18.81;362504.3
2010-10-26;18.71;19.0;18.6;18.97;139900.4
2010-10-27;18.93;18.93;17.98;18.03;525407.6
2010-10-28;18.19;18.5;18.06;18.375;385125.9
2010-10-29;18.0;18.0;17.39;17.58;643499.2
2010-11-01;17.79;18.29;17.79;18.17;547515.4
2010-11-02;17.98;18.35;17.98;18.25;122803.2
2010-11-03;18.335;18.42;17.735;17.755;538654.4
2010-11-04;18.0;18.8;18.0;18.8;621215.9
2010-11-05;18.9;19.71;18.9;19.43;702927.9
2010-11-08;19.58;19.69;19.37;19.69;210905.8
2010-11-09;19.75;20.445;19.75;20.31;489157.1
2010-11-10;20.325;20.385;19.8;19.985;315695.8
2010-11-11;20.1;21.095;20.1;20.8;441752.1
2010-11-12;20.6;20.6;19.5;19.7;746646.5
2010-11-15;19.56;19.62;18.885;19.605;186125.6
2010-11-16;19.33;19.33;18.0;18.08;464704.8
2010-11-17;17.12;18.05;16.75;17.9;1225272.8
2010-11-18;18.31;18.615;18.2;18.615;359560.2
2010-11-19;18.77;18.985;18.3;18.7;190530.7
2010-11-22;18.59;18.635;17.755;17.9;424283.7
2010-11-23;17.75;17.895;17.27;17.715;395726.4
2010-11-24;18.16;18.48;17.925;18.44;736266.6
2010-11-25;18.145;18.4;18.145;18.4;59415.6
2010-11-26;18.185;18.36;18.0;18.36;104306.4
2010-11-29;18.72;18.8;18.435;18.535;158151.3
2010-11-30;18.77;19.46;18.7;19.32;727882.0
2010-12-01;19.57;20.195;19.57;20.15;475766.3
2010-12-02;20.39;20.78;20.34;20.67;381024.7
2010-12-03;20.66;20.75;20.2;20.49;217496.8
2010-12-06;20.72;20.96;20.5;20.92;561576.6
2010-12-07;20.97;21.925;20.97;21.745;1166077.1
2010-12-08;21.0;21.66;20.85;21.535;537444.9
2010-12-09;21.73;22.33;21.665;21.88;563504.1
2010-12-10;22.04;22.33;21.78;21.95;865120.5
2010-12-13;22.3;22.925;22.3;22.62;693780.7
2010-12-14;22.66;22.845;22.5;22.615;398620.3
2010-12-15;22.57;22.57;21.86;22.44;497094.5
2010-12-16;21.98;22.23;21.615;21.9;342589.6
2010-12-17;22.49;22.595;22.195;22.4;563823.4
2010-12-20;22.955;23.245;22.75;23.24;427537.8
2010-12-21;23.6;23.97;23.56;23.855;411968.7
2010-12-22;23.845;24.06;23.65;23.865;560004.8
2010-12-23;23.695;23.77;23.345;23.73;729069.5
2010-12-27;23.925;23.98;23.63;23.97;1417225.3
2010-12-28;23.845;24.395;23.815;24.395;258029.6
2010-12-29;24.165;25.39;24.165;24.42;370419.1
2010-12-30;24.84;24.885;24.5;24.5;396615.5
2011-01-03;25.0;26.075;25.0;25.65;1794205.4
2011-01-04;25.45;25.495;24.565;24.745;739852.7
2011-01-05;24.455;24.795;23.94;24.795;504546.8
2011-01-06;25.38;25.425;24.5;24.705;318844.3
2011-01-07;24.295;24.9;23.855;24.78;494596.5
2011-01-10;24.3;24.6;24.095;24.195;376902.9
2011-01-11;24.64;24.945;24.58;24.82;302950.0
2011-01-12;25.18;25.71;25.18;25.65;517164.9
2011-01-13;25.31;25.315;24.5;24.77;703488.8
2011-01-14;24.25;24.825;24.22;24.8;304466.6
2011-01-17;24.94;25.105;24.635;25.08;113703.5
2011-01-18;25.07;25.24;24.98;24.98;96385.8
2011-01-19;25.3;25.36;24.18;24.18;205019.0
2011-01-20;23.94;23.94;22.845;23.145;327020.9
2011-01-21;23.1;23.655;22.995;23.575;238771.2
2011-01-24;23.755;23.87;23.5;23.81;221182.5
2011-01-25;23.35;23.35;22.55;22.625;505705.2
2011-01-26;22.605;22.75;22.41;22.52;133221.8
2011-01-27;23.035;23.525;23.0;23.375;227543.7
2011-01-28;23.325;24.2;23.27;24.2;227636.3
2011-01-31;24.325;24.555;24.13;24.5;393279.7
2011-02-01;24.69;25.485;24.69;25.36;760581.0
2011-02-02;25.5;25.57;25.22;25.5;696943.9
2011-02-03;25.6;25.75;25.44;25.75;326168.7
2011-02-04;25.84;26.75;25.78;26.53;991175.9
2011-02-07;26.66;27.01;26.64;26.8;846544.2
2011-02-08;26.675;26.675;25.35;26.115;900079.4
2011-02-09;25.935;26.055;25.355;25.4;401717.6
2011-02-10;25.715;25.835;25.265;25.68;466826.1
2011-02-11;25.785;26.065;25.48;25.95;318205.0
2011-02-14;26.6;27.01;26.535;26.99;1205571.9
2011-02-15;26.685;26.86;26.455;26.53;330996.3
2011-02-16;26.07;26.07;25.3;25.37;591754.0
2011-02-17;25.365;25.365;24.5;24.755;595364.7
2011-02-18;25.05;25.985;24.6;25.355;396008.8
2011-02-21;25.285;25.34;24.8;24.845;838055.4
2011-02-22;24.7;24.7;23.83;23.955;329423.7
2011-02-23;23.8;23.8;22.45;22.785;767809.7
2011-02-24;22.45;23.05;22.14;22.915;3290602.0
2011-02-25;23.485;24.2;23.13;24.08;1258889.9
2011-02-28;24.8;24.83;24.2;24.81;415359.8
2011-03-01;24.565;25.05;24.25;24.44;465173.4
2011-03-02;24.8;24.805;24.28;24.78;372014.4
2011-03-03;24.5;25.0;24.5;24.825;450463.5
2011-03-04;24.73;25.02;24.35;24.47;193125.8
2011-03-07;24.32;24.56;23.18;23.31;1231223.0
2011-03-08;23.0;23.0;22.0;22.6;1272488.4
2011-03-09;22.805;23.25;21.6;21.75;1117827.9
2011-03-10;21.5;21.5;20.88;21.195;1400631.5
2011-03-11;20.815;21.3;20.45;21.15;395945.9
2011-03-14;21.24;21.27;20.95;21.06;428477.2
2011-03-15;20.72;20.82;20.29;20.8;890287.7
2011-03-16;21.5;21.97;21.2;21.3;555730.5
2011-03-17;21.595;22.89;21.595;22.53;491474.7
2011-03-18;22.78;22.78;22.08;22.35;202287.8
2011-03-21;22.32;22.61;21.6;21.79;265380.1
2011-03-22;21.7;22.03;21.64;22.03;58710.4
2011-03-23;22.4;23.31;22.395;23.13;967319.4
2011-03-24;23.25;23.625;23.0;23.445;739180.4
2011-03-25;22.8;23.525;22.8;23.35;146694.6
2011-03-28;22.91;22.91;22.45;22.685;280142.7
2011-03-29;22.45;22.63;22.01;22.55;241766.0
2011-03-30;22.675;22.71;21.475;21.6;639870.6
2011-03-31;21.82;21.85;21.335;21.695;261832.0
2011-04-01;21.69;21.69;21.1;21.52;349024.9
2011-04-04;21.5;21.92;21.34;21.415;464182.3
2011-04-05;21.56;21.68;21.05;21.67;957092.5
2011-04-06;21.9;22.35;21.79;22.165;913715.0
2011-04-07;22.19;23.085;22.19;22.76;703870.7
2011-04-08;23.02;23.6;23.02;23.41;1256004.1
2011-04-11;23.685;23.685;23.18;23.39;511070.2
2011-04-12;23.3;23.3;22.06;22.14;574528.8
2011-04-13;23.315;23.315;21.6;21.6;1097559.5
2011-04-14;21.34;22.085;20.98;21.14;769779.5
2011-04-15;21.18;21.28;20.85;21.135;558748.7
2011-04-18;21.255;21.33;20.605;20.66;920626.3
2011-04-19;20.6;21.14;20.6;21.055;322402.4
2011-04-20;21.27;21.73;21.15;21.6;485466.1
2011-04-21;21.52;22.07;21.46;22.06;465729.3
2011-04-26;20.98;21.5;20.9;21.4;810125.2
2011-04-27;21.03;21.055;20.45;20.62;716746.7
2011-04-28;20.7;20.77;19.95;20.35;596377.4
2011-04-29;20.9;20.9;19.31;19.41;672827.3
2011-05-02;20.25;20.25;18.49;19.485;732377.3
2011-05-03;19.73;20.06;19.49;20.06;358810.0
2011-05-04;19.8;19.8;18.97;19.04;468302.6
2011-05-05;19.0;19.0;17.815;17.975;791716.1
2011-05-06;18.12;18.7;17.53;18.5;570293.8
2011-05-09;18.805;18.89;18.48;18.68;253853.2
2011-05-10;18.68;19.36;18.5;18.81;618139.7
2011-05-11;18.835;18.835;17.7;17.98;814441.0
2011-05-12;17.72;18.03;17.29;17.94;591652.3
2011-05-13;18.255;18.835;18.255;18.39;485821.0
2011-05-16;18.5;18.6;18.23;18.565;171537.3
2011-05-17;18.18;18.86;17.84;18.44;542938.0
2011-05-18;18.865;19.5;18.82;19.37;272476.8
2011-05-19;19.28;19.4;19.0;19.0;251650.2
2011-05-20;19.11;19.62;19.1;19.59;435095.6
2011-05-23;18.85;18.98;18.28;18.5;610676.9
2011-05-24;18.93;19.14;18.9;19.0;603945.2
2011-05-25;19.16;19.81;19.14;19.78;1118321.1
2011-05-26;19.78;19.78;19.27;19.36;675024.5
2011-05-27;19.8;20.2;19.8;20.0;323573.9
2011-05-30;19.8;19.94;19.69;19.89;53328.1
2011-05-31;19.95;20.15;19.87;20.15;121496.7
2011-06-01;19.85;19.85;19.185;19.33;138878.6
2011-06-02;19.12;19.15;18.65;18.71;121154.4
2011-06-03;19.33;19.33;18.61;19.1;325125.6
2011-06-06;19.33;19.435;19.24;19.26;139930.8
2011-06-07;19.1;19.15;19.0;19.07;52255.6
2011-06-08;18.76;18.78;18.4;18.7;260616.1
2011-06-09;18.7;18.9;18.34;18.88;260120.6
2011-06-10;18.81;18.93;18.5;18.68;96080.2
2011-06-13;18.63;18.7;18.44;18.52;180322.4
2011-06-14;19.34;19.48;18.74;19.47;483985.1
2011-06-15;19.5;19.93;19.235;19.93;250063.4
2011-06-16;19.465;19.6;19.0;19.2;76017.3
2011-06-17;19.385;19.55;19.22;19.36;86246.3
2011-06-20;18.9;19.0;18.51;18.71;186176.3
2011-06-21;19.07;19.28;19.01;19.27;70522.4
2011-06-22;18.88;18.99;18.7;18.75;98613.7
2011-06-23;18.745;18.865;18.675;18.795;177101.3
2011-06-24;19.12;19.55;19.1;19.29;142559.9
2011-06-27;19.1;19.1;18.84;18.86;64393.7
2011-06-28;18.9;19.0;18.81;19.0;36141.5
2011-06-29;19.3;20.0;19.28;20.0;185890.6
2011-06-30;20.1;20.25;20.01;20.25;433357.8
2011-07-01;20.3;20.6;20.3;20.6;251181.4
2011-07-04;20.68;20.78;20.51;20.65;248625.1
2011-07-05;20.9;20.9;20.515;20.85;105359.8
2011-07-06;20.85;21.175;20.85;21.12;601865.3
2011-07-07;21.19;22.15;21.19;22.135;707022.7
2011-07-08;22.1;22.39;21.63;21.9;678373.1
2011-07-11;21.89;22.11;21.71;21.83;322175.7
2011-07-12;21.8;22.22;21.63;22.205;933855.8
2011-07-13;22.35;22.645;22.08;22.235;259826.0
2011-07-14;22.1;22.1;21.73;21.87;498280.7
2011-07-15;21.67;22.27;21.67;22.23;126666.0
2011-07-18;;;;22.23;
2011-07-19;22.64;22.9;22.55;22.83;806064.2
2011-07-20;22.58;22.63;22.265;22.4;76456.8
2011-07-21;21.96;21.965;21.685;21.87;167557.1
2011-07-22;21.69;21.83;21.55;21.625;12153.0
2011-07-25;21.54;21.85;21.51;21.85;57756.1
2011-07-26;22.03;22.35;21.99;22.26;94299.9
2011-07-27;22.27;22.27;21.97;22.155;46533.0
2011-07-28;22.25;22.58;22.2;22.5;568157.3
2011-07-29;22.44;22.46;21.87;21.87;67669.5
2011-08-01;22.75;22.75;22.0;22.105;207257.3
2011-08-02;21.9;22.0;21.79;21.845;50137.7
2011-08-03;21.845;21.85;21.035;21.09;166854.1
2011-08-04;21.0;21.22;20.5;20.55;129090.0
2011-08-05;19.565;20.08;19.36;19.36;279474.1
2011-08-08;19.02;19.02;17.915;18.0;276571.3
2011-08-09;18.0;18.22;17.53;17.84;366154.8
2011-08-10;18.4;18.4;17.2;17.24;149766.8
2011-08-11;18.02;18.2;17.8;18.1;299035.1
2011-08-12;18.075;18.26;18.0;18.07;61628.0
2011-08-16;17.9;17.9;17.42;17.76;129735.5
2011-08-17;17.8;18.29;17.8;18.225;124860.0
2011-08-18;17.95;17.95;17.45;17.45;144808.1
2011-08-19;17.44;17.7;17.44;17.68;97193.5
2011-08-22;17.51;17.66;17.2;17.2;157659.1
2011-08-23;17.67;17.85;17.52;17.52;88302.1
2011-08-24;17.6;17.85;17.5;17.79;69588.0
2011-08-25;17.915;18.51;17.885;18.44;277765.1
2011-08-26;18.34;18.74;18.165;18.695;140614.5
2011-08-29;18.4;18.4;18.195;18.235;58229.0
2011-08-30;18.6;19.02;18.6;19.02;308042.6
2011-08-31;19.0;19.45;19.0;19.44;244858.1
2011-09-01;19.1;19.12;18.9;19.05;155308.0
2011-09-02;19.0;19.0;18.6;18.75;143953.4
2011-09-05;18.64;18.71;18.34;18.42;91508.4
2011-09-06;18.445;18.54;18.38;18.5;38470.3
2011-09-07;18.83;19.2;18.66;19.12;134661.7
2011-09-08;18.89;19.26;18.88;19.26;18400.3
2011-09-09;18.99;18.99;18.61;18.61;787550.0
2011-09-12;17.985;18.15;17.7;18.05;297899.2
2011-09-13;18.25;18.49;18.1;18.2;42111.2
2011-09-14;17.9;18.04;17.43;17.465;342498.2
2011-09-15;17.56;17.86;17.49;17.72;957053.2
2011-09-16;17.945;18.12;17.75;17.75;274737.9
2011-09-19;17.0;17.0;16.375;16.53;525680.0
2011-09-20;16.605;16.71;16.2;16.45;314297.1
2011-09-21;17.55;17.55;15.94;16.03;294231.0
2011-09-22;15.8;15.8;14.14;14.18;574948.4
2011-09-23;14.0;14.0;12.335;13.19;1608263.7
2011-09-26;11.44;12.5;11.325;12.445;794132.2
2011-09-27;12.73;13.76;12.73;13.56;886248.7
2011-09-28;13.0;13.16;12.46;12.5;982285.9
2011-09-29;12.3;12.3;11.29;11.95;1713849.2
2011-09-30;12.38;12.5;11.12;11.485;1348373.3
2011-10-03;11.27;11.475;10.55;11.465;1479041.8
2011-10-04;11.395;11.44;10.99;11.38;1433083.7
2011-10-05;11.38;11.53;10.555;10.92;395479.7
2011-10-06;11.19;12.355;11.19;11.96;1681136.2
2011-10-07;12.15;12.6;12.15;12.45;565249.6
2011-10-10;12.475;12.85;12.425;12.785;370581.4
2011-10-11;12.7;12.7;11.82;12.065;960920.2
2011-10-12;12.365;12.9;12.365;12.785;880374.1
2011-10-13;12.53;12.6;12.15;12.275;470358.0
2011-10-14;12.695;13.03;12.67;12.795;1256671.9
2011-10-17;12.3;13.2;12.3;12.8;409872.5
2011-10-18;12.1;12.4;11.97;12.37;506731.1
2011-10-19;12.3;12.39;11.9;11.93;624367.9
2011-10-20;11.85;11.85;10.4;10.47;2465782.1
2011-10-21;10.78;11.44;10.78;11.32;1386033.8
2011-10-24;11.5;12.9;11.5;12.855;1395315.3
2011-10-25;13.0;13.35;12.31;12.6;998260.4
2011-10-26;12.98;13.92;12.98;13.1;1941141.4
2011-10-27;13.625;14.5;13.62;14.43;1164879.6
2011-10-28;14.345;14.54;13.93;14.54;1931153.0
2011-10-31;13.965;14.15;13.715;14.15;290258.3
2011-11-01;13.85;13.85;13.22;13.52;273489.2
2011-11-02;14.14;14.33;13.89;14.08;1087263.9
2011-11-03;13.66;14.1;13.26;13.81;466433.7
2011-11-04;14.33;14.375;13.795;13.895;276061.7
2011-11-07;13.625;13.825;13.39;13.645;696742.5
2011-11-08;13.74;13.94;13.455;13.475;221357.4
2011-11-09;13.655;13.68;13.01;13.145;962147.3
2011-11-10;12.36;12.695;12.2;12.345;486842.5
2011-11-11;12.695;13.0;12.48;13.0;665735.7
2011-11-14;13.11;13.815;13.11;13.605;555389.4
2011-11-15;13.48;13.6;13.24;13.565;665660.9
2011-11-16;13.31;13.465;13.1;13.45;250518.2
2011-11-17;13.36;13.36;12.8;12.8;571500.9
2011-11-18;12.75;13.005;12.68;12.815;432648.0
2011-11-21;12.6;12.6;11.87;11.94;702105.9
2011-11-22;12.475;12.475;12.185;12.26;325947.4
2011-11-23;12.0;12.06;11.7;11.855;394020.1
2011-11-24;12.11;12.175;12.02;12.02;63362.5
2011-11-25;11.895;12.32;11.73;12.155;88377.6
2011-11-28;12.5;12.84;12.5;12.8;251617.7
2011-11-29;12.44;12.78;12.44;12.71;150609.6
2011-11-30;12.31;14.38;12.2;14.07;1761535.0
2011-12-01;13.82;13.91;13.6;13.6;1031458.4
2011-12-02;14.0;14.3;13.85;14.06;341564.5
2011-12-05;14.03;14.38;13.99;14.33;157938.4
2011-12-06;13.88;14.02;13.66;13.98;226797.3
2011-12-07;14.205;14.27;13.65;13.805;622699.7
2011-12-08;13.9;14.15;13.39;13.39;219879.8
2011-12-09;13.355;13.88;13.355;13.88;138239.6
2011-12-12;13.525;13.525;13.12;13.24;712153.8
2011-12-13;13.31;13.45;13.24;13.32;26952.5
2011-12-14;13.1;13.11;11.96;12.04;358093.8
2011-12-15;12.11;12.365;11.93;11.93;173132.0
2011-12-16;12.49;12.59;12.34;12.48;244385.9
2011-12-19;12.34;12.4;12.175;12.175;75564.8
2011-12-20;12.33;12.8;12.3;12.8;306008.8
2011-12-21;12.885;13.08;12.655;12.815;110259.0
2011-12-22;13.07;13.15;12.95;13.06;78407.4
2011-12-23;13.35;13.55;13.3;13.48;205941.9
2011-12-27;13.485;13.485;12.95;13.15;215481.4
2011-12-28;13.135;13.295;12.84;12.84;64727.6
2011-12-29;12.755;13.03;12.62;12.95;65128.2
2011-12-30;13.1;13.33;13.1;13.27;89856.8
2012-01-02;12.77;13.29;12.77;13.11;32571.3
2012-01-03;13.49;13.8;13.49;13.8;256350.2
2012-01-04;13.605;13.7;13.2;13.2;385453.7
2012-01-05;13.34;13.34;12.94;13.14;86856.2
2012-01-06;13.4;13.535;13.22;13.535;61215.1
2012-01-09;13.45;13.45;13.21;13.21;64436.7
2012-01-10;13.345;14.02;13.345;13.92;335550.2
2012-01-11;14.115;14.35;13.96;14.15;986037.0
2012-01-12;14.49;15.3;14.49;15.04;964123.7
2012-01-13;15.005;15.37;14.8;15.02;276518.0
2012-01-16;15.2;15.5;15.16;15.48;399290.2
2012-01-17;15.6;16.435;15.6;15.87;671576.8
2012-01-18;15.945;15.945;15.58;15.83;876113.4
2012-01-19;16.18;16.41;16.0;16.27;819823.7
2012-01-20;16.355;16.355;15.89;15.93;857228.2
2012-01-23;15.78;16.16;15.6;16.13;201744.8
2012-01-24;16.2;16.2;15.75;16.1;150816.0
2012-01-25;16.21;16.33;15.94;16.24;98611.2
2012-01-26;16.1;16.8;16.1;16.6;537196.5
2012-01-27;16.815;17.08;16.52;16.68;506848.5
2012-01-30;16.495;16.495;15.9;16.16;1166080.1
2012-01-31;16.48;16.48;15.64;15.875;285188.4
2012-02-01;15.725;16.11;15.725;15.88;328146.8
2012-02-02;16.07;16.2;15.89;16.02;433124.6
2012-02-03;16.01;16.61;15.8;16.61;172714.8
2012-02-06;16.62;16.67;16.2;16.59;168158.6
2012-02-07;16.4;16.4;15.94;16.25;1003074.4
2012-02-08;16.4;16.84;16.4;16.65;440261.7
2012-02-09;16.54;17.26;16.4;17.26;762059.3
2012-02-10;17.26;17.26;16.3;16.43;338602.0
2012-02-13;16.66;16.66;15.95;16.07;64452.3
2012-02-14;16.1;16.12;15.74;15.89;283872.8
2012-02-15;16.205;16.33;15.86;15.9;938901.4
2012-02-16;15.75;15.765;15.46;15.76;222692.5
2012-02-17;15.92;16.05;15.3;15.32;154940.2
2012-02-20;15.6;15.6;15.1;15.23;546460.1
2012-02-21;15.53;15.99;15.5;15.99;590734.2
2012-02-22;16.0;16.03;15.7;15.98;105882.9
2012-02-23;15.92;15.92;15.54;15.68;90653.1
2012-02-24;15.52;16.1;15.45;16.1;135611.4
2012-02-27;16.06;16.21;15.73;16.21;99460.6
2012-02-28;16.28;16.67;16.105;16.47;335147.8
2012-02-29;16.59;16.76;16.29;16.43;238407.6
2012-03-01;16.05;16.68;16.05;16.38;109466.4
2012-03-02;16.56;16.8;16.49;16.67;125016.8
2012-03-05;16.45;16.45;15.95;16.06;92739.9
2012-03-06;15.99;15.99;15.37;15.4;223846.0
2012-03-07;15.31;15.58;15.12;15.58;163853.1
2012-03-08;15.68;15.86;15.47;15.56;163670.9
2012-03-09;15.785;16.33;15.6;16.22;347331.1
2012-03-12;16.025;16.29;15.89;16.1;93890.6
2012-03-13;16.185;16.775;16.185;16.595;137477.1
2012-03-14;16.245;16.39;16.17;16.17;65818.9
2012-03-15;16.11;16.5;16.11;16.47;83908.3
2012-03-16;16.415;16.89;16.27;16.27;389158.7
2012-03-19;16.27;16.6;16.2;16.55;67687.5
2012-03-20;16.25;16.25;15.785;15.785;99513.9
2012-03-21;15.95;16.03;15.91;16.03;20426.4
2012-03-22;15.6;15.61;15.3;15.3;274764.3
2012-03-23;15.62;15.7;15.27;15.6;75864.5
2012-03-26;15.63;16.12;15.57;16.1;339723.1
2012-03-27;16.11;16.2;15.96;15.96;64641.5
2012-03-28;15.77;15.8;15.42;15.45;180363.6
2012-03-29;15.4;15.5;15.24;15.42;118956.8
2012-03-30;15.59;15.8;15.59;15.6;172674.5
2012-04-02;15.87;16.3;15.71;16.3;149518.9
2012-04-03;16.4;16.6;16.25;16.39;94982.2
2012-04-04;16.15;16.15;15.67;15.67;126562.6
2012-04-05;15.78;15.91;15.58;15.87;130082.1
2012-04-10;15.35;15.38;14.43;14.52;258309.9
2012-04-11;14.5;14.55;14.3;14.4;315709.9
2012-04-12;14.6;14.8;14.58;14.8;119383.4
2012-04-13;14.65;14.74;14.2;14.2;244455.5
2012-04-16;14.03;14.27;13.86;14.1;97719.5
2012-04-17;14.03;14.36;14.0;14.35;240526.1
2012-04-18;14.46;14.46;14.2;14.2;48713.6
2012-04-19;14.34;14.34;14.15;14.15;10474.8
2012-04-20;14.29;14.7;14.29;14.7;149406.3
2012-04-23;14.31;14.31;14.1;14.13;122922.0
2012-04-24;14.34;14.46;14.34;14.46;31224.5
2012-04-25;14.51;14.72;14.51;14.68;141281.2
2012-04-26;14.82;15.16;14.8;15.03;231663.0
2012-04-27;15.08;15.45;15.08;15.45;101233.4
2012-04-30;15.6;15.82;15.42;15.56;290061.5
2012-05-02;15.57;15.62;15.2;15.26;48566.7
2012-05-03;15.05;15.2;14.95;14.95;81447.5
2012-05-04;14.91;15.03;14.8;14.8;94951.2
2012-05-07;14.33;15.0;13.6;14.88;25293.2
2012-05-08;14.77;14.83;14.45;14.54;28260.6
2012-05-09;14.55;14.55;14.195;14.425;17969.1
2012-05-10;14.7;14.975;14.45;14.7;652164.3
2012-05-11;14.425;14.495;14.22;14.46;58952.9
2012-05-14;14.055;14.12;13.75;13.895;364926.3
2012-05-15;13.81;13.81;13.5;13.5;90504.7
2012-05-16;13.31;13.5;13.19;13.31;131361.1
2012-05-17;13.525;13.555;13.2;13.3;178464.5
2012-05-18;13.3;13.65;13.255;13.5;137547.9
2012-05-21;13.42;13.575;13.35;13.43;268355.0
2012-05-22;13.55;13.565;13.355;13.56;84343.0
2012-05-23;13.13;13.13;12.82;12.95;64946.6
2012-05-24;13.15;13.23;13.0;13.175;33084.9
2012-05-25;13.3;13.36;13.24;13.24;44997.3
2012-05-28;13.55;13.6;13.42;13.46;187358.1
2012-05-29;13.6;13.69;13.47;13.69;10848.2
2012-05-30;13.23;13.26;12.9;12.9;137218.2
2012-05-31;12.905;13.0;12.68;12.69;35727.2
2012-06-01;12.76;12.84;12.4;12.45;314359.3
2012-06-04;12.0;12.52;11.75;12.49;84385.0
2012-06-05;12.495;12.505;12.205;12.25;63049.1
2012-06-06;12.57;12.65;12.47;12.57;201425.0
2012-06-07;12.7;13.0;12.36;12.78;120820.6
2012-06-08;12.5;12.5;11.96;12.14;213081.4
2012-06-11;12.49;12.52;12.37;12.42;209268.6
2012-06-12;12.38;12.52;12.37;12.52;53570.4
2012-06-13;12.64;12.66;12.58;12.59;83978.7
2012-06-14;12.4;12.4;12.31;12.37;8452.4
2012-06-15;12.63;12.75;12.63;12.725;93219.4
2012-06-18;12.7;12.815;12.62;12.705;50908.7
2012-06-19;12.855;12.97;12.855;12.95;18602.7
2012-06-20;12.835;12.87;12.72;12.72;18401.3
2012-06-21;12.5;12.5;12.18;12.18;125679.1
2012-06-22;12.0;12.15;11.84;12.11;71391.1
2012-06-25;12.14;12.215;12.05;12.105;54320.56
2012-06-26;12.22;12.285;12.215;12.285;11151.8
2012-06-27;12.13;12.51;12.13;12.485;56258.095
2012-06-28;12.5;12.5;12.345;12.37;30446.32
2012-06-29;12.76;13.25;12.74;13.175;133360.85
2012-07-02;13.09;13.29;13.09;13.26;92029.86
2012-07-03;13.45;13.84;13.45;13.8;328293.88
2012-07-04;13.65;13.715;13.545;13.575;79198.75
2012-07-05;13.6;13.83;13.11;13.495;126935.375
2012-07-06;13.535;13.535;13.08;13.095;174266.885
2012-07-09;13.125;13.19;13.115;13.13;137536.4
2012-07-10;13.09;13.195;13.055;13.195;27926.28
2012-07-11;13.015;13.055;13.0;13.055;13791.105
2012-07-12;13.12;13.12;13.035;13.11;76850.855
2012-07-13;13.42;13.81;13.42;13.81;106648.32
2012-07-16;13.74;13.74;13.635;13.7;64555.84
2012-07-17;13.7;13.71;13.34;13.47;140837.15
2012-07-18;13.49;13.555;13.33;13.555;37344.77
2012-07-19;13.64;14.02;13.64;14.0;215443.84
2012-07-20;13.795;13.795;13.395;13.44;196857.51
2012-07-23;13.3;13.3;12.72;12.84;234739.965
2012-07-24;13.04;13.04;12.8;12.885;40285.97
2012-07-25;12.73;12.985;12.73;12.875;54212.875
2012-07-26;12.9;13.2;12.82;12.835;101716.3
2012-07-27;13.075;13.2;12.98;13.065;164045.985
2012-07-30;13.07;13.16;13.07;13.16;41344.515
2012-07-31;13.17;13.36;13.08;13.12;378748.47
2012-08-01;13.01;13.02;12.65;12.68;430120.71
2012-08-02;12.79;12.825;12.24;12.41;485793.335
2012-08-03;12.425;12.52;12.23;12.485;134450.86
2012-08-06;12.45;12.63;12.45;12.59;18503.5
2012-08-07;12.71;13.1;12.71;13.09;312139.98
2012-08-08;12.84;13.08;12.84;12.99;111134.5
2012-08-09;13.03;13.05;12.98;13.05;19446.6
2012-08-10;12.79;12.9;12.65;12.85;79966.47
2012-08-13;12.68;12.72;12.43;12.43;97450.13
2012-08-14;12.58;12.63;12.56;12.56;26816.98
2012-08-16;12.52;12.57;12.5;12.57;40210.65
2012-08-17;12.75;13.0;12.75;13.0;94653.0
2012-08-20;12.8;12.8;12.52;12.63;209499.13
2012-08-21;12.74;13.1;12.74;13.1;283772.21
2012-08-22;12.94;13.18;12.94;13.18;122895.29
2012-08-23;13.24;13.39;13.2;13.31;232707.43
2012-08-24;13.05;13.17;13.05;13.16;112153.0
2012-08-27;13.2;13.31;13.04;13.04;132039.33
2012-08-28;12.89;13.07;12.89;13.07;10891.55
2012-08-29;12.86;12.9;12.78;12.85;79155.68
2012-08-30;13.04;13.16;12.96;12.96;37899.24
2012-08-31;12.92;12.92;12.6;12.71;66629.7
2012-09-03;13.005;13.25;13.005;13.14;150362.35
2012-09-04;13.09;13.1;13.0;13.07;33706.5
2012-09-05;12.97;13.4;12.95;13.31;84369.7
2012-09-06;13.49;13.49;13.15;13.37;224252.36
2012-09-07;13.44;13.99;13.44;13.99;266848.36
2012-09-10;14.0;14.5;14.0;14.47;240651.445
2012-09-11;14.4;14.57;14.27;14.37;106887.295
2012-09-12;14.6;14.6;14.155;14.24;135353.15
2012-09-13;14.17;14.36;14.17;14.36;11536.9
2012-09-14;14.62;15.26;14.62;15.06;695712.69
2012-09-17;14.925;14.99;14.495;14.85;50926.035
2012-09-18;14.65;14.89;14.53;14.89;174292.0
2012-09-19;15.15;15.2;14.95;14.95;192363.5
2012-09-20;14.575;14.84;14.355;14.83;69929.55
2012-09-21;15.08;15.08;14.85;14.85;39941.4
2012-09-24;14.65;14.67;14.48;14.66;142779.95
2012-09-25;14.81;14.85;14.66;14.85;20929.2
2012-09-26;14.62;14.62;14.01;14.34;107191.18
2012-09-27;14.59;14.6;14.59;14.59;7297.0
2012-09-28;14.85;14.9;14.74;14.9;55576.3
2012-10-01;14.755;15.02;14.755;15.01;108820.85
2012-10-02;14.97;15.25;14.97;15.09;52290.26
2012-10-03;14.9;15.0;14.89;14.96;164713.8
2012-10-04;15.0;15.1;14.95;14.99;21173.44
2012-10-05;14.91;14.91;14.8;14.86;52960.54
2012-10-08;14.41;14.44;14.3;14.43;77383.7
2012-10-09;14.835;14.835;14.47;14.56;25693.35
2012-10-10;14.44;14.52;14.36;14.52;76858.0
2012-10-11;14.55;14.85;14.55;14.77;192694.24
2012-10-12;14.81;14.81;14.34;14.34;42493.7
2012-10-15;14.27;14.27;13.98;14.04;239797.64
2012-10-16;14.27;14.27;14.27;14.27;3952.79
2012-10-17;14.15;14.4;14.03;14.4;36368.9
2012-10-18;14.48;14.48;14.4;14.4;9786.96
2012-10-19;14.305;14.305;13.93;13.94;81960.68
2012-10-22;13.8;13.8;13.46;13.46;346586.25
2012-10-23;13.39;13.39;13.13;13.17;172640.83
2012-10-24;13.44;13.44;13.2;13.23;51289.42
2012-10-25;13.28;13.32;13.18;13.18;31988.9
2012-10-26;13.05;13.2;12.94;13.16;79602.2
2012-10-29;12.98;12.98;12.65;12.67;110987.94
2012-10-30;12.8;12.95;12.75;12.8;37430.69
2012-10-31;13.0;13.09;12.9;12.91;49139.41
2012-11-01;13.06;13.19;13.0;13.15;30658.78
2012-11-02;13.02;13.04;12.74;12.74;80572.1
2012-11-05;12.62;12.68;12.53;12.68;124030.6
2012-11-06;12.78;12.78;12.74;12.77;78732.9
2012-11-07;13.0;13.0;12.43;12.465;141460.36
2012-11-08;12.48;12.65;12.48;12.57;95848.815
2012-11-09;12.62;12.62;12.28;12.46;96253.85
2012-11-12;12.46;12.715;12.46;12.53;127629.38
2012-11-13;12.45;12.9;12.45;12.83;248365.7
2012-11-14;12.86;12.86;12.57;12.65;221599.73
2012-11-15;12.61;12.67;12.52;12.6;27868.3
2012-11-16;12.66;12.66;12.46;12.48;51976.86
2012-11-19;12.75;13.1;12.75;13.09;375860.835
2012-11-20;12.94;13.03;12.89;13.015;104276.9
2012-11-21;12.97;12.97;12.66;12.73;103598.82
2012-11-22;12.835;12.86;12.81;12.82;122144.55
2012-11-23;12.775;12.855;12.67;12.82;70674.77
2012-11-26;12.795;12.925;12.795;12.865;44315.2
2012-11-27;12.98;13.05;12.895;12.95;160655.09
2012-11-28;12.915;12.935;12.655;12.69;101277.57
2012-11-29;12.98;13.435;12.98;13.385;504813.91
2012-11-30;13.44;13.545;13.385;13.49;419570.295
2012-12-03;13.63;13.63;13.58;13.59;220037.2
2012-12-04;13.59;13.75;13.59;13.75;75774.55
2012-12-05;13.745;13.765;13.64;13.71;57566.42
2012-12-06;13.735;13.93;13.62;13.895;251027.535
2012-12-07;13.73;13.91;13.675;13.845;85916.33
2012-12-10;13.99;14.2;13.99;14.17;328348.14
2012-12-11;14.045;14.09;13.92;13.96;90647.5
2012-12-12;14.05;14.05;13.85;13.89;24073.22
2012-12-13;13.795;13.795;13.68;13.68;6713.8
2012-12-14;13.84;13.84;13.68;13.68;12913.4
2012-12-17;13.69;13.72;13.5;13.56;37435.3
2012-12-18;13.635;13.635;13.485;13.54;210451.875
2012-12-19;13.345;13.345;12.99;12.99;282899.12
2012-12-20;12.985;12.985;12.44;12.575;283741.53
2012-12-21;12.675;12.9;12.585;12.88;209053.53
2012-12-27;13.035;13.04;12.95;13.01;42258.045
2012-12-28;13.1;13.1;12.99;12.99;18476.7
2013-01-02;13.28;14.1;13.12;14.02;758411.48
2013-01-03;14.085;14.21;13.995;14.01;127868.775
2013-01-04;13.76;13.9;13.75;13.89;239800.65
2013-01-07;13.68;13.68;13.61;13.65;47331.775
2013-01-08;13.615;13.73;13.615;13.62;73675.575
2013-01-09;13.74;13.94;13.74;13.82;41707.295
2013-01-10;13.975;13.975;13.7;13.705;76306.66
2013-01-11;13.56;13.56;13.275;13.33;172668.31
2013-01-14;13.41;13.43;13.16;13.16;66094.55
2013-01-15;13.05;13.15;12.935;13.09;110469.775
2013-01-16;13.125;13.125;12.95;13.03;42248.06
2013-01-17;13.02;13.3;12.95;13.28;149624.24
2013-01-18;13.36;13.535;13.36;13.44;80531.225
2013-01-21;13.41;13.41;13.35;13.385;50940.27
2013-01-22;13.5;13.56;13.46;13.56;22335.82
2013-01-23;13.61;13.625;13.55;13.61;59291.705
2013-01-24;13.405;13.47;13.375;13.47;268933.22
2013-01-25;13.485;13.485;13.055;13.055;167979.005
2013-01-28;13.165;13.26;13.08;13.15;49058.08
2013-01-29;13.335;13.335;13.155;13.275;192428.56
2013-01-30;13.515;13.7;13.515;13.685;429233.005
2013-01-31;13.85;13.86;13.6;13.67;180166.04
2013-02-01;13.485;13.695;13.45;13.685;418966.585
2013-02-04;13.815;13.95;13.785;13.93;291870.045
2013-02-05;13.875;13.935;13.845;13.87;165440.86
2013-02-06;13.805;13.805;13.65;13.65;41307.86
2013-02-07;13.65;13.735;13.64;13.735;33883.98
2013-02-08;13.9;14.0;13.9;14.0;30358.9
2013-02-11;13.96;13.96;13.625;13.7;188592.025
2013-02-12;13.64;13.765;13.575;13.725;386016.13
2013-02-13;13.8;13.8;13.77;13.77;6702.12
2013-02-14;13.8;13.91;13.8;13.85;12810.015
2013-02-15;13.84;13.84;13.745;13.76;42535.705
2013-02-18;13.65;13.65;13.4;13.4;33117.55
2013-02-19;13.35;13.375;13.21;13.21;47188.82
2013-02-20;13.15;13.175;12.85;12.93;221869.325
2013-02-21;12.755;12.755;12.5;12.67;173378.285
2013-02-22;12.75;12.75;12.5;12.5;326461.8
2013-02-25;12.49;12.695;12.48;12.51;156809.65
2013-02-26;12.685;12.72;12.5;12.72;34011.3
2013-02-27;12.78;12.8;12.73;12.74;52823.925
2013-02-28;12.805;12.805;12.565;12.58;277214.62
2013-03-01;12.44;12.44;12.12;12.31;355882.385
2013-03-04;12.29;12.4;12.27;12.36;52805.675
2013-03-05;12.565;12.565;12.425;12.43;66230.34
2013-03-06;12.425;12.425;12.245;12.245;315128.6
2013-03-07;12.305;12.43;12.25;12.35;59697.45
2013-03-08;12.25;12.47;12.21;12.34;124256.095
2013-03-11;12.28;12.41;12.15;12.41;78027.245
2013-03-12;12.45;12.74;12.45;12.66;530696.93
2013-03-13;12.615;12.705;12.615;12.675;133706.655
2013-03-14;12.63;12.63;12.55;12.55;55107.66
2013-03-15;12.595;12.595;12.37;12.37;171498.49
2013-03-18;12.15;12.15;11.81;11.87;415068.145
2013-03-19;11.8;11.88;11.68;11.76;365092.515
2013-03-20;11.945;11.985;11.86;11.98;89799.25
2013-03-21;12.085;12.09;11.85;11.92;103766.075
2013-03-22;11.91;12.105;11.91;12.05;73514.5
2013-03-25;11.93;12.045;11.93;12.025;57120.45
2013-03-26;12.145;12.2;12.055;12.055;120052.525
2013-03-27;12.035;12.075;11.98;12.05;36242.425
2013-03-28;12.045;12.135;11.87;11.87;254381.275
2013-04-02;11.85;11.85;11.46;11.46;359999.35
2013-04-03;11.45;11.48;11.35;11.35;138364.14
2013-04-04;11.255;11.4;11.2;11.4;102714.305
2013-04-05;11.36;11.4;11.145;11.2;78642.745
2013-04-08;11.4;11.435;11.32;11.33;231628.3
2013-04-09;11.53;11.74;11.5;11.735;68050.075
2013-04-10;11.615;11.725;11.58;11.58;231686.275
2013-04-11;11.545;11.675;11.44;11.675;77028.055
2013-04-12;11.675;11.7;11.0;11.08;291056.665
2013-04-15;10.855;10.92;10.14;10.38;321753.395
2013-04-16;10.655;10.67;10.525;10.66;356591.185
2013-04-17;10.415;10.415;9.95;10.16;799391.585
2013-04-18;9.61;10.075;9.59;10.07;384114.365
2013-04-19;9.84;9.95;9.53;9.72;1037483.65
2013-04-22;9.5;9.755;9.42;9.61;330968.765
2013-04-23;9.42;9.585;9.39;9.55;283200.135
2013-04-24;9.86;9.905;9.78;9.9;498002.475
2013-04-25;10.06;10.45;9.98;10.385;310476.34
2013-04-26;10.335;10.335;10.055;10.055;622403.61
2013-04-29;9.93;10.215;9.88;10.16;284296.15
2013-04-30;10.16;10.225;9.765;9.82;395064.0
2013-05-02;9.75;9.75;9.3;9.42;743432.55
2013-05-03;9.67;10.535;9.67;10.46;1107640.715
2013-05-06;10.65;10.65;10.4;10.6;555447.905
2013-05-07;10.6;10.67;10.38;10.49;40310.36
2013-05-08;10.75;11.135;10.69;10.895;434213.56
2013-05-09;10.75;10.83;10.675;10.735;48872.835
2013-05-10;10.89;11.0;10.83;10.83;92879.26
2013-05-13;11.06;11.095;10.95;10.98;94512.73
2013-05-14;10.77;10.78;10.495;10.6;410499.26
2013-05-15;10.5;10.5;10.28;10.41;240234.56
2013-05-16;10.49;10.645;10.3;10.645;117551.15
2013-05-17;10.895;11.0;10.795;10.845;188036.78
2013-05-20;10.825;11.15;10.61;11.15;194710.54
2013-05-21;11.105;11.25;10.925;10.925;206222.645
2013-05-22;11.15;11.425;11.145;11.285;780202.125
2013-05-23;10.715;10.82;10.49;10.57;547648.07
2013-05-24;10.79;10.82;10.56;10.63;238125.055
2013-05-27;10.65;10.68;10.635;10.675;51088.625
2013-05-28;10.7;10.92;10.7;10.9;169582.19
2013-05-29;10.85;10.85;10.5;10.51;132321.5
2013-05-30;10.72;10.73;10.58;10.73;42871.95
2013-05-31;10.57;10.59;10.51;10.59;339892.755
2013-06-03;10.8;10.86;10.61;10.61;204515.02
2013-06-04;10.75;10.94;10.75;10.91;73444.475
2013-06-05;10.98;11.15;10.95;11.045;149937.25
2013-06-06;10.79;10.79;10.5;10.5;277884.31
2013-06-07;10.6;10.615;10.23;10.245;100989.98
2013-06-10;10.11;10.11;9.9;9.965;177385.15
2013-06-11;9.865;9.865;9.6;9.7;322375.78
2013-06-12;9.7;9.9;9.66;9.84;40031.465
2013-06-13;9.645;9.645;9.63;9.635;16724.425
2013-06-14;9.78;9.78;9.63;9.63;88628.675
2013-06-17;9.79;9.865;9.57;9.685;13487.375
2013-06-18;9.57;9.58;9.3;9.33;276882.97
2013-06-19;9.395;9.42;9.19;9.225;271921.905
2013-06-20;9.09;9.105;8.82;8.9;215612.45
2013-06-21;9.01;9.075;8.94;9.075;56557.95
2013-06-24;8.92;8.92;8.535;8.73;128292.19
2013-06-25;9.1;9.1;8.75;9.07;35613.55
2013-06-26;8.735;8.99;8.73;8.99;38103.71
2013-06-27;9.01;9.01;8.885;8.98;99818.75
2013-06-28;8.96;9.125;8.92;9.115;24279.2
2013-07-01;9.185;9.565;9.185;9.565;359230.57
2013-07-02;9.49;9.5;9.42;9.44;48909.47
2013-07-03;9.58;9.65;9.51;9.635;651302.17
2013-07-04;9.53;9.6;9.5;9.58;14804.51
2013-07-05;9.35;9.355;9.025;9.115;167036.355
2013-07-08;9.16;9.28;9.13;9.28;129234.08
2013-07-09;9.09;9.13;8.9;8.97;270434.37
2013-07-10;9.155;9.26;9.155;9.17;165383.605
2013-07-11;9.395;9.725;9.395;9.475;263632.645
2013-07-12;9.37;9.5;9.37;9.5;24079.75
2013-07-15;9.47;9.47;9.38;9.38;24160.945
2013-07-16;9.45;9.6;9.44;9.565;32543.7
2013-07-17;9.34;9.4;9.3;9.3;72383.675
2013-07-18;9.25;9.265;9.21;9.265;76901.775
2013-07-19;9.205;9.33;9.16;9.33;112001.8
2013-07-22;9.455;9.605;9.435;9.605;153299.575
2013-07-23;9.45;9.56;9.43;9.56;109496.475
2013-07-24;9.56;9.775;9.555;9.625;166070.245
2013-07-25;9.535;9.54;9.33;9.5;270162.345
2013-07-26;9.33;9.33;8.95;8.975;246468.23
2013-07-29;8.95;9.065;8.945;9.04;30955.585
2013-07-30;8.89;8.895;8.65;8.695;197886.66
2013-07-31;8.84;9.0;8.79;8.97;288646.625
2013-08-01;9.185;9.49;9.16;9.45;274772.71
2013-08-02;9.25;9.55;9.23;9.43;101443.14
2013-08-05;9.33;9.365;9.27;9.365;9087.02
2013-08-06;9.35;9.555;9.35;9.42;91169.0
2013-08-07;9.21;9.21;9.15;9.17;2709.05
2013-08-08;9.59;9.9;9.59;9.9;126872.51
2013-08-09;9.875;10.165;9.875;10.16;108770.3
2013-08-12;10.2;10.22;9.975;10.2;195692.47
2013-08-13;10.105;10.34;10.105;10.16;88593.89
2013-08-14;10.26;10.325;10.22;10.32;85255.09
2013-08-16;10.38;10.59;10.38;10.5;229799.515
2013-08-19;10.15;10.5;10.135;10.29;30495.37
2013-08-20;10.145;10.185;10.07;10.155;309036.705
2013-08-21;10.165;10.165;10.02;10.05;20129.125
2013-08-22;10.305;10.46;10.235;10.235;2118552.75
2013-08-23;10.325;10.325;10.27;10.27;16154.615
2013-08-26;10.35;10.5;10.115;10.155;96063.935
2013-08-27;10.27;10.49;10.11;10.39;139635.23
2013-08-28;10.12;10.2;10.06;10.2;252311.315
2013-08-29;10.16;10.16;9.81;9.925;186940.275
2013-08-30;9.935;9.935;9.65;9.7;71053.9
2013-09-02;10.05;10.08;9.925;10.04;49062.305
2013-09-03;10.14;10.28;10.0;10.235;141450.135
2013-09-04;10.03;10.03;9.685;9.79;81714.655
2013-09-05;9.82;9.855;9.68;9.725;264033.765
2013-09-06;9.885;10.08;9.885;9.9;76779.735
2013-09-09;9.98;10.07;9.93;9.93;103184.755
2013-09-10;9.87;9.98;9.805;9.82;59960.855
2013-09-11;9.885;9.935;9.88;9.88;103876.52
2013-09-12;9.7;9.7;9.4;9.48;140325.84
2013-09-13;9.52;9.52;9.41;9.425;92631.17
2013-09-16;9.52;9.6;9.4;9.565;113634.175
2013-09-17;9.56;9.6;9.51;9.545;103739.83
2013-09-18;9.6;9.82;9.565;9.8;73214.72
2013-09-19;9.9;10.14;9.9;10.135;211930.21
2013-09-20;10.15;10.195;9.98;10.09;95398.19
2013-09-23;9.84;9.84;9.76;9.8;52256.26
2013-09-24;9.67;9.705;9.5;9.61;264328.815
2013-09-25;9.665;9.665;9.56;9.655;51520.95
2013-09-26;9.835;9.92;9.82;9.89;81120.69
2013-09-27;9.9;10.0;9.895;9.95;16932.0
2013-09-30;10.045;10.09;9.94;10.05;160034.42
2013-10-01;9.995;9.995;9.555;9.63;177912.88
2013-10-02;9.575;9.86;9.56;9.86;31739.8
2013-10-03;9.905;9.915;9.55;9.55;95086.435
2013-10-04;9.52;9.85;9.24;9.8;464788.82
2013-10-07;9.595;9.7;9.595;9.7;72605.325
2013-10-08;9.82;9.905;9.635;9.79;128811.58
2013-10-09;9.65;9.69;9.38;9.43;417454.32
2013-10-10;9.415;9.53;9.35;9.485;127109.4
2013-10-11;9.49;9.65;9.39;9.56;119456.28
2013-10-14;9.69;9.85;9.69;9.74;307725.43
2013-10-15;9.745;9.88;9.73;9.855;103815.225
2013-10-16;9.81;10.0;9.61;9.88;242431.805
2013-10-17;9.655;9.725;9.58;9.64;137539.35
2013-10-18;9.81;9.81;9.7;9.7;121544.965
2013-10-21;9.74;9.76;9.655;9.685;30259.27
2013-10-22;9.755;9.94;9.725;9.85;379397.255
2013-10-23;9.765;9.765;9.47;9.5;101914.37
2013-10-24;9.45;9.475;9.3;9.3;182833.95
2013-10-25;9.265;9.4;9.23;9.4;154905.615
2013-10-28;9.42;9.505;9.4;9.45;73116.54
2013-10-29;9.52;9.54;9.51;9.54;55445.84
2013-10-30;9.7;9.78;9.675;9.765;191740.125
2013-10-31;9.685;9.8;9.685;9.715;40106.7
2013-11-01;9.925;9.925;9.815;9.815;51992.43
2013-11-04;9.615;9.665;9.54;9.54;191809.78
2013-11-05;9.575;9.6;9.545;9.6;37031.775
2013-11-06;9.615;9.64;9.4;9.4;32219.25
2013-11-07;9.44;9.62;9.4;9.525;216180.205
2013-11-08;9.585;9.605;9.515;9.515;1767807.48
2013-11-11;9.665;9.73;9.54;9.6;239166.05
2013-11-12;9.545;9.545;9.45;9.45;27678.425
2013-11-13;9.4;9.4;9.02;9.05;343609.13
2013-11-14;9.05;9.175;8.95;8.98;143595.52
2013-11-15;9.04;9.13;8.97;9.08;63508.55
2013-11-18;9.03;9.045;8.95;8.95;54772.15
2013-11-19;8.9;9.04;8.85;8.965;109822.89
2013-11-20;9.02;9.02;8.95;9.01;21287.275
2013-11-21;9.045;9.075;9.0;9.07;34311.25
2013-11-22;9.18;9.25;9.18;9.2;228877.02
2013-11-25;9.19;9.295;9.19;9.285;118853.545
2013-11-26;9.33;9.33;9.2;9.2;56972.8
2013-11-27;9.24;9.24;9.065;9.065;38604.25
2013-11-28;9.015;9.055;9.015;9.04;27950.595
2013-11-29;9.135;9.21;9.1;9.2;25298.3
2013-12-02;9.03;9.09;8.99;8.99;37977.4
2013-12-03;8.94;8.95;8.89;8.95;52628.33
2013-12-04;8.98;9.32;8.92;9.28;102870.265
2013-12-05;9.23;9.28;9.16;9.16;43691.135
2013-12-06;9.31;9.34;9.255;9.255;43793.795
2013-12-09;9.255;9.31;9.2;9.28;141431.45
2013-12-10;9.3;9.41;9.275;9.39;49949.875
2013-12-11;9.4;9.495;9.395;9.395;96916.01
2013-12-12;9.495;9.585;9.465;9.505;49370.95
2013-12-13;9.49;9.65;9.49;9.65;143943.5
2013-12-16;9.665;9.7;9.62;9.7;231024.845
2013-12-17;9.67;9.67;9.67;9.67;39647.0
2013-12-18;9.54;9.54;9.54;9.54;1431.0
2013-12-19;9.595;9.595;9.51;9.51;22442.0
2013-12-20;9.69;9.7;9.61;9.655;126609.98
2013-12-23;9.745;9.77;9.585;9.6;36158.755
2013-12-27;9.8;10.04;9.8;9.985;290155.65
2013-12-30;9.98;10.095;9.935;9.935;59323.89
2014-01-02;10.1;10.23;10.06;10.11;66033.595
2014-01-03;9.895;9.94;9.89;9.9;29082.075
2014-01-06;9.88;9.88;9.88;9.88;296.4
2014-01-07;9.9;9.95;9.885;9.935;42724.425
2014-01-08;10.005;10.08;9.965;9.98;217914.115
2014-01-09;9.78;9.78;9.59;9.59;91088.4
2014-01-10;9.65;9.71;9.525;9.64;23584.65
2014-01-13;9.735;9.775;9.695;9.775;128723.335
2014-01-14;9.815;9.84;9.68;9.68;12631.365
2014-01-15;9.705;9.965;9.695;9.965;244382.3
2014-01-16;9.91;9.92;9.84;9.91;48226.05
2014-01-17;9.78;9.98;9.78;9.98;39234.56
2014-01-20;9.9;9.915;9.87;9.9;131291.82
2014-01-21;9.815;9.945;9.795;9.92;55061.5
2014-01-22;9.895;9.895;9.805;9.85;80546.815
2014-01-23;9.7;9.86;9.45;9.515;575947.66
2014-01-24;9.475;9.5;9.37;9.42;139449.15
2014-01-27;9.35;9.43;9.335;9.335;52886.8
2014-01-28;9.335;9.38;9.28;9.295;139429.625
2014-01-29;9.325;9.34;9.22;9.25;129329.16
2014-01-30;9.24;9.24;9.15;9.15;52879.175
2014-01-31;9.135;9.285;9.06;9.1;117061.1
2014-02-03;9.07;9.11;9.0;9.0;73049.665
2014-02-04;9.0;9.095;9.0;9.05;92476.05
2014-02-05;9.1;9.2;8.98;8.985;218983.245
2014-02-06;9.09;9.25;9.07;9.155;48682.8
2014-02-07;9.25;9.325;9.24;9.24;106949.105
2014-02-10;9.225;9.225;9.09;9.09;34888.325
2014-02-11;9.04;9.1;9.03;9.04;93365.21
2014-02-12;9.21;9.345;9.2;9.345;91038.425
2014-02-13;9.295;9.295;9.07;9.08;146726.025
2014-02-14;9.225;9.32;9.205;9.3;65513.875
2014-02-17;9.385;9.42;9.36;9.385;66292.4
2014-02-18;9.27;9.345;9.26;9.345;42006.39
2014-02-19;9.375;9.41;9.35;9.37;38629.8
2014-02-20;9.31;9.31;9.24;9.29;66436.01
2014-02-21;9.285;9.285;9.205;9.265;22758.3
2014-02-24;9.2;9.2;8.98;9.075;306556.58
2014-02-25;9.11;9.11;8.965;9.04;211039.95
2014-02-26;9.1;9.15;8.995;9.055;70255.6
2014-02-27;9.0;9.0;8.89;8.985;193800.46
2014-02-28;8.945;8.955;8.825;8.835;195589.225
2014-03-03;8.8;8.8;8.68;8.74;288044.3
2014-03-04;8.79;9.0;8.785;8.98;100162.655
2014-03-05;9.01;9.095;8.96;8.97;186725.55
2014-03-06;8.93;8.97;8.895;8.91;158156.45
2014-03-07;8.93;8.93;8.215;8.215;1332297.455
2014-03-10;8.15;8.15;7.84;7.96;901241.31
2014-03-11;7.96;8.14;7.455;7.55;632755.35
2014-03-12;7.5;7.72;7.3;7.53;688873.0
2014-03-13;7.45;7.515;7.35;7.36;776132.085
2014-03-14;7.325;7.545;7.325;7.42;380228.865
2014-03-17;7.285;7.61;7.285;7.49;590866.145
2014-03-18;7.585;7.585;7.41;7.47;212603.58
2014-03-19;7.43;7.43;7.03;7.36;1008194.745
2014-03-20;7.48;7.54;7.35;7.38;343880.4
2014-03-21;7.51;7.66;7.45;7.54;278725.09
2014-03-24;7.535;7.615;7.5;7.51;155353.105
2014-03-25;7.605;7.87;7.605;7.78;414483.135
2014-03-26;7.885;7.885;7.565;7.61;445006.125
2014-03-27;7.675;7.79;7.66;7.77;886627.35
2014-03-28;7.89;8.03;7.89;8.01;633025.0
2014-03-31;8.0;8.045;7.885;7.9;399043.165
2014-04-01;7.935;7.945;7.875;7.91;139706.115
2014-04-02;8.03;8.15;7.995;8.03;429412.58
2014-04-03;7.99;8.035;7.815;7.96;378660.47
2014-04-04;8.065;8.1;7.91;7.91;330464.58
2014-04-07;7.85;8.055;7.84;8.055;406802.17
2014-04-08;8.06;8.08;7.925;7.97;115709.975
2014-04-09;7.93;7.955;7.78;7.81;277135.11
2014-04-10;7.865;7.95;7.865;7.885;100770.465
2014-04-11;7.98;8.1;7.88;7.925;250211.39
2014-04-14;7.98;8.0;7.97;7.99;341866.425
2014-04-15;7.91;7.94;7.6;7.72;591179.97
2014-04-16;7.81;8.04;7.685;7.99;371030.525
2014-04-17;7.88;7.945;7.87;7.93;245186.21
2014-04-22;7.88;7.98;7.86;7.97;419411.075
2014-04-23;7.995;8.01;7.89;8.01;179935.59
2014-04-24;8.05;8.27;8.05;8.27;282634.4
2014-04-25;8.3;8.3;8.175;8.235;217014.8
2014-04-28;8.25;8.275;8.21;8.255;138814.14
2014-04-29;8.215;8.235;8.125;8.18;219483.39
2014-04-30;8.19;8.205;7.94;7.945;247640.62
2014-05-02;7.9;8.14;7.86;8.075;276037.535
2014-05-05;8.06;8.1;8.04;8.065;44051.55
2014-05-06;8.065;8.065;7.985;8.015;242411.125
2014-05-07;7.94;7.955;7.81;7.89;149321.125
2014-05-08;7.91;8.09;7.865;8.09;139335.83
2014-05-09;8.155;8.225;8.085;8.2;261481.27
2014-05-12;8.255;8.625;8.255;8.595;721683.14
2014-05-13;8.545;8.605;8.545;8.57;220714.87
2014-05-14;8.62;8.765;8.59;8.705;705648.205
2014-05-15;8.7;8.755;8.605;8.635;329549.855
2014-05-16;8.6;8.665;8.565;8.585;276340.56
2014-05-19;8.8;8.8;8.73;8.75;135836.815
2014-05-20;8.74;8.755;8.51;8.585;119961.515
2014-05-21;8.455;8.525;8.385;8.495;134901.385
2014-05-22;8.59;8.645;8.485;8.645;69629.795
2014-05-23;8.7;8.81;8.7;8.77;204679.88
2014-05-26;8.82;8.9;8.82;8.88;212762.4
2014-05-27;8.79;8.845;8.755;8.845;118328.405
2014-05-28;8.84;8.89;8.82;8.825;194973.6
2014-05-29;8.68;8.7;8.63;8.645;97397.09
2014-05-30;8.73;8.73;8.685;8.7;46830.8
2014-06-02;8.7;8.785;8.7;8.785;48087.0
2014-06-03;8.625;8.74;8.58;8.62;110370.215
2014-06-04;8.585;8.585;8.33;8.355;266450.71
2014-06-05;8.35;8.39;8.285;8.38;161828.095
2014-06-06;8.205;8.275;8.0;8.1;445179.12
2014-06-09;8.0;8.135;7.96;8.11;226023.59
2014-06-10;8.03;8.16;8.0;8.16;41594.845
2014-06-11;8.225;8.225;8.1;8.21;69164.885
2014-06-12;8.18;8.18;7.99;8.0;234137.575
2014-06-13;8.095;8.115;8.03;8.115;58175.25
2014-06-16;8.18;8.215;8.0;8.0;193365.96
2014-06-17;8.17;8.22;8.15;8.21;152895.04
2014-06-18;8.2;8.29;8.185;8.185;11633.8
2014-06-19;8.215;8.235;8.165;8.165;27942.75
2014-06-20;8.355;8.5;8.33;8.485;181936.87
2014-06-23;8.62;8.68;8.605;8.68;187695.14
2014-06-24;8.61;8.67;8.61;8.645;71986.995
2014-06-25;8.68;8.72;8.525;8.72;186949.8
2014-06-26;8.785;8.8;8.72;8.8;81126.535
2014-06-27;8.775;8.88;8.77;8.77;261058.68
2014-06-30;8.74;8.88;8.73;8.88;113479.52
2014-07-01;8.9;8.955;8.88;8.91;186398.265
2014-07-02;8.9;9.24;8.845;9.24;611415.77
2014-07-03;9.27;9.41;9.18;9.38;218496.015
2014-07-04;9.345;9.385;9.31;9.345;55231.68
2014-07-07;9.235;9.32;9.235;9.29;165129.5
2014-07-08;9.39;9.48;9.325;9.395;181611.845
2014-07-09;9.3;9.355;9.275;9.355;66006.925
2014-07-10;9.24;9.33;9.105;9.33;156241.32
2014-07-11;9.28;9.28;9.26;9.26;24776.4
2014-07-14;9.31;9.32;9.22;9.245;11194.85
2014-07-15;9.22;9.26;9.175;9.255;49899.51
2014-07-16;9.245;9.28;9.2;9.2;38954.9
2014-07-17;9.035;9.13;9.035;9.13;22580.325
2014-07-18;9.04;9.04;8.88;8.88;206182.6
2014-07-21;8.91;8.985;8.875;8.985;5788.75
2014-07-22;9.08;9.2;9.08;9.195;32378.555
2014-07-23;9.095;9.095;9.0;9.045;85165.425
2014-07-24;9.265;9.4;9.255;9.38;224882.9
2014-07-25;9.445;9.47;9.3;9.3;43876.52
2014-07-28;9.3;9.335;9.295;9.295;2514.4
2014-07-29;9.33;9.33;9.33;9.33;2332.5
2014-07-30;9.135;9.415;9.11;9.3;16797.145
2014-07-31;9.32;9.345;9.21;9.21;40393.55
2014-08-01;9.36;9.36;9.14;9.145;28631.65
2014-08-04;9.05;9.175;9.045;9.175;96535.1
2014-08-05;9.265;9.265;9.24;9.265;7132.3
2014-08-06;9.01;9.01;8.88;8.935;91012.795
2014-08-07;8.935;8.95;8.935;8.95;11183.75
2014-08-08;8.93;8.93;8.9;8.9;41926.0
2014-08-11;8.925;8.965;8.915;8.965;1830.825
2014-08-12;8.935;9.02;8.9;8.9;33462.875
2014-08-13;8.74;8.8;8.6;8.6;113241.8
2014-08-14;8.63;8.63;8.48;8.48;74579.85
2014-08-18;8.52;8.69;8.52;8.69;70732.54
2014-08-19;8.67;8.695;8.59;8.595;135386.45
2014-08-20;8.72;8.91;8.69;8.9;456297.39
2014-08-21;8.92;9.0;8.92;9.0;34179.48
2014-08-22;9.1;9.195;9.1;9.195;20358.185
2014-08-25;9.2;9.59;9.2;9.275;25416.93
2014-08-26;9.22;9.26;9.18;9.26;63719.7
2014-08-27;9.12;9.155;9.045;9.045;76307.49
2014-08-28;9.04;9.13;8.8;8.8;238045.655
2014-08-29;8.9;8.9;8.88;8.885;380803.0
2014-09-01;8.86;8.86;8.8;8.8;129439.5
2014-09-02;8.93;8.935;8.86;8.905;8358.45
2014-09-03;8.84;8.84;8.725;8.73;51657.805
2014-09-04;8.79;9.03;8.785;8.95;62457.69
2014-09-05;8.98;9.0;8.935;9.0;22994.975
2014-09-08;9.06;9.3;9.06;9.28;276827.725
2014-09-09;9.03;9.03;8.68;8.695;917541.43
2014-09-10;8.695;8.75;8.66;8.73;24493.655
2014-09-11;8.6;8.64;8.505;8.64;53837.675
2014-09-12;8.68;8.68;8.61;8.66;29668.76
2014-09-15;8.58;8.61;8.57;8.61;6220.27
2014-09-16;8.63;8.73;8.61;8.67;542463.66
2014-09-17;8.91;8.95;8.875;8.95;217524.495
2014-09-18;8.9;8.9;8.735;8.735;6502.1
2014-09-19;8.675;8.725;8.595;8.68;94892.32
2014-09-22;8.5;8.5;8.37;8.385;243112.16
2014-09-23;8.42;8.425;8.34;8.365;67407.255
2014-09-24;8.39;8.53;8.345;8.51;31393.53
2014-09-25;8.49;8.49;8.35;8.35;32305.16
2014-09-26;8.5;8.5;8.47;8.47;19342.075
2014-09-29;8.455;8.64;8.425;8.565;277877.6
2014-09-30;8.52;8.605;8.52;8.605;12865.0
2014-10-01;8.405;8.53;8.385;8.495;404930.875
2014-10-02;8.505;8.505;8.25;8.265;57135.24
2014-10-03;8.265;8.45;8.205;8.365;48334.275
2014-10-06;8.405;8.57;8.405;8.57;115594.49
2014-10-07;8.5;8.52;8.47;8.47;81687.0
2014-10-08;8.47;8.5;8.295;8.295;116597.12
2014-10-09;8.43;8.55;8.4;8.52;196155.62
2014-10-10;8.31;8.355;8.24;8.355;20715.5
2014-10-13;8.465;8.5;8.42;8.43;18673.68
2014-10-14;8.57;8.74;8.57;8.74;203195.765
2014-10-15;8.705;8.705;8.255;8.255;349239.445
2014-10-16;8.2;8.2;7.95;8.03;426766.825
2014-10-17;7.945;8.2;7.92;8.2;205604.58
2014-10-20;8.17;8.17;8.07;8.13;113325.12
2014-10-21;8.05;8.335;8.03;8.32;31531.55
2014-10-22;8.425;8.455;8.35;8.35;46738.625
2014-10-23;8.45;8.51;8.45;8.51;34778.75
2014-10-24;8.47;8.54;8.47;8.54;1743.0
2014-10-27;8.48;8.57;8.48;8.55;4587.4
2014-10-28;8.645;8.71;8.645;8.69;59481.035
2014-10-29;8.75;8.79;8.705;8.78;60378.95
2014-10-30;8.755;8.775;8.42;8.55;20631.785
2014-10-31;8.83;8.83;8.6;8.6;44189.025
2014-11-03;8.625;8.72;8.3;8.635;21743.425
2014-11-04;8.715;8.73;8.4;8.405;191266.34
2014-11-05;8.3;8.34;8.21;8.34;14895.35
2014-11-06;8.355;8.48;8.355;8.47;15614.4
2014-11-07;8.55;8.645;8.5;8.645;121556.22
2014-11-10;8.61;8.63;8.495;8.57;17747.925
2014-11-11;8.38;8.5;8.38;8.5;11879.35
2014-11-12;8.5;8.59;8.5;8.53;7475.15
2014-11-13;8.545;8.63;8.545;8.61;128249.385
2014-11-14;8.41;8.555;8.41;8.555;7312.35
2014-11-17;8.465;8.575;8.465;8.575;14013.75
2014-11-18;8.545;8.545;8.3;8.31;27286.85
2014-11-19;8.305;8.45;8.275;8.44;13228.4
2014-11-20;8.37;8.45;8.3;8.3;11029.0
2014-11-21;8.455;8.76;8.45;8.76;588052.1
2014-11-24;8.495;8.62;8.495;8.62;22703.9
2014-11-25;8.46;8.46;8.25;8.25;79100.02
2014-11-26;8.18;8.21;8.08;8.08;120310.44
2014-11-27;7.89;8.26;7.89;8.14;33633.6
2014-11-28;7.99;7.99;7.56;7.59;368584.095
2014-12-01;7.585;7.755;7.4;7.72;106183.335
2014-12-02;7.745;7.75;7.6;7.745;186356.775
2014-12-03;7.715;7.795;7.715;7.75;66503.445
2014-12-04;7.85;8.02;7.85;7.89;84060.375
2014-12-05;7.98;8.085;7.93;7.965;54012.14
2014-12-08;7.95;7.95;7.94;7.94;53646.5
2014-12-09;7.76;7.99;7.7;7.99;61478.84
2014-12-10;7.95;7.95;7.8;7.8;56850.65
2014-12-11;7.845;8.01;7.81;8.01;10550.15
2014-12-12;7.97;8.01;7.94;7.985;26315.5
2014-12-15;7.98;8.055;7.8;7.8;117977.76
2014-12-16;7.67;7.67;7.54;7.585;70644.725
2014-12-17;7.505;7.575;7.49;7.54;206869.51
2014-12-18;7.65;7.82;7.65;7.65;33108.725
2014-12-19;7.78;7.86;7.78;7.845;20862.15
2014-12-22;7.915;7.93;7.79;7.79;11905.385
2014-12-23;7.8;7.8;7.75;7.785;5222.4
2014-12-29;7.55;7.845;7.445;7.59;20472.45
2014-12-30;7.655;7.73;7.55;7.73;40882.8
2015-01-02;7.71;7.71;7.52;7.52;20234.5
2015-01-05;7.48;7.48;7.34;7.41;39530.055
2015-01-06;7.4;7.43;7.4;7.405;5566.1
2015-01-07;7.405;7.485;7.37;7.485;20899.385
2015-01-08;7.53;7.64;7.43;7.43;105064.68
2015-01-09;7.45;7.46;7.38;7.46;31253.6
2015-01-12;7.33;7.4;7.16;7.165;44845.665
2015-01-13;7.1;7.1;6.8;6.81;189696.82
2015-01-14;6.8;6.8;5.975;6.18;628259.025
2015-01-15;6.42;6.55;6.3;6.5;503443.155
2015-01-16;6.495;6.68;6.43;6.67;274348.455
2015-01-19;6.4;6.94;6.34;6.52;210505.68
2015-01-20;6.52;6.77;6.5;6.54;222155.77
2015-01-21;6.585;6.785;6.38;6.71;432469.725
2015-01-22;6.585;6.65;6.5;6.615;435265.175
2015-01-23;6.585;6.61;6.34;6.34;561919.925
2015-01-26;6.2;6.615;6.02;6.515;383976.99
2015-01-27;6.405;6.46;6.04;6.05;493539.18
2015-01-28;6.225;6.275;6.05;6.255;187899.07
2015-01-29;6.43;6.43;5.915;6.02;378637.61
2015-01-30;5.985;6.25;5.985;6.225;101869.475
2015-02-02;6.33;6.39;6.22;6.34;510630.465
2015-02-03;6.43;6.7;6.43;6.535;316392.415
2015-02-04;6.65;6.75;6.53;6.74;301561.72
2015-02-05;6.75;6.75;6.41;6.7;288551.135
2015-02-06;6.675;6.77;6.615;6.73;209015.02
2015-02-09;6.7;6.76;6.62;6.71;188162.8
2015-02-10;6.7;6.7;6.45;6.45;423225.38
2015-02-11;6.535;6.72;6.52;6.52;360984.03
2015-02-12;6.585;6.77;6.53;6.7;319018.955
2015-02-13;6.8;6.885;6.73;6.75;147221.3
2015-02-16;6.815;6.84;6.705;6.825;283010.305
2015-02-17;6.72;6.755;6.5;6.535;221744.465
2015-02-18;6.65;6.935;6.65;6.865;437440.155
2015-02-19;6.72;6.805;6.68;6.695;66215.48
2015-02-20;6.75;6.83;6.7;6.815;95882.775
2015-02-23;6.815;6.845;6.62;6.72;26427.055
2015-02-24;6.65;7.13;6.65;7.06;179410.56
2015-02-25;6.9;6.95;6.83;6.94;46435.57
2015-02-26;7.005;7.36;7.005;7.29;334724.395
2015-02-27;7.3;7.3;7.16;7.265;75797.27
2015-03-02;7.435;7.45;7.31;7.4;186350.99
2015-03-03;7.25;7.3;7.06;7.065;129772.53
2015-03-04;7.33;7.33;7.1;7.21;22742.725
2015-03-05;7.32;7.37;7.215;7.28;100124.5
2015-03-06;7.2;7.25;7.15;7.15;31400.42
2015-03-09;7.31;7.48;7.21;7.45;91738.175
2015-03-10;7.39;7.39;7.18;7.31;75264.525
2015-03-11;7.31;7.45;7.27;7.335;183819.565
2015-03-12;7.44;7.665;7.44;7.515;184692.59
2015-03-13;7.64;7.69;7.525;7.57;84034.92
2015-03-16;7.7;7.745;7.59;7.625;50214.28
2015-03-17;7.4;7.425;7.3;7.385;134382.675
2015-03-18;7.23;7.23;6.98;6.98;240081.975
2015-03-19;7.105;7.54;7.105;7.525;93193.325
2015-03-20;7.58;8.07;7.58;7.99;152613.685
2015-03-23;7.99;8.125;7.915;8.06;247714.895
2015-03-24;8.105;8.13;8.0;8.13;318743.155
2015-03-25;8.055;8.055;7.955;8.01;64463.3
2015-03-26;8.13;8.4;8.13;8.18;254205.49
2015-03-27;8.035;8.18;7.91;7.91;50135.84
2015-03-30;8.07;8.105;7.965;8.03;38312.0
2015-03-31;7.96;8.125;7.855;8.07;238448.605
2015-04-01;7.96;7.975;7.72;7.91;90064.935
2015-04-02;7.905;7.905;7.685;7.72;77021.805
2015-04-07;7.795;7.995;7.75;7.995;364198.24
2015-04-08;7.91;7.96;7.755;7.8;267827.04
2015-04-09;7.8;7.965;7.8;7.96;17375.25
2015-04-10;7.98;8.19;7.98;8.0;76566.21
2015-04-13;8.225;8.225;7.945;7.945;33449.375
2015-04-14;7.77;7.77;7.565;7.71;176770.135
2015-04-15;7.695;7.755;7.59;7.73;230786.21
2015-04-16;7.86;8.07;7.86;8.03;305038.29
2015-04-17;8.015;8.135;7.935;7.935;88404.31
2015-04-20;8.045;8.045;7.75;7.795;63605.9
2015-04-21;7.82;7.82;7.605;7.605;97650.775
2015-04-22;7.63;7.63;7.52;7.63;82417.2
2015-04-23;7.51;7.62;7.455;7.62;58479.525
2015-04-24;7.55;7.9;7.55;7.86;366573.7
2015-04-27;7.88;8.0;7.86;7.96;291479.09
2015-04-28;7.9;7.91;7.865;7.865;105420.0
2015-04-29;7.81;7.855;7.81;7.855;10336.5
2015-04-30;7.905;8.29;7.905;8.275;328702.83
2015-05-04;8.295;8.64;8.27;8.58;269433.62
2015-05-05;8.64;8.74;8.53;8.69;130595.81
2015-05-06;8.54;8.55;8.455;8.455;52005.79
2015-05-07;8.455;8.5;8.425;8.5;25141.6
2015-05-08;8.6;8.74;8.41;8.47;56659.53
2015-05-11;8.51;8.53;8.48;8.49;140257.2
2015-05-12;8.5;8.615;8.46;8.605;28125.345
2015-05-13;8.6;8.625;8.575;8.575;94680.0
2015-05-14;8.34;8.36;8.3;8.36;16324.74
2015-05-15;8.43;8.43;8.285;8.395;159699.34
2015-05-18;8.36;8.37;8.265;8.29;306246.25
2015-05-19;8.32;8.32;8.045;8.065;329163.28
2015-05-20;7.805;8.13;7.755;8.05;23132.58
2015-05-21;8.11;8.21;8.06;8.185;183849.75
2015-05-22;8.085;8.085;7.96;7.99;10566.365
2015-05-25;8.015;8.125;7.96;8.11;560556.68
2015-05-26;8.045;8.045;7.935;7.935;17589.0
2015-05-27;7.965;7.965;7.85;7.945;42741.95
2015-05-28;7.87;7.9;7.81;7.855;229222.21
2015-05-29;7.9;7.9;7.6;7.62;75106.02
2015-06-01;7.655;7.66;7.595;7.62;124965.82
2015-06-02;7.61;7.61;7.48;7.5;79792.73
2015-06-03;7.455;7.485;7.41;7.44;55261.65
2015-06-04;7.35;7.35;7.14;7.14;95412.87
2015-06-05;7.145;7.31;7.11;7.31;15778.645
2015-06-08;7.235;7.265;7.225;7.255;30783.75
2015-06-09;7.31;7.36;7.31;7.355;3641.41
2015-06-10;7.35;7.53;7.35;7.445;41329.58
2015-06-11;7.3;7.3;7.02;7.08;292223.83
2015-06-12;7.035;7.15;7.035;7.07;7104.71
2015-06-15;7.025;7.08;6.85;6.925;101591.565
2015-06-16;6.885;6.89;6.8;6.81;58811.085
2015-06-17;6.75;6.84;6.705;6.73;52405.97
2015-06-18;6.775;6.775;6.62;6.73;31596.46
2015-06-19;6.73;6.73;6.46;6.46;188799.65
2015-06-22;6.45;6.545;6.41;6.42;57121.025
2015-06-23;6.69;6.85;6.64;6.84;125886.475
2015-06-24;6.85;6.95;6.785;6.95;90980.26
2015-06-25;6.8;6.8;6.655;6.795;59445.365
2015-06-26;6.89;6.89;6.79;6.87;184017.765
2015-06-29;6.98;6.98;6.84;6.84;101833.19
2015-06-30;6.715;6.735;6.665;6.67;49150.53
2015-07-01;6.79;7.0;6.79;6.94;39721.97
2015-07-02;6.985;6.995;6.95;6.95;210464.85
2015-07-03;6.96;6.96;6.82;6.82;20443.36
2015-07-06;6.52;6.82;6.35;6.395;478273.825
2015-07-07;6.33;6.33;5.75;5.785;419387.195
2015-07-08;5.84;6.33;5.84;6.195;258162.64
2015-07-09;6.31;6.705;6.31;6.465;307047.22
2015-07-10;6.4;6.43;6.325;6.37;129690.25
2015-07-13;6.24;6.52;6.24;6.44;114173.425
2015-07-14;6.4;6.41;6.34;6.405;31208.55
2015-07-15;6.53;6.62;6.4;6.4;278747.85
2015-07-16;6.5;6.5;6.405;6.405;43404.5
2015-07-17;6.385;6.385;6.23;6.345;90499.85
2015-07-20;6.215;6.32;6.2;6.32;118318.505
2015-07-21;6.35;6.43;6.25;6.255;147019.0
2015-07-22;6.0;6.055;5.94;6.0;503108.06
2015-07-23;5.99;5.99;5.75;5.77;90380.74
2015-07-24;5.7;5.85;5.58;5.685;141161.57
2015-07-27;5.675;5.675;5.46;5.5;56245.76
2015-07-28;5.565;5.77;5.56;5.755;111305.25
2015-07-29;5.815;5.815;5.74;5.8;56699.15
2015-07-30;5.775;5.775;5.6;5.705;287387.795
2015-07-31;5.67;5.67;5.575;5.58;27875.02
2015-08-03;5.555;5.575;5.43;5.55;130254.9
2015-08-04;5.575;5.64;5.56;5.615;50576.125
2015-08-05;5.585;5.6;5.55;5.6;5183.5
2015-08-06;5.595;5.595;5.545;5.555;96122.395
2015-08-07;5.52;5.55;5.445;5.545;91048.975
2015-08-10;5.515;5.735;5.48;5.735;36259.24
2015-08-11;5.605;5.645;5.33;5.39;194758.605
2015-08-12;5.3;5.44;5.27;5.43;171748.65
2015-08-13;5.48;5.565;5.43;5.43;90989.65
2015-08-14;5.48;5.49;5.395;5.4;18339.9
2015-08-17;5.4;5.4;5.245;5.325;102855.17
2015-08-18;5.23;5.23;5.085;5.14;221836.945
2015-08-19;5.165;5.19;5.06;5.06;69655.72
2015-08-20;5.08;5.24;5.08;5.24;96112.55
2015-08-21;5.14;5.14;5.015;5.065;185811.87
2015-08-24;5.015;5.015;4.53;4.785;427364.1875
2015-08-25;4.7675;5.015;4.7525;5.015;70393.1025
2015-08-26;4.885;4.885;4.775;4.81;133000.075
2015-08-27;4.98;5.29;4.945;5.265;190222.075
2015-08-28;5.23;5.4;5.13;5.36;249508.095
2015-08-31;5.28;5.28;5.075;5.1;133253.26
2015-09-01;5.14;5.195;5.12;5.14;150597.1
2015-09-02;5.105;5.31;5.105;5.25;28698.875
2015-09-03;5.32;5.67;5.32;5.58;279502.685
2015-09-04;5.41;5.435;5.175;5.3;93504.835
2015-09-07;5.37;5.415;5.325;5.325;70789.7
2015-09-08;5.41;5.71;5.4;5.71;128309.875
2015-09-09;5.81;5.855;5.705;5.77;243478.315
2015-09-10;5.735;5.89;5.735;5.765;85467.005
2015-09-11;5.665;5.685;5.64;5.685;35554.01
2015-09-14;5.585;5.645;5.55;5.58;66546.095
2015-09-15;5.475;5.625;5.45;5.625;37919.995
2015-09-16;5.685;5.75;5.685;5.75;12306.335
2015-09-17;5.715;5.755;5.66;5.755;91643.595
2015-09-18;5.59;5.61;5.36;5.395;44511.165
2015-09-21;5.465;5.535;5.465;5.535;92386.7
2015-09-22;5.415;5.415;5.05;5.1;212316.555
2015-09-23;5.15;5.235;5.15;5.185;29748.585
2015-09-24;5.08;5.11;4.95;5.02;96526.175
2015-09-25;5.135;5.17;5.0;5.01;53220.715
2015-09-28;4.97;5.005;4.8;4.87;98888.925
2015-09-29;4.76;4.93;4.74;4.85;75072.805
2015-09-30;4.99;5.32;4.97;5.27;550913.345
2015-10-01;5.35;5.42;5.0;5.17;546926.305
2015-10-02;5.1;5.185;4.92;5.015;209107.95
2015-10-05;5.22;5.38;5.21;5.295;289742.835
2015-10-06;5.23;5.36;5.23;5.315;24843.925
2015-10-07;5.32;5.46;5.32;5.365;224267.505
2015-10-08;5.23;5.23;5.13;5.185;124191.065
2015-10-09;5.3;5.6;5.06;5.495;206731.325
2015-10-12;5.57;5.575;5.53;5.53;96676.5
2015-10-13;5.45;5.47;5.345;5.415;232013.825
2015-10-14;5.35;5.41;5.32;5.41;13216.35
2015-10-15;5.455;5.505;5.445;5.445;143362.035
2015-10-16;5.43;5.47;5.405;5.42;83761.55
2015-10-19;5.41;5.41;5.25;5.265;206835.58
2015-10-20;5.33;5.335;5.225;5.265;47205.42
2015-10-21;5.21;5.25;5.125;5.2;81409.255
2015-10-22;5.29;5.53;5.29;5.51;113305.09
2015-10-23;5.495;5.59;5.39;5.39;28863.725
2015-10-26;5.32;5.465;5.18;5.37;35208.0
2015-10-27;5.425;5.435;5.42;5.43;114688.84
2015-10-28;5.365;5.43;5.24;5.43;61263.975
2015-10-29;5.435;5.435;5.29;5.29;34203.88
2015-10-30;5.24;5.24;5.17;5.17;66583.9
2015-11-02;5.2;5.21;5.15;5.155;48120.61
2015-11-03;5.205;5.25;5.17;5.205;98335.3
2015-11-04;5.25;5.435;5.25;5.3;84401.51
2015-11-05;5.24;5.24;5.01;5.01;279813.31
2015-11-06;5.03;5.03;4.94;4.99;137574.2775
2015-11-09;4.95;4.995;4.95;4.99;19558.02
2015-11-10;4.96;4.96;4.85;4.9175;116843.41
2015-11-11;4.83;4.88;4.8;4.88;59104.95
2015-11-12;4.88;4.88;4.645;4.6875;139555.8575
2015-11-13;4.63;4.7;4.6;4.61;106999.7575
2015-11-16;4.59;4.5925;4.43;4.43;96259.0125
2015-11-17;4.4;4.465;4.35;4.4625;173055.62
2015-11-18;4.4;4.4;4.28;4.32;110182.2075
2015-11-19;4.28;4.3075;4.225;4.275;64517.4575
2015-11-20;4.325;4.365;4.2475;4.2475;82521.345
2015-11-23;4.18;4.18;3.995;4.05;176108.9
2015-11-24;4.095;4.285;4.0625;4.2375;191759.5275
2015-11-25;4.21;4.21;4.14;4.21;58008.2975
2015-11-26;4.3675;4.4275;4.2975;4.33;155852.185
2015-11-27;4.3;4.3375;4.225;4.225;39576.7
2015-11-30;4.23;4.2875;4.23;4.25;28684.355
2015-12-01;4.25;4.2825;4.22;4.2825;17435.6825
2015-12-02;4.2525;4.255;4.2;4.25;38764.395
2015-12-03;4.18;4.18;4.03;4.03;103734.45
2015-12-04;4.085;4.2475;4.085;4.185;73575.6225
2015-12-07;4.1925;4.1925;4.075;4.075;28479.6175
2015-12-08;4.0675;4.15;4.03;4.15;12495.5
2015-12-09;4.0725;4.1925;4.0725;4.1025;70306.9875
2015-12-10;4.0875;4.11;4.065;4.0975;22331.9
2015-12-11;4.28;4.3675;4.25;4.3675;215803.1675
2015-12-14;4.2425;4.25;4.215;4.235;11120.8925
2015-12-15;4.15;4.1525;4.05;4.065;18740.255
2015-12-16;4.07;4.13;4.07;4.13;42579.4375
2015-12-17;4.05;4.06;4.0125;4.04;75041.8925
2015-12-18;4.15;4.3075;4.1375;4.2825;79615.215
2015-12-21;4.3725;4.4;4.37;4.3925;30516.5875
2015-12-22;4.3375;4.34;4.2925;4.2925;5336.0675
2015-12-23;4.3225;4.335;4.3;4.335;106634.9875
2015-12-28;4.26;4.26;4.1175;4.12;57526.69
2015-12-29;4.2825;4.415;4.2475;4.415;127350.6
2015-12-30;4.3475;4.37;4.3475;4.3675;72581.6375
2016-01-04;4.13;4.1875;4.12;4.165;82388.095
2016-01-05;4.3;4.31;4.26;4.26;44803.485
2016-01-06;4.2275;4.24;4.1975;4.24;65828.575
2016-01-07;4.04;4.04;3.81;4.03;724938.25
2016-01-08;3.9825;4.03;3.895;3.895;180445.8875
2016-01-11;3.7475;3.765;3.72;3.725;267669.925
2016-01-12;3.7;3.755;3.6575;3.71;96360.4125
2016-01-13;3.74;3.78;3.7;3.7;137568.2375
2016-01-14;3.71;3.7775;3.65;3.7775;105137.4425
2016-01-15;3.665;3.665;3.6;3.63;51491.1225
2016-01-18;3.7025;3.7075;3.68;3.705;49997.86
2016-01-19;3.8425;3.86;3.795;3.825;36173.95
2016-01-20;3.68;3.705;3.645;3.6725;173938.7675
2016-01-21;3.695;3.7725;3.6675;3.765;121451.7125
2016-01-22;3.865;3.925;3.8575;3.88;28644.03
2016-01-25;3.92;3.92;3.8575;3.885;6770.7775
2016-01-26;3.9375;4.01;3.9325;4.01;181904.2825
2016-01-27;4.03;4.055;3.9975;4.055;12280.525
2016-01-28;4.035;4.035;4.0;4.0025;117515.135
2016-01-29;4.0325;4.0975;4.0225;4.0925;43016.1525
2016-02-01;3.9875;3.99;3.9825;3.99;2988.875
2016-02-02;4.12;4.1225;3.99;3.99;21255.9825
2016-02-03;4.0925;4.1375;4.055;4.1375;307281.6825
2016-02-04;4.1625;4.2375;4.1625;4.2375;37552.525
2016-02-05;4.135;4.1675;4.135;4.1675;45811.7425
2016-02-08;4.0975;4.11;4.01;4.105;52493.945
2016-02-09;4.0575;4.0575;3.745;3.755;270119.3075
2016-02-10;3.765;3.86;3.74;3.74;24562.29
2016-02-11;3.7;3.755;3.68;3.73;166407.815
2016-02-12;3.75;3.81;3.75;3.8;118175.04
2016-02-15;4.0;4.0175;3.935;3.945;15895.125
2016-02-16;4.01;4.015;3.91;3.91;19685.4525
2016-02-17;3.915;3.985;3.915;3.9525;3631.3
2016-02-18;3.9775;3.9775;3.9525;3.9525;2183.875
2016-02-19;4.035;4.0375;4.0075;4.0075;12774.03
2016-02-22;4.1;4.235;4.1;4.22;91177.0075
2016-02-23;4.165;4.1825;4.1225;4.13;40749.815
2016-02-24;4.105;4.105;4.04;4.0875;272875.805
2016-02-25;4.1675;4.1675;4.0375;4.0375;15908.0025
2016-02-26;4.16;4.3725;4.16;4.29;242435.695
2016-02-29;4.235;4.285;4.235;4.285;7508.6
2016-03-01;4.3;4.36;4.2625;4.2975;48635.4325
2016-03-02;4.4;4.5075;4.4;4.505;107844.92
2016-03-03;4.55;4.5825;4.5325;4.5775;105792.8875
2016-03-04;4.7;4.85;4.645;4.85;197017.01
2016-03-07;4.8775;4.905;4.785;4.8725;179198.42
2016-03-08;4.8125;4.8125;4.555;4.5725;85497.865
2016-03-09;4.69;4.71;4.6775;4.71;134815.8675
2016-03-10;4.6925;4.6925;4.505;4.505;93183.6275
2016-03-11;4.6425;4.68;4.635;4.68;54104.2075
2016-03-14;4.6725;4.7;4.62;4.62;20232.2075
2016-03-15;4.52;4.61;4.52;4.61;60090.3625
2016-03-16;4.6475;4.6475;4.61;4.62;11628.22
2016-03-17;4.7925;4.8;4.69;4.745;62505.455
2016-03-18;4.79;4.83;4.7775;4.815;205899.5875
2016-03-21;4.76;4.83;4.76;4.83;10779.3475
2016-03-22;4.755;4.78;4.7425;4.78;69742.75
2016-03-23;4.7575;4.7875;4.6075;4.6075;44719.6175
2016-03-24;4.58;4.605;4.505;4.57;93657.05
2016-03-29;4.5825;4.5825;4.45;4.4575;48206.165
2016-03-30;4.385;4.385;4.34;4.34;33169.3575
2016-03-31;4.3;4.305;4.25;4.3025;35768.515
2016-04-01;4.335;4.335;4.22;4.22;5252.085
2016-04-04;4.2;4.24;4.125;4.13;50224.4925
2016-04-05;4.13;4.165;4.125;4.125;61740.8775
2016-04-06;4.1375;4.1425;4.11;4.11;6945.625
2016-04-07;4.095;4.095;3.89;3.89;101198.8925
2016-04-08;3.91;3.9275;3.8675;3.92;58051.06
2016-04-11;3.9;3.9325;3.87;3.915;69212.5
2016-04-12;3.92;4.075;3.92;4.0675;110701.235
2016-04-13;4.1;4.2675;4.1;4.2675;80647.8825
2016-04-14;4.2675;4.285;4.165;4.265;122074.1225
2016-04-15;4.1475;4.2375;4.1475;4.2;32923.7625
2016-04-18;4.1775;4.23;4.15;4.23;22194.3425
2016-04-19;4.22;4.4325;4.15;4.41;77990.3275
2016-04-20;4.4525;4.4625;4.3775;4.46;38365.895
2016-04-21;4.595;4.64;4.5275;4.5275;175322.5875
2016-04-22;4.5475;4.77;4.545;4.715;218208.45
2016-04-25;4.5925;4.62;4.5925;4.62;17697.375
2016-04-26;4.5475;4.5475;4.46;4.5225;168487.3125
2016-04-27;4.465;4.465;4.335;4.385;74792.425
2016-04-28;4.39;4.435;4.39;4.4325;30773.75
2016-04-29;4.5;4.65;4.5;4.6375;129341.9725
2016-05-02;4.575;4.6;4.52;4.525;10470.6625
2016-05-03;4.45;4.45;4.305;4.3225;48927.7475
2016-05-04;4.33;4.3375;4.23;4.23;35428.285
2016-05-05;4.2;4.2;4.1;4.11;132878.28
2016-05-06;4.11;4.15;4.085;4.1;30845.3725
2016-05-09;4.0;4.005;3.9325;3.94;125430.93
2016-05-10;3.9725;3.9825;3.9;3.9;111860.055
2016-05-11;3.9975;4.02;3.93;3.9375;47629.475
2016-05-12;3.985;4.0;3.7825;3.7825;316901.16
2016-05-13;3.9;3.9;3.8025;3.89;101265.1175
2016-05-16;3.86;3.935;3.845;3.8975;70928.6825
2016-05-17;3.9525;3.9525;3.825;3.825;52542.51
2016-05-18;3.78;3.8475;3.755;3.84;106453.365
2016-05-19;3.8075;3.845;3.7475;3.84;43811.125
2016-05-20;3.845;3.905;3.82;3.82;138594.35
2016-05-23;3.79;3.8275;3.765;3.8275;49770.8375
2016-05-24;3.8025;3.9225;3.8;3.9225;108722.6325
2016-05-25;3.915;4.015;3.9075;3.9725;139587.4375
2016-05-26;4.0525;4.065;3.975;3.995;202821.92
2016-05-27;4.05;4.075;4.0375;4.0375;40504.5125
2016-05-30;3.9825;3.9825;3.9775;3.9775;6167.875
2016-05-31;3.91;4.035;3.91;4.02;30362.0375
2016-06-01;3.91;3.91;3.8;3.885;235437.5725
2016-06-02;3.86;3.875;3.8375;3.875;89054.1
2016-06-03;3.9475;4.06;3.9475;3.965;66637.4725
2016-06-06;4.075;4.075;4.02;4.04;150754.6875
2016-06-07;3.96;3.96;3.7;3.72;411702.085
2016-06-08;3.75;3.825;3.74;3.76;189325.2075
2016-06-09;3.8;3.815;3.61;3.64;348916.1475
2016-06-10;3.64;3.6975;3.6325;3.685;25345.0875
2016-06-13;3.69;3.79;3.69;3.77;139149.6825
2016-06-14;3.71;3.745;3.705;3.73;65248.5675
2016-06-15;3.8;4.0;3.8;3.905;326672.165
2016-06-16;3.8425;3.8425;3.73;3.79;195863.4075
2016-06-17;3.8875;3.8875;3.745;3.79;127537.4625
2016-06-20;3.78;3.895;3.7675;3.895;58321.415
2016-06-21;3.86;3.9425;3.81;3.9425;118482.4575
2016-06-22;3.98;4.0875;3.98;4.03;195050.79
2016-06-23;4.06;4.13;4.05;4.12;543970.9325
2016-06-24;4.005;4.09;3.925;4.09;121586.6075
2016-06-27;4.1225;4.15;4.07;4.1025;101141.835
2016-06-28;4.17;4.3;4.17;4.285;105244.7625
2016-06-29;4.275;4.3075;4.1975;4.29;115938.205
2016-06-30;4.33;4.33;4.26;4.3;71860.45
2016-07-01;4.3075;4.42;4.22;4.42;92688.2525
2016-07-04;4.4375;4.515;4.39;4.39;93211.985
2016-07-05;4.3575;4.36;4.2;4.23;77766.2075
2016-07-06;4.17;4.17;4.11;4.12;64840.435
2016-07-07;4.12;4.1725;4.05;4.05;51772.92
2016-07-08;4.06;4.12;4.05;4.065;25009.7675
2016-07-11;4.22;4.23;4.16;4.16;14346.87
2016-07-12;4.245;4.305;4.245;4.29;61706.195
2016-07-13;4.4;4.57;4.32;4.49;165300.885
2016-07-14;4.55;4.5575;4.48;4.495;39408.8475
2016-07-15;4.5175;4.61;4.515;4.53;102704.1675
2016-07-18;4.42;4.43;4.37;4.4125;24046.2
2016-07-19;4.485;4.605;4.485;4.6;24311.34
2016-07-20;4.59;4.59;4.5;4.57;57856.655
2016-07-21;4.615;4.65;4.55;4.64;55956.5225
2016-07-22;4.54;4.64;4.54;4.635;23269.1225
2016-07-25;4.54;4.5425;4.455;4.485;17381.425
2016-07-26;4.45;4.5;4.375;4.5;10835.2425
2016-07-27;4.43;4.4425;4.3325;4.3325;269507.045
2016-07-28;4.385;4.385;4.325;4.375;42505.0
2016-07-29;4.3125;4.36;4.31;4.36;13417.3275
2016-08-01;4.4875;4.4875;4.37;4.37;13138.1525
2016-08-02;4.3575;4.45;4.33;4.45;31425.9425
2016-08-03;4.26;4.2825;4.2025;4.2825;15844.0625
2016-08-04;4.22;4.22;4.15;4.16;55196.235
2016-08-05;4.2075;4.2275;4.16;4.18;35813.015
2016-08-08;4.185;4.24;4.185;4.24;13927.0
2016-08-09;4.15;4.16;4.11;4.1475;68769.0675
2016-08-10;4.16;4.29;4.16;4.23;60510.53
2016-08-11;4.2025;4.2025;4.2025;4.2025;8405.0
2016-08-12;4.2175;4.2175;4.09;4.1;15825.0125
2016-08-16;4.0875;4.14;4.075;4.0925;9364.625
2016-08-17;4.065;4.0925;4.06;4.085;12409.955
2016-08-18;4.1575;4.18;4.1075;4.1075;15446.6825
2016-08-19;4.12;4.12;4.0725;4.0725;2045.83
2016-08-22;4.06;4.06;3.9875;4.03;50612.9225
2016-08-23;4.0;4.005;3.935;3.945;20815.305
2016-08-24;3.9;3.9;3.82;3.82;65799.6125
2016-08-25;3.82;3.8225;3.7675;3.78;93546.5675
2016-08-26;3.8;3.8275;3.7675;3.775;143402.77
2016-08-29;3.84;3.8425;3.79;3.79;60788.5725
2016-08-30;3.7825;3.8025;3.7725;3.775;145731.9775
2016-08-31;3.7975;3.81;3.795;3.81;12835.8575
2016-09-01;3.8325;3.8325;3.775;3.775;47403.6275
2016-09-02;3.8;3.805;3.7775;3.8;17968.55
2016-09-05;3.795;3.81;3.775;3.81;40835.3825
2016-09-06;3.835;3.8575;3.81;3.8125;38772.6875
2016-09-07;3.865;3.88;3.7975;3.7975;40010.02
2016-09-08;3.8075;3.8075;3.7725;3.7725;13764.395
2016-09-09;3.805;3.82;3.805;3.815;8415.345
2016-09-12;3.7725;3.825;3.725;3.825;59085.835
2016-09-13;3.8925;3.9;3.8175;3.82;271478.55
2016-09-14;3.91;4.05;3.91;4.0275;95215.6375
2016-09-15;4.0675;4.0675;4.0125;4.065;49858.065
2016-09-16;4.08;4.095;4.045;4.09;48588.8325
2016-09-19;4.07;4.07;4.0475;4.0475;12754.6575
2016-09-20;4.0825;4.0825;4.06;4.08;15686.9375
2016-09-21;4.08;4.09;4.0675;4.09;19992.9925
2016-09-22;4.1325;4.195;4.11;4.195;89666.1525
2016-09-23;4.2;4.23;4.185;4.22;109731.945
2016-09-26;4.135;4.2;4.1325;4.2;21507.6175
2016-09-27;4.14;4.23;4.075;4.08;32877.065
2016-09-28;4.1525;4.1575;4.1525;4.1575;203573.815
2016-09-29;4.165;4.18;4.1575;4.1575;15134.075
2016-09-30;4.1675;4.2725;4.1675;4.27;99091.6875
2016-10-03;4.215;4.215;4.13;4.165;4074.79
2016-10-04;4.1525;4.18;4.1525;4.18;4986.25
2016-10-05;4.14;4.14;4.105;4.105;3632.0
2016-10-06;4.0625;4.0625;4.0225;4.0225;47390.125
2016-10-07;4.06;4.1475;4.0575;4.1475;13595.54
2016-10-10;4.1225;4.21;4.1225;4.21;234494.375
2016-10-11;4.2;4.205;4.19;4.19;35274.205
2016-10-12;4.23;4.26;4.2275;4.2275;10458.92
2016-10-13;4.1275;4.1275;3.97;3.97;121159.6475
2016-10-14;3.97;3.98;3.945;3.945;21804.95
2016-10-17;3.9525;3.9525;3.935;3.935;16459.625
2016-10-18;3.98;3.98;3.9425;3.9425;38534.16
2016-10-19;3.9;3.95;3.885;3.95;66609.25
2016-10-20;3.9375;3.9375;3.88;3.91;84967.75
2016-10-21;3.91;3.94;3.9;3.925;54816.9
2016-10-24;3.935;3.9475;3.9075;3.9275;105974.25
2016-10-25;4.05;4.12;4.04;4.075;158194.9
2016-10-26;4.065;4.09;4.0575;4.0875;82372.24
2016-10-27;4.09;4.17;4.09;4.17;36719.05
2016-10-28;4.2;4.265;4.2;4.255;130949.9675
2016-10-31;4.255;4.34;4.255;4.3275;117888.185
2016-11-01;4.34;4.38;4.28;4.3675;84011.8275
2016-11-02;4.3;4.33;4.28;4.33;41651.26
2016-11-03;4.33;4.44;4.33;4.44;115501.0975
2016-11-04;4.415;4.485;4.4125;4.48;139613.2325
2016-11-07;4.5;4.6625;4.5;4.6625;140412.1825
2016-11-08;4.68;4.96;4.62;4.96;185640.225
2016-11-09;5.0;5.335;5.0;5.3;421984.785
2016-11-10;5.35;5.905;5.35;5.77;758926.85
2016-11-11;5.9;6.6;5.53;5.62;728455.625
2016-11-14;5.845;5.94;5.74;5.77;154187.21
2016-11-15;5.5;5.65;5.395;5.57;183515.665
2016-11-16;5.6;5.6;5.5;5.5;24995.6
2016-11-17;5.585;5.74;5.475;5.6;215980.175
2016-11-18;5.56;5.65;5.5;5.535;19704.95
2016-11-21;5.83;5.87;5.735;5.79;86824.08
2016-11-22;5.87;6.005;5.83;5.85;99657.7
2016-11-23;5.95;6.3;5.855;6.22;86175.025
2016-11-24;6.3;6.625;6.3;6.49;294076.21
2016-11-25;6.4;6.495;6.37;6.495;66816.07
2016-11-28;6.56;6.7;6.475;6.55;149366.1
2016-11-29;6.51;6.51;6.045;6.045;84644.68
2016-11-30;6.04;6.27;6.04;6.245;44185.12
2016-12-01;6.22;6.315;6.2;6.315;11645.19
2016-12-02;6.1;6.135;6.085;6.11;14305.65
2016-12-05;6.395;6.56;6.345;6.54;270378.915
2016-12-06;6.3;6.39;6.3;6.385;43869.1
2016-12-07;6.365;6.365;6.155;6.155;11607.05
2016-12-08;6.33;6.33;6.085;6.18;211246.155
2016-12-09;6.3;6.39;6.3;6.37;51427.175
2016-12-12;6.35;6.35;6.19;6.225;12249.0
2016-12-13;6.1;6.235;5.85;5.985;101319.05
2016-12-14;6.115;6.175;5.99;6.1;68143.75
2016-12-15;6.115;6.22;6.085;6.22;18531.2
2016-12-16;6.1;6.1;6.0;6.01;24089.705
2016-12-19;5.99;5.99;5.61;5.645;99281.995
2016-12-20;5.685;5.795;5.685;5.72;35751.4
2016-12-21;5.765;5.785;5.675;5.735;30573.37
2016-12-22;5.605;5.625;5.51;5.61;57645.19
2016-12-23;5.72;5.72;5.635;5.635;45766.59
2016-12-27;5.66;5.8;5.585;5.78;26395.205
2016-12-28;5.79;5.79;5.7;5.74;37074.2
2016-12-29;5.75;5.76;5.64;5.64;2640.04
2016-12-30;5.665;5.7;5.665;5.7;8420.11
2017-01-02;5.6;5.7;5.6;5.7;1142.86
2017-01-03;5.88;5.89;5.68;5.68;35455.72
2017-01-04;5.795;5.94;5.68;5.86;71086.45
2017-01-05;5.93;5.93;5.765;5.765;32024.05
2017-01-06;5.775;5.775;5.775;5.775;11550.0
2017-01-09;5.8;5.815;5.75;5.815;13628.75
2017-01-10;5.84;6.2;5.84;6.19;591198.99
2017-01-11;6.185;6.22;6.12;6.22;36555.65
2017-01-12;6.125;6.315;6.125;6.265;64807.455
2017-01-13;6.33;6.45;6.24;6.445;32249.79
2017-01-16;6.485;6.485;6.39;6.39;63320.35
2017-01-17;6.3;6.395;5.815;6.035;66758.455
2017-01-18;6.065;6.155;6.065;6.07;27311.0
2017-01-19;6.07;6.14;5.99;6.1;80886.97
2017-01-20;6.01;6.195;5.98;6.15;31571.375
2017-01-23;6.14;6.14;6.13;6.13;1992.5
2017-01-24;6.21;6.435;6.21;6.435;56815.225
2017-01-25;6.5;6.56;6.39;6.51;28431.82
2017-01-26;6.5;6.5;6.25;6.265;50419.2
2017-01-27;6.31;6.4;6.28;6.4;130755.5
2017-01-30;6.475;6.54;6.125;6.21;243727.15
2017-01-31;6.36;6.45;6.36;6.45;92238.3
2017-02-01;6.5;6.54;6.44;6.47;90915.5
2017-02-02;6.465;6.465;6.23;6.27;59010.45
2017-02-03;6.265;6.265;6.04;6.04;151513.0
2017-02-06;6.105;6.19;6.105;6.19;24091.75
2017-02-07;6.12;6.215;6.12;6.13;116330.86
2017-02-08;6.395;6.4;6.3;6.32;43383.45
2017-02-09;6.3;6.3;6.215;6.215;10817.55
2017-02-10;6.35;6.795;6.25;6.795;311232.775
2017-02-13;6.89;6.94;6.85;6.925;261078.39
2017-02-14;6.91;7.0;6.645;6.65;94006.525
2017-02-15;6.66;6.76;6.655;6.76;35081.115
2017-02-16;6.68;6.68;6.46;6.535;72843.9
2017-02-17;6.52;6.525;6.38;6.45;31242.05
2017-02-20;6.665;6.7;6.58;6.7;68597.71
2017-02-21;6.7;6.775;6.69;6.75;89832.2
2017-02-22;6.5;6.7;6.5;6.66;44444.6
2017-02-23;6.55;6.58;6.215;6.27;115410.525
2017-02-24;6.33;6.42;6.28;6.42;79455.5
2017-02-27;6.41;6.41;6.325;6.36;31584.745
2017-02-28;6.42;6.47;6.33;6.47;16987.35
2017-03-01;6.5;6.73;6.5;6.55;137196.195
2017-03-02;6.6;6.6;6.45;6.52;9844.15
2017-03-03;6.425;6.425;6.355;6.355;63241.9
2017-03-06;6.25;6.255;6.145;6.195;114578.04
2017-03-07;6.19;6.19;6.0;6.0;100092.25
2017-03-08;6.05;6.12;6.005;6.005;57695.85
2017-03-09;5.84;6.05;5.735;5.81;59269.95
2017-03-10;5.87;5.99;5.815;5.815;8907.5
2017-03-13;5.9;6.045;5.9;6.03;37008.08
2017-03-14;6.115;6.12;6.115;6.12;14066.0
2017-03-15;6.19;6.275;6.13;6.17;25743.9
2017-03-16;6.25;6.27;6.17;6.195;35563.35
2017-03-17;6.14;6.26;6.14;6.26;81632.0
2017-03-20;6.22;6.22;6.08;6.145;51515.255
2017-03-21;6.09;6.09;5.85;5.89;90982.79
2017-03-22;5.83;5.875;5.8;5.875;42866.8
2017-03-23;5.91;6.01;5.91;5.985;27580.45
2017-03-24;5.925;5.925;5.925;5.925;2370.0
2017-03-27;5.74;5.815;5.63;5.65;31837.85
2017-03-28;5.9;6.01;5.85;5.99;19470.3
2017-03-29;6.12;6.215;6.06;6.21;109963.2
2017-03-30;6.05;6.365;6.05;6.365;49122.53
2017-03-31;6.2;6.205;6.01;6.09;66530.6
2017-04-03;6.055;6.14;5.935;5.94;62645.98
2017-04-04;6.1;6.1;5.89;5.925;19468.5
2017-04-05;6.105;6.3;6.1;6.21;183062.3
2017-04-06;6.175;6.215;6.115;6.115;30895.0
2017-04-07;6.05;6.09;5.95;6.09;86739.4
2017-04-10;6.03;6.03;6.03;6.03;1507.5
2017-04-11;5.96;5.96;5.81;5.87;113592.27
2017-04-12;5.81;5.85;5.63;5.63;115234.48
2017-04-13;5.77;5.78;5.7;5.73;60670.3
2017-04-18;5.7;5.7;5.475;5.505;47184.54
2017-04-19;5.695;5.695;5.52;5.52;50636.6
2017-04-20;5.51;5.62;5.5;5.5;23478.5
2017-04-21;5.645;5.645;5.565;5.57;3065.7
2017-04-24;5.56;5.56;5.49;5.49;6603.1
2017-04-25;5.61;5.635;5.58;5.58;47531.235
2017-04-26;5.595;5.67;5.595;5.67;9176.19
2017-04-27;5.64;5.64;5.56;5.585;20227.25
2017-04-28;5.645;5.695;5.645;5.695;10308.785
2017-05-02;5.77;5.78;5.77;5.78;171083.56
2017-05-03;5.685;5.685;5.39;5.39;422209.06
2017-05-04;5.315;5.385;5.175;5.24;55207.725
2017-05-05;5.255;5.3;5.2;5.3;114602.185
2017-05-08;5.16;5.175;5.1;5.15;113035.75
2017-05-09;5.215;5.24;5.21;5.21;30242.0
2017-05-10;5.27;5.27;5.19;5.19;17757.77
2017-05-11;5.3;5.41;5.27;5.28;95390.9
2017-05-12;5.33;5.375;5.265;5.265;13027.265
2017-05-15;5.34;5.38;5.34;5.37;28588.35
2017-05-16;5.345;5.345;5.315;5.315;1922.4
2017-05-17;5.3;5.3;5.3;5.3;2650.0
2017-05-18;5.22;5.22;5.05;5.22;186929.17
2017-05-19;5.32;5.44;5.305;5.34;13041.7
2017-05-22;5.395;5.475;5.395;5.42;41894.275
2017-05-23;5.37;5.44;5.37;5.44;81238.25
2017-05-24;5.4;5.415;5.385;5.4;397847.92
2017-05-25;5.38;5.485;5.38;5.485;35044.5
2017-05-26;;;;5.485;
2017-05-29;5.36;5.36;5.35;5.35;11780.0
2017-05-30;5.28;5.32;5.28;5.32;8488.0
2017-05-31;5.335;5.335;5.335;5.335;7202.25
2017-06-01;;;;5.335;
2017-06-02;5.21;5.33;5.195;5.33;10526.6
2017-06-05;5.24;5.27;5.24;5.27;17322.0
2017-06-06;5.2;5.275;5.14;5.25;11489.5
2017-06-07;5.16;5.235;5.16;5.225;12236.85
2017-06-08;5.3;5.5;5.3;5.46;66231.155
2017-06-09;5.485;5.65;5.485;5.63;65042.11
2017-06-12;5.6;5.675;5.54;5.54;41785.2
2017-06-13;5.435;5.465;5.4;5.435;99709.25
2017-06-14;5.42;5.42;5.36;5.36;20012.0
2017-06-15;5.37;5.37;5.37;5.37;6981.0
2017-06-16;5.385;5.385;5.385;5.385;2369.4
2017-06-19;5.39;5.455;5.39;5.435;43592.47
2017-06-20;5.45;5.465;5.31;5.31;18545.5
2017-06-21;5.3;5.465;5.3;5.465;159004.65
2017-06-22;5.5;5.5;5.5;5.5;396.0
2017-06-23;5.63;5.675;5.585;5.6;171197.935
2017-06-26;5.58;5.63;5.535;5.535;52067.4
2017-06-27;5.6;5.65;5.6;5.65;29762.0
2017-06-28;5.645;5.65;5.6;5.65;2701.5
2017-06-29;5.74;5.79;5.675;5.79;188291.955
2017-06-30;5.795;5.795;5.7;5.745;4443.125
2017-07-03;5.75;5.75;5.7;5.72;9147.0
2017-07-04;5.675;5.675;5.65;5.65;19787.5
2017-07-05;5.59;5.59;5.54;5.54;17398.3
2017-07-06;5.585;5.61;5.58;5.58;16330.115
2017-07-07;5.525;5.525;5.49;5.49;152917.23
2017-07-10;5.49;5.49;5.485;5.485;2414.4
2017-07-11;5.545;5.59;5.545;5.59;5572.0
2017-07-12;5.625;5.69;5.625;5.69;5664.0
2017-07-13;5.68;5.695;5.61;5.61;19792.5
2017-07-14;5.585;5.67;5.585;5.67;8192.2
2017-07-17;5.77;5.845;5.77;5.83;95226.245
2017-07-18;5.78;5.78;5.78;5.78;1156.0
2017-07-19;5.745;5.745;5.745;5.745;2298.0
2017-07-20;5.745;5.755;5.625;5.625;21586.0
2017-07-21;5.76;5.79;5.725;5.725;8390.275
2017-07-24;5.725;5.755;5.7;5.755;19684.4
2017-07-25;5.9;6.145;5.9;6.145;179295.53
2017-07-26;6.15;6.37;6.15;6.36;212515.665
2017-07-27;6.355;6.41;6.34;6.34;43102.485
2017-07-28;6.28;6.33;6.28;6.285;26505.025
2017-07-31;6.495;6.495;6.395;6.395;26885.82
2017-08-01;6.295;6.3;6.26;6.275;113091.115
2017-08-02;6.255;6.26;6.255;6.26;938.5
2017-08-03;6.25;6.25;6.25;6.25;6.25
2017-08-04;6.28;6.325;6.28;6.325;11977.0
2017-08-07;6.3;6.47;6.3;6.39;42640.875
2017-08-08;6.4;6.55;6.35;6.55;82783.62
2017-08-09;6.57;6.63;6.51;6.51;122188.81
2017-08-10;6.47;6.47;6.4;6.46;52143.85
2017-08-11;6.35;6.42;6.285;6.42;543287.205
2017-08-14;6.375;6.375;6.36;6.36;66930.0
2017-08-16;6.39;6.75;6.39;6.75;149782.72
2017-08-17;6.69;6.69;6.55;6.58;28146.625
2017-08-18;6.59;6.59;6.51;6.51;4021.14
2017-08-21;6.695;6.8;6.695;6.75;41871.6
2017-08-22;6.81;6.89;6.7;6.7;86262.8
2017-08-23;6.705;6.75;6.69;6.695;28615.09
2017-08-24;6.8;7.0;6.8;7.0;72934.55
2017-08-25;7.025;7.05;6.86;6.86;37349.865
2017-08-28;6.99;7.135;6.99;6.99;41804.14
2017-08-29;7.06;7.11;7.005;7.03;77139.1
2017-08-30;7.0;7.09;7.0;7.045;4590.5
2017-08-31;7.1;7.25;7.1;7.105;112604.5
2017-09-01;7.11;7.2;7.08;7.19;48871.215
2017-09-04;7.245;7.335;7.245;7.315;136765.05
2017-09-05;7.445;7.445;7.29;7.295;554387.345
2017-09-06;7.295;7.335;7.25;7.275;13701.525
2017-09-07;7.19;7.215;7.18;7.215;14883.5
2017-09-08;7.02;7.035;6.77;6.8;39739.75
2017-09-11;6.87;6.99;6.85;6.86;11097.5
2017-09-12;6.855;6.855;6.715;6.715;15448.06
2017-09-13;6.7;6.7;6.5;6.58;57885.15
2017-09-14;6.425;6.5;6.375;6.46;116954.745
2017-09-15;6.47;6.47;6.36;6.36;5475.5
2017-09-18;6.57;6.57;6.45;6.45;16008.25
2017-09-19;6.42;6.475;6.42;6.475;13133.3
2017-09-20;6.5;6.51;6.5;6.51;4555.0
2017-09-21;6.32;6.34;6.3;6.3;18155.56
2017-09-22;6.25;6.305;6.18;6.305;21551.25
2017-09-25;6.35;6.355;6.33;6.355;34478.65
2017-09-26;6.46;6.46;6.3;6.34;39288.0
2017-09-27;6.465;6.485;6.35;6.35;30205.565
2017-09-28;6.42;6.53;6.41;6.53;32256.0
2017-09-29;6.54;6.56;6.505;6.505;12785.8
2017-10-02;6.53;6.53;6.47;6.47;9455.8
2017-10-03;6.52;6.565;6.52;6.545;10822.115
2017-10-04;6.54;6.54;6.495;6.495;5863.5
2017-10-05;6.6;6.93;6.6;6.93;190973.1
2017-10-06;6.95;6.97;6.835;6.835;42208.72
2017-10-09;6.82;6.83;6.8;6.8;43733.25
2017-10-10;6.875;6.97;6.855;6.97;16197.75
2017-10-11;6.92;7.05;6.92;7.035;31078.865
2017-10-12;7.08;7.25;7.08;7.25;113530.83
2017-10-13;7.25;7.295;7.2;7.22;141570.04
2017-10-16;7.41;7.83;7.41;7.75;152391.6
2017-10-17;7.715;7.715;7.57;7.57;86907.215
2017-10-18;7.565;7.6;7.53;7.6;99860.25
2017-10-19;7.47;7.47;7.32;7.38;21232.05
2017-10-20;7.55;7.56;7.515;7.515;17900.35
2017-10-23;7.42;7.475;7.415;7.465;17834.0
2017-10-24;7.655;7.715;7.55;7.58;32974.4
2017-10-25;7.49;7.49;7.49;7.49;71155.0
2017-10-26;7.475;7.505;7.435;7.505;6717.5
2017-10-27;7.435;7.435;7.12;7.2;25601.9
2017-10-30;7.0;7.245;7.0;7.225;12013.0
2017-10-31;7.225;7.225;7.19;7.21;75821.205
2017-11-01;7.505;7.505;7.4;7.4;110507.25
2017-11-02;7.385;7.485;7.28;7.385;41193.82
2017-11-03;7.4;7.42;7.29;7.3;27679.0
2017-11-06;7.47;7.53;7.445;7.48;25244.12
2017-11-07;7.365;7.37;7.18;7.18;79846.6
2017-11-08;7.0;7.26;7.0;7.26;136682.315
2017-11-09;7.055;7.125;7.045;7.125;113004.935
2017-11-10;7.12;7.125;7.1;7.1;130765.565
2017-11-13;7.1;7.3;7.09;7.27;52486.0
2017-11-14;7.185;7.185;6.92;6.92;45413.875
2017-11-15;6.8;6.83;6.8;6.8;35132.5
2017-11-16;6.935;6.945;6.935;6.935;106804.0
2017-11-17;6.905;6.925;6.86;6.885;43144.25
2017-11-20;6.92;7.015;6.92;7.015;34166.0
2017-11-21;7.13;7.27;7.13;7.22;82046.5
2017-11-22;7.295;7.295;7.245;7.27;29069.0
2017-11-23;7.21;7.31;7.21;7.29;43938.4
2017-11-24;7.325;7.345;7.31;7.335;1006088.76
2017-11-27;7.175;7.177;7.15;7.15;11471.79
2017-11-28;6.97;6.97;6.919;6.925;84638.62
2017-11-29;6.909;6.909;6.8;6.8;205053.502
2017-11-30;6.82;6.86;6.82;6.86;8462.4
2017-12-01;6.861;6.985;6.861;6.985;2419.95
2017-12-04;6.943;6.943;6.913;6.913;9131.76
2017-12-05;6.655;6.655;6.38;6.38;172873.27
2017-12-06;6.36;6.429;6.36;6.39;306877.065
2017-12-07;6.458;6.458;6.398;6.398;311232.968
2017-12-08;6.458;6.458;6.437;6.457;46486.9
2017-12-11;6.45;6.576;6.45;6.576;400173.1
2017-12-12;6.578;6.636;6.578;6.62;68756.648
2017-12-13;6.75;6.776;6.75;6.75;10241.37
2017-12-14;6.71;6.89;6.71;6.89;157336.687
2017-12-15;6.9;7.12;6.869;7.12;231309.25
2017-12-18;7.06;7.1;7.06;7.096;444885.39
2017-12-19;7.082;7.2;7.066;7.177;86162.246
2017-12-20;7.23;7.429;7.23;7.354;148492.687
2017-12-21;7.35;7.424;7.323;7.424;34331.996
2017-12-22;7.43;7.555;7.4;7.555;69772.775
2017-12-27;7.6;7.79;7.536;7.756;206015.149
2017-12-28;7.81;7.86;7.72;7.842;231129.01
2017-12-29;7.777;7.777;7.67;7.695;302731.942
2018-01-02;7.7;7.7;7.602;7.664;89246.708
2018-01-03;7.526;7.526;7.526;7.526;7526.0
2018-01-04;7.693;7.693;7.5;7.513;117338.62
2018-01-05;7.471;7.49;7.39;7.39;39555.452
2018-01-08;7.432;7.432;7.432;7.432;14864.0
2018-01-09;7.535;7.538;7.424;7.424;232161.453
2018-01-10;7.572;7.572;7.49;7.49;13447.6
2018-01-11;7.503;7.517;7.38;7.38;80451.49
2018-01-12;7.39;7.39;7.3;7.3;151448.335
2018-01-15;7.4;7.4;7.4;7.4;20720.0
2018-01-16;7.17;7.187;7.095;7.141;98863.539
2018-01-17;7.192;7.2;7.05;7.05;122299.523
2018-01-18;7.155;7.17;7.135;7.138;91303.56
2018-01-19;7.223;7.259;7.07;7.07;106264.328
2018-01-22;7.194;7.194;7.105;7.11;34242.67
2018-01-23;7.076;7.076;6.772;6.794;302577.044
2018-01-24;6.82;7.203;6.794;7.203;173479.35
2018-01-25;7.171;7.184;7.073;7.076;1382362.6
2018-01-26;7.09;7.09;6.976;6.976;25125.8
2018-01-29;7.188;7.188;7.048;7.075;155979.33
2018-01-30;6.93;7.022;6.897;6.952;52981.5
2018-01-31;7.046;7.13;7.046;7.071;238340.6
2018-02-01;6.98;6.998;6.95;6.998;87235.8
2018-02-02;7.118;7.12;6.898;6.898;354037.446
2018-02-05;7.006;7.185;7.006;7.185;84578.942
2018-02-06;7.072;7.08;6.993;7.025;317159.51
2018-02-07;6.956;6.956;6.666;6.669;244359.552
2018-02-08;6.6;6.665;6.516;6.596;257936.407
2018-02-09;6.5;6.52;6.4;6.42;66211.204
2018-02-12;6.525;6.56;6.525;6.529;70811.167
2018-02-13;6.673;6.853;6.673;6.853;50641.884
2018-02-14;6.776;7.089;6.776;7.085;73893.49
2018-02-15;7.106;7.124;7.019;7.124;324181.458
2018-02-16;7.2;7.26;7.15;7.26;163633.0
2018-02-19;7.16;7.16;7.09;7.09;27612.728
2018-02-20;6.955;6.98;6.955;6.98;5850.7
2018-02-21;6.925;7.087;6.925;7.087;34199.924
2018-02-22;6.92;7.155;6.9;7.15;66155.924
2018-02-23;7.088;7.088;7.088;7.088;4748.96
2018-02-26;7.159;7.179;7.104;7.104;154915.777
2018-02-27;6.93;6.932;6.9;6.907;29990.064
2018-02-28;6.826;6.826;6.81;6.81;5005.91
2018-03-01;6.7;6.741;6.61;6.741;156667.266
2018-03-02;6.675;6.711;6.59;6.59;96702.31
2018-03-05;6.562;6.64;6.559;6.63;194550.7
2018-03-06;6.68;6.79;6.68;6.75;160948.692
2018-03-07;6.662;6.667;6.568;6.613;159340.48
2018-03-08;6.508;6.508;6.398;6.43;269218.386
2018-03-09;6.39;6.682;6.39;6.67;404214.969
2018-03-12;6.643;6.643;6.593;6.625;16807.613
2018-03-13;6.618;6.634;6.617;6.634;179487.2
2018-03-14;6.78;6.865;6.72;6.727;373452.465
2018-03-15;6.668;6.678;6.566;6.566;182934.916
2018-03-16;6.661;6.687;6.515;6.547;142537.446
2018-03-19;6.5;6.5;6.39;6.463;319497.775
2018-03-20;6.39;6.402;6.276;6.276;211389.812
2018-03-21;6.211;6.382;6.21;6.381;237910.0
2018-03-22;6.58;6.58;6.13;6.15;39862.86
2018-03-23;6.105;6.156;6.06;6.06;99317.406
2018-03-26;6.0;6.0;5.838;5.964;341192.617
2018-03-27;6.046;6.075;6.0;6.0;8089.437
2018-03-28;5.948;6.075;5.948;6.053;108221.912
2018-03-29;6.2;6.266;6.16;6.205;235369.744
2018-04-03;6.359;6.368;6.301;6.348;559675.965
2018-04-04;6.273;6.273;6.0;6.125;110475.34
2018-04-05;6.26;6.47;6.26;6.42;64113.49
2018-04-06;6.29;6.29;6.274;6.283;13345.361
2018-04-09;6.392;6.392;6.357;6.357;22053.336
2018-04-10;6.505;6.654;6.46;6.568;139440.102
2018-04-11;6.587;6.597;6.587;6.597;1747.152
2018-04-12;6.28;6.35;6.26;6.35;45287.5
2018-04-13;6.468;6.469;6.38;6.38;5130.697
2018-04-16;6.357;6.565;6.357;6.565;8922.297
2018-04-17;6.3;6.418;6.3;6.418;14237.3
2018-04-18;6.51;6.79;6.496;6.724;122055.857
2018-04-19;6.753;6.84;6.57;6.598;54314.236
2018-04-20;6.65;6.69;6.65;6.672;69281.4
2018-04-23;6.71;6.725;6.5;6.625;91336.247
2018-04-24;6.75;6.855;6.716;6.739;92165.288
2018-04-25;6.715;6.76;6.677;6.744;57858.906
2018-04-26;6.615;6.75;6.55;6.75;40318.442
2018-04-27;6.6;6.6;6.367;6.37;84671.993
2018-04-30;6.415;6.415;6.415;6.415;769.8
2018-05-02;6.483;6.483;6.454;6.454;4520.123
2018-05-03;6.566;6.64;6.51;6.51;90679.062
2018-05-04;6.528;6.528;6.47;6.52;95493.888
2018-05-07;6.485;6.604;6.485;6.585;81948.275
2018-05-08;6.532;6.532;6.3;6.3;128204.767
2018-05-09;6.43;6.462;6.43;6.461;30581.303
2018-05-10;6.56;6.64;6.56;6.64;33488.0
2018-05-11;6.651;6.7;6.651;6.7;63580.106
2018-05-14;6.674;6.674;6.514;6.514;9760.538
2018-05-15;6.444;6.445;6.411;6.442;1151772.426
2018-05-16;6.51;6.511;6.51;6.511;5208.797
2018-05-17;6.565;6.565;6.565;6.565;9519.25
2018-05-18;6.54;6.54;6.54;6.54;80651.28
2018-05-21;6.65;6.735;6.65;6.734;77928.397
2018-05-22;6.78;6.892;6.76;6.833;76862.242
2018-05-23;6.605;6.643;6.54;6.643;9951.282
2018-05-24;6.633;6.668;6.63;6.667;21459.113
2018-05-25;6.76;6.77;6.68;6.696;5622.203
2018-05-28;6.688;6.688;6.449;6.639;33567.0
2018-05-29;6.715;6.824;6.668;6.751;134586.111
2018-05-30;6.536;6.568;6.446;6.567;7146.713
2018-05-31;6.679;6.679;6.592;6.593;5325.997
2018-06-01;6.581;6.7;6.58;6.7;127384.764
2018-06-04;6.77;6.89;6.77;6.885;209225.403
2018-06-05;6.951;7.12;6.94;7.09;973122.299
2018-06-06;7.198;7.37;7.192;7.343;63904.305
2018-06-07;7.4;7.6;7.35;7.6;144364.117
2018-06-08;7.345;7.5;7.345;7.5;35978.885
2018-06-11;7.457;7.463;7.34;7.43;51234.214
2018-06-12;7.285;7.285;7.285;7.285;655.65
2018-06-13;7.267;7.3;7.267;7.3;14941.603
2018-06-14;7.265;7.297;7.26;7.297;234343.74
2018-06-15;7.192;7.198;6.991;6.991;21242.316
2018-06-18;6.97;7.018;6.81;6.81;22803.577
2018-06-19;6.67;6.702;6.57;6.57;53143.896
2018-06-20;6.63;6.636;6.479;6.48;75294.491
2018-06-21;6.52;6.527;6.45;6.45;26571.297
2018-06-22;6.51;6.51;6.4;6.4;17104.6
2018-06-25;6.445;6.455;6.35;6.35;27887.043
2018-06-26;6.3;6.3;6.239;6.239;18472.884
2018-06-27;6.198;6.333;6.18;6.28;12136.006
2018-06-28;6.25;6.25;6.08;6.15;58254.487
2018-06-29;6.214;6.214;6.08;6.08;32552.84
2018-07-02;6.01;6.03;5.972;5.973;35869.054
2018-07-03;6.029;6.029;5.868;5.868;500095.489
2018-07-04;5.784;5.784;5.598;5.648;36311.494
2018-07-05;5.64;5.687;5.5;5.583;50841.717
2018-07-06;5.49;5.499;5.38;5.391;50103.502
2018-07-09;5.6;5.623;5.552;5.6;117718.124
2018-07-10;5.62;5.62;5.481;5.481;78421.379
2018-07-11;5.45;5.45;5.13;5.137;109285.795
2018-07-12;5.29;5.359;5.25;5.33;70260.054
2018-07-13;5.308;5.328;5.265;5.328;113784.551
2018-07-16;5.265;5.28;5.2;5.271;81510.317
2018-07-17;5.27;5.27;5.249;5.25;17864.294
2018-07-18;5.2;5.2;5.13;5.14;86861.667
2018-07-19;5.1;5.1;4.95;5.079;47096.391
2018-07-20;5.144;5.2;5.116;5.18;93594.445
2018-07-23;5.207;5.217;5.18;5.18;9863.637
2018-07-24;5.255;5.525;5.254;5.525;130650.37
2018-07-25;5.432;5.5;5.404;5.47;33188.943
2018-07-26;5.43;5.49;5.406;5.48;43567.023
2018-07-27;5.495;5.499;5.495;5.499;3984.972
2018-07-30;5.268;5.404;5.268;5.375;40182.563
2018-07-31;5.314;5.46;5.284;5.44;172005.149
2018-08-01;5.33;5.33;5.16;5.2;104334.904
2018-08-02;5.204;5.22;5.08;5.13;149225.21
2018-08-03;5.095;5.336;5.095;5.25;421731.886
2018-08-06;5.187;5.193;5.1;5.185;139899.736
2018-08-07;5.243;5.264;5.225;5.26;149653.5
2018-08-08;5.284;5.284;5.18;5.245;65447.45
2018-08-09;5.351;5.483;5.325;5.342;220999.52
2018-08-10;5.26;5.355;5.228;5.339;298704.378
2018-08-13;5.26;5.323;5.222;5.278;76325.062
2018-08-14;5.209;5.209;5.06;5.13;102143.569
2018-08-16;5.0;5.0;4.738;4.8705;205997.127
2018-08-17;4.76;4.865;4.75;4.8525;608385.674
2018-08-20;4.924;5.01;4.91;4.924;226292.3045
2018-08-21;5.002;5.049;4.975;5.049;76189.88
2018-08-22;4.897;4.962;4.883;4.91;22626.57
2018-08-23;4.7495;4.895;4.743;4.8645;308661.602
2018-08-24;4.91;5.065;4.8905;5.063;378198.8255
2018-08-27;5.039;5.064;5.018;5.064;87715.604
2018-08-28;5.021;5.136;5.0;5.11;610983.395
2018-08-29;5.05;5.052;4.992;4.9985;49496.871
2018-08-30;5.017;5.017;4.897;4.945;71083.044
2018-08-31;4.904;4.919;4.852;4.852;86416.608
2018-09-03;4.8325;4.8395;4.8075;4.8075;17648.7725
2018-09-04;4.677;4.704;4.54;4.56;254826.6195
2018-09-05;4.595;4.606;4.595;4.606;104624.2365
2018-09-06;4.779;4.8015;4.71;4.715;211996.241
2018-09-07;4.63;4.765;4.5815;4.765;87697.5095
2018-09-10;4.65;4.7005;4.64;4.6635;78537.8155
2018-09-11;4.77;4.77;4.55;4.56;285865.17
2018-09-12;4.724;4.78;4.684;4.703;204304.3435
2018-09-13;4.886;4.939;4.874;4.874;179418.62
2018-09-14;4.828;4.828;4.78;4.7875;217168.421
2018-09-17;4.652;4.7235;4.626;4.7075;91255.304
2018-09-18;4.689;5.006;4.6885;4.97;170921.506
2018-09-19;5.055;5.066;4.978;5.03;369919.771
2018-09-20;4.927;4.989;4.924;4.96;184359.498
2018-09-21;5.108;5.455;5.108;5.455;967409.654
2018-09-24;5.446;5.446;5.38;5.395;481587.621
2018-09-25;5.246;5.38;5.246;5.327;92338.558
2018-09-26;5.29;5.366;5.29;5.312;37862.381
2018-09-27;5.22;5.246;5.12;5.12;204210.938
2018-09-28;5.213;5.32;5.199;5.304;180435.875
2018-10-01;5.26;5.345;5.13;5.18;73863.781
2018-10-02;5.277;5.498;5.196;5.349;362479.359
2018-10-03;5.344;5.402;5.317;5.32;198640.85
2018-10-04;5.437;5.58;5.403;5.403;481562.477
2018-10-05;5.35;5.35;5.143;5.19;173850.63
2018-10-08;5.12;5.249;5.104;5.249;165269.26
2018-10-09;5.316;5.378;5.215;5.378;405941.175
2018-10-10;5.383;5.383;5.275;5.275;202525.473
2018-10-11;5.096;5.326;4.9965;5.3;822754.244
2018-10-12;5.344;5.422;5.273;5.356;321308.951
2018-10-15;5.3;5.426;5.292;5.378;131055.671
2018-10-16;5.178;5.237;5.136;5.209;185634.218
2018-10-17;5.198;5.304;5.158;5.216;284495.592
2018-10-18;5.154;5.171;5.062;5.106;561800.531
2018-10-19;5.167;5.271;5.144;5.231;277457.142
2018-10-22;5.31;5.425;5.287;5.307;85957.206
2018-10-23;5.25;5.25;5.13;5.186;139235.377
2018-10-24;5.275;5.275;5.2;5.212;113518.216
2018-10-25;5.15;5.275;5.09;5.275;122156.696
2018-10-26;5.12;5.157;5.058;5.157;387880.121
2018-10-29;5.14;5.258;5.14;5.14;96724.761
2018-10-30;5.087;5.087;4.9;4.912;159495.971
2018-10-31;4.912;4.9285;4.879;4.883;113971.435
2018-11-01;4.931;4.965;4.9;4.965;83214.0
2018-11-02;5.09;5.4;5.09;5.365;779745.702
2018-11-05;5.3;5.3;5.192;5.192;86765.431
2018-11-06;5.15;5.178;5.11;5.11;65621.531
2018-11-07;5.194;5.202;5.103;5.103;140093.785
2018-11-08;5.063;5.112;4.999;5.112;147967.711
2018-11-09;4.987;5.001;4.93;4.9805;226476.425
2018-11-12;5.004;5.026;4.963;4.9855;18975.3
2018-11-13;5.165;5.228;4.94;5.051;1001160.454
2018-11-14;4.9595;5.081;4.93;5.027;428868.732
2018-11-15;5.162;5.245;5.15;5.227;389802.997
2018-11-16;5.183;5.24;5.13;5.24;161774.674
2018-11-19;5.0;5.31;5.0;5.31;487244.042
2018-11-20;5.277;5.465;5.179;5.247;744120.257
2018-11-21;5.287;5.32;5.233;5.285;530675.775
2018-11-22;5.32;5.328;5.243;5.32;20880.294
2018-11-23;5.234;5.3;5.184;5.3;325680.674
2018-11-26;5.244;5.283;5.165;5.261;219444.668
2018-11-27;5.103;5.18;5.093;5.18;156388.364
2018-11-28;5.13;5.27;5.128;5.27;357084.582
2018-11-29;5.304;5.33;5.232;5.292;173591.571
2018-11-30;5.21;5.261;5.194;5.254;65434.786
2018-12-03;5.45;5.5;5.417;5.436;231620.68
2018-12-04;5.355;5.355;5.2;5.2;109585.15
2018-12-05;5.12;5.169;5.11;5.169;86442.936
2018-12-06;5.064;5.064;4.97;4.97;328612.642
2018-12-07;5.137;5.18;5.1;5.1;81877.18
2018-12-10;5.059;5.094;4.99;5.0;358030.306
2018-12-11;5.054;5.228;5.051;5.226;145026.926
2018-12-12;5.157;5.171;5.157;5.171;16001.0
2018-12-13;5.254;5.29;5.19;5.19;108211.374
2018-12-14;5.058;5.097;5.058;5.087;54585.124
2018-12-17;5.117;5.117;5.039;5.039;35137.3
2018-12-18;5.028;5.028;4.82;4.82;211091.197
2018-12-19;4.8345;4.855;4.8105;4.8375;100797.2885
2018-12-20;4.816;4.8835;4.816;4.826;153397.6005
2018-12-21;4.8215;4.857;4.8215;4.848;26704.8795
2018-12-27;4.902;4.902;4.879;4.879;9781.0
2018-12-28;4.9105;4.9105;4.9105;4.9105;4.9105
2019-01-02;4.65;4.65;4.538;4.6025;139131.3015
2019-01-03;4.5585;4.575;4.37;4.384;176008.6865
2019-01-04;4.56;4.6715;4.518;4.6715;17504.603
2019-01-07;4.688;4.691;4.654;4.67;38354.739
2019-01-08;4.6465;4.6855;4.635;4.635;47074.655
2019-01-09;4.766;4.792;4.723;4.723;38291.3765
2019-01-10;4.677;4.6835;4.5985;4.6175;212759.199
2019-01-11;4.7065;4.708;4.634;4.658;122909.966
2019-01-14;4.5795;4.6135;4.579;4.6;140397.243
2019-01-15;4.6985;4.722;4.65;4.691;240737.8145
2019-01-16;4.7525;4.808;4.7365;4.7415;124055.1315
2019-01-17;4.783;4.806;4.7805;4.806;14351.982
2019-01-18;4.9;4.95;4.8725;4.95;165147.489
2019-01-21;4.8945;4.8945;4.833;4.866;59480.7975
2019-01-22;4.812;4.8195;4.7465;4.7465;38481.4525
2019-01-23;4.764;4.764;4.722;4.73;49136.644
2019-01-24;4.708;4.7385;4.678;4.678;54202.206
2019-01-25;4.767;4.925;4.7205;4.925;237714.9085
2019-01-28;4.925;4.925;4.8285;4.8285;16574.4
2019-01-29;4.863;4.935;4.849;4.929;57053.355
2019-01-30;4.97;5.131;4.97;5.099;112347.85
2019-01-31;5.129;5.18;5.099;5.18;158395.407
2019-02-01;5.101;5.101;5.054;5.075;45319.634
2019-02-04;5.077;5.18;5.058;5.18;37388.8
2019-02-05;5.266;5.31;5.246;5.304;113154.8
2019-02-06;5.313;5.42;5.313;5.374;336445.8
2019-02-07;5.38;5.438;5.38;5.429;130087.4
2019-02-08;5.33;5.393;5.311;5.32;190463.9
2019-02-11;5.225;5.26;5.22;5.22;90157.3
2019-02-12;5.222;5.222;5.13;5.13;38028.2
2019-02-13;5.17;5.17;5.17;5.17;2295.5
2019-02-14;5.27;5.295;5.155;5.182;71609.4
2019-02-15;5.29;5.33;5.219;5.238;136567.8
2019-02-18;5.36;5.423;5.357;5.421;125231.7
2019-02-19;5.42;5.521;5.385;5.51;90897.9
2019-02-20;5.513;5.68;5.513;5.668;94976.3
2019-02-21;5.634;5.64;5.597;5.63;90298.9
2019-02-22;5.725;5.816;5.716;5.77;113093.8
2019-02-25;5.85;5.9;5.784;5.784;512953.5
2019-02-26;5.809;5.822;5.786;5.791;25174.8
2019-02-27;5.758;5.863;5.758;5.809;71834.3
2019-02-28;5.78;5.849;5.78;5.846;58148.2
2019-03-01;5.83;5.852;5.715;5.715;78183.1
2019-03-04;5.628;5.659;5.606;5.659;15428.5
2019-03-05;5.739;5.811;5.713;5.759;112085.8
2019-03-06;5.767;5.767;5.757;5.757;10302.4
2019-03-07;5.643;5.71;5.643;5.709;190519.1
2019-03-08;5.625;5.678;5.625;5.678;24309.4
2019-03-11;5.665;5.7;5.657;5.7;18807.0
2019-03-12;5.791;5.85;5.781;5.82;42901.0
2019-03-13;5.717;5.76;5.717;5.76;26708.4
2019-03-14;5.635;5.635;5.577;5.626;63798.5
2019-03-15;5.676;5.676;5.605;5.616;35422.9
2019-03-18;5.697;5.702;5.697;5.702;19954.0
2019-03-19;5.734;5.761;5.715;5.715;44362.9
2019-03-20;5.651;5.7;5.651;5.684;7384.2
2019-03-21;5.804;5.825;5.6;5.6;68522.8
2019-03-22;5.636;5.636;5.402;5.407;302869.1
2019-03-25;5.436;5.445;5.39;5.445;25922.9
2019-03-26;5.446;5.457;5.446;5.456;7330.3
2019-03-27;5.46;5.507;5.446;5.499;66741.0
2019-03-28;5.53;5.61;5.53;5.562;81821.2
2019-03-29;5.681;5.82;5.681;5.797;78910.1
2019-04-01;5.847;5.878;5.822;5.822;54829.1
2019-04-02;5.731;5.731;5.678;5.678;49744.2
2019-04-03;5.82;5.831;5.726;5.831;36413.2
2019-04-04;5.816;5.835;5.682;5.698;200827.0
2019-04-05;5.698;5.702;5.639;5.661;108055.4
2019-04-08;5.72;5.766;5.72;5.765;40126.1
2019-04-09;5.826;5.856;5.787;5.787;98242.5
2019-04-10;5.761;5.771;5.684;5.684;24327.9
2019-04-11;5.678;5.678;5.67;5.67;4369.1
2019-04-12;5.785;5.814;5.763;5.763;71716.7
2019-04-15;5.721;5.721;5.721;5.721;14302.5
2019-04-16;5.779;5.779;5.746;5.751;19373.9
2019-04-17;5.82;5.978;5.82;5.901;92681.2
2019-04-18;5.732;5.732;5.624;5.719;90006.0
2019-04-23;5.656;5.68;5.58;5.581;155639.2
2019-04-24;5.66;5.71;5.658;5.679;106124.4
2019-04-25;5.62;5.62;5.568;5.568;85675.2
2019-04-26;5.6;5.626;5.575;5.626;39791.3
2019-04-29;5.602;5.615;5.602;5.615;7866.1
2019-04-30;5.573;5.701;5.573;5.654;102058.4
2019-05-02;5.26;5.26;5.0;5.178;154559.9
2019-05-03;5.181;5.357;5.181;5.323;39000.0
2019-05-06;5.229;5.343;5.229;5.343;77091.5
2019-05-07;5.282;5.282;5.18;5.222;270535.8
2019-05-08;5.222;5.222;5.1;5.162;373607.9
2019-05-09;5.098;5.104;5.01;5.03;234180.7
2019-05-10;5.151;5.193;5.072;5.072;92253.6
2019-05-13;5.005;5.037;4.9;4.9;193851.7
2019-05-14;4.95;4.98;4.9285;4.9445;76955.1
2019-05-15;5.002;5.006;4.9405;5.006;153110.7
2019-05-16;5.04;5.146;5.039;5.116;154790.5
2019-05-17;4.9795;5.038;4.9795;5.032;131184.8
2019-05-20;4.999;5.008;4.936;4.982;50449.9
2019-05-21;5.015;5.015;4.9215;4.9955;42356.9
2019-05-22;4.888;4.894;4.79;4.792;150037.8
2019-05-23;4.778;4.8;4.7415;4.8;64224.6
2019-05-24;4.872;4.89;4.837;4.8695;52032.7
2019-05-27;4.904;4.928;4.904;4.924;37393.8
2019-05-28;4.881;4.911;4.859;4.872;113090.0
2019-05-29;4.819;4.819;4.75;4.77;553753.5
2019-05-30;4.75;4.75;4.678;4.711;76351.3
2019-05-31;4.687;4.7135;4.643;4.707;211712.0
2019-06-03;4.6615;4.707;4.62;4.699;214910.8
2019-06-04;4.6705;4.704;4.63;4.704;75141.5
2019-06-05;4.7;4.725;4.63;4.63;96563.6
2019-06-06;4.64;4.661;4.58;4.59;117005.2
2019-06-07;4.662;4.6745;4.472;4.52;896965.0
2019-06-10;4.593;4.69;4.592;4.68;323996.9
2019-06-11;4.752;4.816;4.717;4.717;261517.3
2019-06-12;4.664;4.679;4.6;4.6685;289165.8
2019-06-13;4.626;4.6925;4.589;4.669;225480.6
2019-06-14;4.645;4.666;4.61;4.61;105891.0
2019-06-17;4.628;4.68;4.57;4.68;81320.7
2019-06-18;4.694;4.9;4.694;4.88;192024.4
2019-06-19;4.84;4.8485;4.8;4.802;198686.6
2019-06-20;4.872;4.934;4.859;4.883;277907.5
2019-06-21;4.826;4.871;4.774;4.861;192476.5
2019-06-24;4.783;4.8055;4.728;4.8055;177457.4
2019-06-25;4.833;4.942;4.833;4.942;321367.0
2019-06-26;4.8835;4.9655;4.826;4.826;144399.8
2019-06-27;4.842;4.878;4.788;4.82;237999.1
2019-06-28;4.852;4.86;4.822;4.822;162501.1
2019-07-01;4.955;4.962;4.768;4.7885;294996.2
2019-07-02;4.77;4.77;4.66;4.684;299029.4
2019-07-03;4.6535;4.75;4.6225;4.75;213385.8
2019-07-04;4.72;4.758;4.72;4.733;201050.9
2019-07-05;4.6725;4.71;4.6435;4.71;284229.8
2019-07-08;4.703;4.786;4.703;4.7165;132426.4
2019-07-09;4.678;4.678;4.555;4.571;235308.6
2019-07-10;4.637;4.771;4.637;4.771;226096.9
2019-07-11;4.7775;4.8025;4.7685;4.783;79728.9
2019-07-12;4.82;4.87;4.734;4.75;319214.1
2019-07-15;4.8525;4.917;4.8335;4.847;238048.0
2019-07-16;4.883;4.967;4.883;4.938;125860.4
2019-07-17;4.857;4.857;4.79;4.84;98252.8
2019-07-18;4.832;4.9165;4.832;4.864;80246.3
2019-07-19;5.069;5.189;5.021;5.03;167994.1
2019-07-22;4.967;4.9875;4.856;4.94;85114.6
2019-07-23;4.933;4.933;4.828;4.828;244752.0
2019-07-24;4.92;4.94;4.894;4.91;243255.9
2019-07-25;4.903;5.02;4.895;4.924;920848.7
2019-07-26;4.854;4.875;4.832;4.837;439348.0
2019-07-29;4.839;4.936;4.83;4.9225;594723.9
2019-07-30;4.9285;4.93;4.8;4.814;452797.3
2019-07-31;4.803;4.829;4.758;4.761;584276.3
2019-08-01;4.768;4.788;4.711;4.7705;567898.9
2019-08-02;4.62;4.62;4.426;4.447;754702.5
2019-08-05;4.4;4.4095;4.284;4.35;853365.2
2019-08-06;4.349;4.3825;4.33;4.331;270028.0
2019-08-07;4.339;4.3885;4.29;4.3585;141035.1
2019-08-08;4.436;4.524;4.436;4.524;309736.2
2019-08-09;4.468;4.54;4.427;4.4485;512611.7
2019-08-12;4.502;4.531;4.395;4.414;136979.9
2019-08-13;4.455;4.62;4.386;4.5565;356371.0
2019-08-14;4.537;4.537;4.42;4.4975;46463.4
2019-08-16;4.532;4.532;4.532;4.532;4527.5
2019-08-19;4.57;4.61;4.533;4.5365;55365.7
2019-08-20;4.45;4.45;4.383;4.4275;22419.7
2019-08-21;4.4795;4.4795;4.44;4.467;21530.3
2019-08-22;4.379;4.467;4.358;4.359;315694.9
2019-08-23;4.4135;4.443;4.2675;4.2675;606710.0
2019-08-26;4.285;4.33;4.262;4.3;188062.8
2019-08-27;4.28;4.407;4.28;4.35;171419.1
2019-08-28;4.34;4.392;4.334;4.369;61896.0
2019-08-29;4.4075;4.491;4.4075;4.4565;236005.9
2019-08-30;4.4;4.451;4.386;4.386;237242.4
2019-09-02;4.4;4.4;4.331;4.331;108506.3
2019-09-03;4.3;4.3;4.16;4.262;231197.4
2019-09-04;4.385;4.5;4.385;4.494;669440.9
2019-09-05;4.53;4.674;4.5235;4.662;291505.1
2019-09-06;4.611;4.683;4.6;4.634;227380.6
2019-09-09;4.625;4.625;4.564;4.592;56557.6
2019-09-10;4.623;4.623;4.5245;4.567;174286.3
2019-09-11;4.589;4.612;4.5525;4.562;204620.0
2019-09-12;4.7125;4.75;4.4735;4.5975;604408.3
2019-09-13;4.71;4.86;4.7;4.8565;393060.0
2019-09-16;4.747;4.773;4.681;4.7065;260195.2
2019-09-17;4.6;4.63;4.541;4.601;1024123.1
2019-09-18;4.57;4.57;4.524;4.547;570293.6
2019-09-19;4.526;4.566;4.516;4.536;190322.2
2019-09-20;4.5765;4.6115;4.542;4.5675;237405.8
2019-09-23;4.48;4.543;4.4385;4.543;356581.8
2019-09-24;4.561;4.5985;4.5115;4.551;407955.2
2019-09-25;4.5;4.584;4.4825;4.574;788466.4
2019-09-26;4.577;4.6125;4.474;4.479;673733.0
2019-09-27;4.516;4.585;4.51;4.585;329596.6
2019-09-30;4.5875;4.6015;4.517;4.517;307116.0
2019-10-01;4.4;4.407;4.26;4.396;892230.6
2019-10-02;4.424;4.4665;4.373;4.4665;180920.7
2019-10-03;4.3965;4.442;4.342;4.394;233270.2
2019-10-04;4.308;4.346;4.289;4.3295;135075.4
2019-10-07;4.3825;4.481;4.3795;4.4715;266726.7
2019-10-08;4.491;4.491;4.409;4.46;198754.6
2019-10-09;4.415;4.444;4.391;4.405;212582.4
2019-10-10;4.497;4.5655;4.46;4.561;171276.2
2019-10-11;4.572;4.604;4.54;4.565;537730.1
2019-10-14;4.571;4.5965;4.4995;4.5965;155707.1
2019-10-15;4.585;4.6075;4.545;4.559;285323.2
2019-10-16;4.478;4.478;4.415;4.455;246041.7
2019-10-17;4.422;4.52;4.418;4.461;456837.9
2019-10-18;4.42;4.586;4.419;4.585;288702.3
2019-10-21;4.566;4.644;4.5655;4.6095;353718.7
2019-10-22;4.622;4.632;4.565;4.593;378276.4
2019-10-23;4.546;4.691;4.535;4.691;548142.2
2019-10-24;4.7;4.73;4.6875;4.6875;78675.5
2019-10-25;4.692;4.77;4.6875;4.77;82981.4
2019-10-28;4.7505;4.78;4.7365;4.775;67569.4
2019-10-29;4.767;4.8175;4.741;4.7855;536212.6
2019-10-30;4.78;4.7905;4.7435;4.7905;342407.7
2019-10-31;4.69;4.706;4.55;4.572;1025902.9
2019-11-01;4.593;4.617;4.563;4.605;246443.8
2019-11-04;4.66;4.705;4.648;4.6725;184799.2
2019-11-05;4.7425;4.874;4.7345;4.827;685503.2
2019-11-06;4.7975;4.816;4.767;4.7845;352170.4
2019-11-07;4.7995;4.9;4.789;4.884;595996.6
2019-11-08;4.8435;4.894;4.785;4.8085;438665.2
2019-11-11;4.751;4.751;4.696;4.721;155810.3
2019-11-12;4.7155;4.726;4.656;4.6855;355431.9
2019-11-13;4.641;4.668;4.625;4.628;125413.8
2019-11-14;4.65;4.689;4.591;4.5925;210693.3
2019-11-15;4.62;4.64;4.5895;4.6285;230879.3
2019-11-18;4.629;4.63;4.56;4.56;114232.9
2019-11-19;4.589;4.676;4.589;4.654;104400.2
2019-11-20;4.6595;4.7155;4.653;4.653;233172.1
2019-11-21;4.589;4.5995;4.55;4.579;123366.2
2019-11-22;4.616;4.6395;4.593;4.6395;178805.6
2019-11-25;4.68;4.7435;4.65;4.664;273969.5
2019-11-26;4.6855;4.746;4.65;4.746;34255.9
2019-11-27;4.76;4.8455;4.752;4.804;326761.5
2019-11-29;4.6755;4.6965;4.658;4.658;42303.9
2019-12-02;4.718;4.718;4.607;4.636;44985.6
2019-12-03;4.5685;4.569;4.507;4.507;156000.4
2019-12-04;4.53;4.65;4.53;4.65;285464.2
2019-12-05;4.65;4.68;4.625;4.634;277777.6
2019-12-06;4.704;4.842;4.658;4.84;363155.7
2019-12-09;4.91;4.98;4.869;4.972;198991.2
2019-12-10;5.008;5.027;4.9895;5.005;298036.3
2019-12-11;5.045;5.11;5.035;5.1;134557.0
2019-12-12;5.06;5.12;4.997;5.1;45244.1
2019-12-13;5.1;5.174;4.995;4.995;384661.5
2019-12-16;5.111;5.158;5.108;5.15;1016779.6
2019-12-17;5.144;5.18;5.12;5.152;519629.3
2019-12-18;5.125;5.157;5.07;5.141;441123.0
2019-12-19;5.117;5.193;5.117;5.184;411827.427
2019-12-20;5.149;5.181;5.146;5.146;299661.829
2019-12-23;5.146;5.176;5.139;5.159;271220.159
2019-12-27;5.2;5.25;5.16;5.16;62661.87
2019-12-30;5.17;5.193;5.149;5.149;485352.936
2020-01-02;5.138;5.156;5.05;5.09;446453.03
2020-01-03;5.053;5.06;4.9615;5.032;358227.216
2020-01-06;4.9865;5.01;4.961;4.9915;300391.9405
2020-01-07;5.051;5.074;5.027;5.051;520084.326
2020-01-08;5.111;5.125;5.076;5.076;340001.684
2020-01-09;5.165;5.165;5.112;5.143;492625.84
2020-01-10;5.129;5.231;5.111;5.186;443734.006
2020-01-13;5.167;5.318;5.152;5.31;408177.573
2020-01-14;5.293;5.364;5.29;5.355;257317.056
2020-01-15;5.286;5.31;5.238;5.31;286238.252
2020-01-16;5.377;5.4;5.304;5.304;142800.789
2020-01-17;5.37;5.371;5.286;5.297;322581.911
2020-01-20;5.288;5.315;5.262;5.276;318441.822
2020-01-21;5.117;5.165;5.088;5.105;387035.239
2020-01-22;5.1;5.101;4.995;4.995;98239.794
2020-01-23;4.944;4.972;4.83;4.83;157825.433
2020-01-24;4.8435;4.883;4.71;4.715;91122.04
2020-01-27;4.569;4.5735;4.44;4.4515;267768.8945
2020-01-28;4.41;4.4465;4.373;4.373;124928.3895
2020-01-29;4.4;4.41;4.2995;4.3155;59479.585
2020-01-30;4.158;4.2795;4.158;4.21;392773.7695
2020-01-31;4.203;4.203;4.0955;4.16;73438.4575
2020-02-03;4.1925;4.1925;4.136;4.136;206177.3755
2020-02-04;4.2515;4.3195;4.207;4.217;285316.009
2020-02-05;4.285;4.442;4.285;4.315;472007.9295
2020-02-06;4.4475;4.46;4.3665;4.4465;232947.621
2020-02-07;4.3295;4.354;4.28;4.305;130411.6215
2020-02-10;4.3475;4.3475;4.275;4.275;36033.3985
2020-02-11;4.419;4.484;4.3725;4.425;195993.241
2020-02-12;4.452;4.497;4.452;4.485;175930.1125
2020-02-13;4.445;4.569;4.442;4.567;92790.1565
2020-02-14;4.517;4.522;4.4715;4.4835;101470.867
2020-02-17;4.57;4.6075;4.57;4.585;129121.4205
2020-02-18;4.542;4.5655;4.49;4.554;235121.345
2020-02-19;4.56;4.58;4.444;4.521;241341.171
2020-02-20;4.521;4.5245;4.46;4.462;429685.5265
2020-02-21;4.41;4.53;4.41;4.53;73834.6005
2020-02-24;4.38;4.406;4.3535;4.395;82734.972
2020-02-25;4.41;4.41;4.379;4.3805;132438.3
2020-02-26;4.3375;4.355;4.271;4.355;95726.1935
2020-02-27;4.308;4.323;4.1625;4.2585;813996.0705
2020-02-28;4.1435;4.227;4.1;4.1555;421281.1775
2020-03-02;4.3325;4.37;4.218;4.262;425586.0405
2020-03-03;4.3155;4.352;4.222;4.222;121895.2835
2020-03-04;4.2855;4.35;4.278;4.278;109130.2075
2020-03-05;4.2845;4.2845;4.2845;4.2845;42845.0
2020-03-06;4.177;4.177;4.069;4.1;128565.009
2020-03-09;3.827;4.0;3.7945;4.0;132986.578
2020-03-10;4.08;4.11;4.0;4.0;464522.0485
2020-03-11;4.014;4.0275;3.963;3.963;47215.7985
2020-03-12;3.826;3.897;3.77;3.887;79608.3815
2020-03-13;3.9755;4.102;3.9095;3.9095;154738.6015
2020-03-16;3.733;3.75;3.5;3.5;116737.746
2020-03-17;3.73;3.73;3.5;3.5;50798.3105
2020-03-18;3.1805;3.1965;3.03;3.06;130947.5785
2020-03-19;2.8675;3.139;2.8675;3.1375;113524.032
2020-03-20;3.2305;3.304;3.08;3.083;53081.108
2020-03-23;2.8445;2.935;2.8;2.897;90605.3065
2020-03-24;3.027;3.2765;3.0;3.1765;77883.631
2020-03-25;3.171;3.2;3.048;3.2;95358.012
2020-03-26;3.045;3.08;3.045;3.045;53446.87
2020-03-27;3.05;3.064;3.0;3.012;21523.8
2020-03-30;2.98;3.0195;2.955;2.9605;20973.4145
2020-03-31;3.065;3.17;3.065;3.17;38918.756
2020-04-01;3.005;3.0455;3.0;3.0455;69822.45
2020-04-02;3.131;3.2145;3.098;3.2145;87803.9185
2020-04-03;3.219;3.2365;3.13;3.13;17160.67
2020-04-06;3.197;3.2385;3.18;3.185;40301.4105
2020-04-07;3.3665;3.46;3.335;3.3685;277488.205
2020-04-08;3.358;3.358;3.28;3.314;61575.0765
2020-04-09;3.3505;3.3505;3.275;3.275;21451.7885
2020-04-14;3.46;3.5115;3.44;3.4595;99099.1755
2020-04-15;3.4305;3.4305;3.37;3.399;163939.7905
2020-04-16;3.4405;3.47;3.4235;3.4415;10397.05
2020-04-17;3.5755;3.585;3.53;3.53;121606.03
2020-04-20;3.5695;3.5695;3.477;3.477;55446.4565
2020-04-21;3.3555;3.3685;3.155;3.2525;368132.0155
2020-04-22;3.275;3.383;3.275;3.38;15449.2205
2020-04-23;3.425;3.453;3.425;3.445;11387.64
2020-04-24;3.5;3.5;3.445;3.46;10931.125
2020-04-27;3.5105;3.523;3.474;3.523;23674.2485
2020-04-28;3.5;3.585;3.4955;3.517;37304.3645
2020-04-29;3.53;3.5435;3.527;3.527;4243.2
2020-04-30;3.6355;3.6355;3.49;3.4965;34577.156
2020-05-04;3.34;3.4;3.31;3.388;93530.5645
2020-05-05;3.445;3.445;3.43;3.44;5333.35
2020-05-06;3.53;3.57;3.527;3.527;9215.0
2020-05-07;3.59;3.65;3.59;3.6185;18063.5
2020-05-08;3.707;3.734;3.7;3.724;269128.3625
2020-05-11;3.6915;3.695;3.6155;3.6195;131283.597
2020-05-12;3.5975;3.61;3.56;3.56;18947.9405
2020-05-13;3.55;3.55;3.528;3.528;6224.724
2020-05-14;3.5115;3.5115;3.474;3.498;221805.1865
2020-05-15;3.59;3.59;3.5125;3.544;121358.623
2020-05-18;3.609;3.67;3.609;3.67;25104.7965
2020-05-19;3.7;3.706;3.6675;3.68;63227.3325
2020-05-20;3.655;3.8165;3.654;3.8165;21114.0
2020-05-21;3.7835;3.794;3.7305;3.7305;14441.92
2020-05-22;3.588;3.594;3.565;3.594;182340.218
2020-05-25;3.64;3.6845;3.64;3.6845;26779.235
2020-05-26;3.689;3.74;3.68;3.74;12306.561
2020-05-27;3.612;3.6505;3.5;3.5;49220.6915
2020-05-28;3.61;3.61;3.583;3.583;25926.885
2020-05-29;3.594;3.604;3.5915;3.604;48622.1585
2020-06-01;3.73;3.74;3.6875;3.74;33693.4465
2020-06-02;3.775;3.83;3.7735;3.83;22241.82
2020-06-03;3.7975;3.85;3.7975;3.8235;41141.057
2020-06-04;3.756;3.7835;3.721;3.7835;130528.9695
2020-06-05;3.881;4.004;3.876;4.0;159362.5405
2020-06-08;3.943;4.02;3.943;3.98;26226.6515
2020-06-09;4.0445;4.0785;4.0;4.0785;57183.3875
2020-06-10;4.1475;4.29;4.126;4.29;222921.7225
2020-06-11;4.196;4.2025;4.086;4.106;121414.718
2020-06-12;4.145;4.15;4.087;4.087;12939.4
2020-06-15;3.9915;4.03;3.9565;4.03;201487.9625
2020-06-16;4.133;4.1415;4.0;4.0;492484.683
2020-06-17;4.0855;4.0855;4.073;4.0735;53810.0535
2020-06-18;4.147;4.2035;4.1435;4.1435;14443.963
2020-06-19;4.26;4.29;4.25;4.25;22339.9
2020-06-22;4.2365;4.303;4.2365;4.26;24142.255
2020-06-23;4.3145;4.3145;4.24;4.247;12036.708
2020-06-24;4.2245;4.34;4.2245;4.2445;285477.8235
2020-06-25;4.2405;4.3;4.24;4.272;56041.2285
2020-06-26;4.35;4.4515;4.324;4.36;47593.4645
2020-06-29;4.38;4.4085;4.3625;4.4085;3717.375
2020-06-30;4.432;4.5;4.432;4.496;19908.29
2020-07-01;4.551;4.5565;4.476;4.502;34763.4765
2020-07-02;4.585;4.605;4.515;4.518;382124.37
2020-07-03;4.4855;4.503;4.4275;4.4275;9183.0765
2020-07-06;4.543;4.627;4.532;4.6195;232125.6575
2020-07-07;4.5845;4.668;4.561;4.668;46906.5155
2020-07-08;4.681;4.76;4.681;4.736;108356.039
2020-07-09;4.87;4.945;4.835;4.8565;256370.256
2020-07-10;4.854;5.032;4.854;5.032;431584.279
2020-07-13;5.285;5.285;5.165;5.25;1347987.615
2020-07-14;5.108;5.158;5.04;5.114;455605.172
2020-07-15;5.093;5.105;4.897;4.918;617906.326
2020-07-16;4.8565;4.9805;4.84;4.97;25797.35
2020-07-17;4.98;5.015;4.95;4.9995;32435.043
2020-07-20;4.958;5.12;4.953;5.09;443559.7615
2020-07-21;5.078;5.161;5.072;5.121;326650.909
2020-07-22;5.162;5.171;4.88;4.9965;1358971.4335
2020-07-23;5.021;5.06;5.02;5.047;178738.119
2020-07-24;4.813;4.96;4.799;4.844;801142.8645
2020-07-27;4.8615;4.872;4.8;4.807;134498.8345
2020-07-28;4.841;4.913;4.797;4.913;108801.8055
2020-07-29;4.92;4.954;4.849;4.909;366247.989
2020-07-30;4.807;4.8595;4.7565;4.798;110938.015
2020-07-31;4.8555;4.8555;4.7685;4.7685;18131.55
2020-08-03;4.7;4.915;4.693;4.91;186667.953
2020-08-04;4.83;4.83;4.77;4.8;19933.97
2020-08-05;4.82;4.913;4.77;4.88;103226.6965
2020-08-06;4.77;4.84;4.765;4.8;71152.305
2020-08-07;4.75;4.75;4.5705;4.58;207650.0
2020-08-10;4.5585;4.75;4.5585;4.7415;195528.3495
2020-08-11;4.6745;4.7;4.61;4.7;44217.624
2020-08-12;4.59;4.7795;4.59;4.766;369470.648
2020-08-13;4.6535;4.657;4.46;4.46;342040.519
2020-08-14;4.55;4.66;4.55;4.65;94042.7
2020-08-17;4.71;4.8;4.71;4.76;41184.5005
2020-08-18;4.746;4.9315;4.746;4.927;357981.9595
2020-08-19;5.005;5.132;4.99;5.095;214693.606
2020-08-20;4.986;5.019;4.95;4.97;215573.257
2020-08-21;5.003;5.003;4.81;4.8695;62882.7635
2020-08-24;4.93;4.9555;4.82;4.8415;76122.788
2020-08-25;4.865;4.865;4.816;4.86;12122.19
2020-08-26;4.93;5.0;4.917;4.972;169314.3615
2020-08-27;4.938;5.04;4.916;4.97;143318.6885
2020-08-28;5.091;5.12;5.065;5.065;644699.496
2020-08-31;5.131;5.18;5.11;5.151;619563.27
2020-09-01;5.268;5.27;5.065;5.065;619839.732
2020-09-02;5.071;5.136;5.015;5.015;331020.776
2020-09-03;5.02;5.02;4.8765;4.894;734198.69
2020-09-04;5.001;5.126;5.001;5.126;67837.198
2020-09-07;5.2;5.3;5.187;5.27;855911.858
2020-09-08;5.241;5.241;5.062;5.062;408003.842
2020-09-09;5.135;5.182;5.1;5.182;188545.31
2020-09-10;5.03;5.162;4.96;5.082;337228.133
2020-09-11;5.056;5.18;5.056;5.18;510869.268
2020-09-14;5.183;5.245;5.097;5.237;918551.78
2020-09-15;5.234;5.29;5.2;5.2;317323.505
2020-09-16;5.18;5.222;5.163;5.222;239793.59
2020-09-17;5.09;5.246;5.085;5.238;301297.623
2020-09-18;5.311;5.318;5.224;5.29;914743.143
2020-09-21;5.335;5.37;5.127;5.127;531561.713
2020-09-22;5.185;5.337;5.16;5.304;505858.83
2020-09-23;5.174;5.211;5.0;5.03;762329.001
2020-09-24;4.955;4.958;4.815;4.91;306006.493
2020-09-25;5.024;5.034;4.8995;4.95;41835.4555
2020-09-28;5.08;5.102;4.988;5.009;237893.848
2020-09-29;5.0;5.0;4.906;4.9755;208952.304
2020-09-30;5.037;5.174;4.989;5.151;125625.769
2020-10-01;5.15;5.15;4.669;4.689;236258.896
2020-10-02;4.55;4.938;4.55;4.938;176862.6125
2020-10-05;4.897;4.91;4.79;4.8005;38537.8335
2020-10-06;4.8525;4.9;4.83;4.8745;51473.6645
2020-10-07;4.906;5.166;4.892;5.1;298477.118
2020-10-08;5.05;5.133;5.04;5.133;239744.287
2020-10-09;5.227;5.298;5.176;5.228;424001.435
2020-10-12;5.218;5.289;5.189;5.189;213188.897
2020-10-13;5.152;5.152;5.075;5.144;344180.736
2020-10-14;5.206;5.211;5.129;5.163;53343.045
2020-10-15;5.16;5.272;5.118;5.272;270881.228
2020-10-16;5.298;5.31;5.26;5.272;358339.21
2020-10-19;5.244;5.339;5.244;5.293;267062.462
2020-10-20;5.293;5.493;5.281;5.42;633309.821
2020-10-21;5.558;5.659;5.546;5.57;591180.935
2020-10-22;5.566;5.566;5.451;5.509;163812.755
2020-10-23;5.416;5.49;5.375;5.375;202089.376
2020-10-26;5.343;5.355;5.25;5.25;82210.319
2020-10-27;5.292;5.292;5.292;5.292;1587.6
2020-10-28;5.292;5.292;5.14;5.181;3364.25
2020-10-29;5.234;5.245;5.175;5.245;5860.075
2020-10-30;5.23;5.23;5.179;5.21;16450.85
2020-11-02;5.21;5.227;5.21;5.22;4286.38
2020-11-03;5.321;5.4;5.293;5.4;17298.9
2020-11-04;5.198;5.282;5.165;5.282;45190.192
2020-11-06;5.43;5.505;5.417;5.45;79402.002
2020-11-09;5.494;5.622;5.46;5.46;56614.247
2020-11-10;5.43;5.47;5.277;5.433;101139.723
2020-11-11;5.52;5.56;5.354;5.354;108723.603
2020-11-12;5.431;5.5;5.419;5.5;129060.929
2020-11-13;5.47;5.585;5.454;5.552;103095.313
2020-11-16;5.805;5.805;5.677;5.689;189607.102
2020-11-17;5.65;5.68;5.555;5.601;76290.407
2020-11-18;5.73;5.761;5.631;5.66;48662.538
2020-11-19;5.598;5.696;5.578;5.659;135067.27
2020-11-20;5.75;5.99;5.75;5.97;132036.356
2020-11-23;5.917;5.956;5.8;5.832;67302.319
2020-11-24;6.016;6.045;5.962;6.006;141332.363
2020-11-25;5.988;6.006;5.924;5.95;34667.03
2020-11-26;6.085;6.16;6.068;6.16;40736.409
2020-11-27;6.2;6.327;6.2;6.254;79682.09
2020-11-30;6.484;6.59;6.41;6.41;157477.15
2020-12-01;6.517;6.657;6.5;6.591;116026.451
2020-12-02;6.528;6.528;6.358;6.498;90816.923
2020-12-03;6.503;6.57;6.43;6.431;48937.592
2020-12-04;6.588;6.62;6.52;6.612;15669.121
2020-12-07;6.525;6.556;6.482;6.517;21207.775
2020-12-08;6.5;6.533;6.389;6.524;149623.563
2020-12-09;6.558;6.628;6.54;6.59;69104.498
2020-12-10;6.578;6.85;6.578;6.85;80459.209
2020-12-11;6.661;6.661;6.517;6.626;93963.079
2020-12-14;6.62;6.639;6.51;6.522;11162.876
2020-12-15;6.592;6.63;6.542;6.595;97531.564
2020-12-16;6.621;6.743;6.621;6.743;42134.774
2020-12-17;6.821;6.85;6.798;6.798;143388.47
2020-12-18;6.93;6.982;6.84;6.951;234588.61
2020-12-21;6.839;6.839;6.655;6.677;431229.29
2020-12-22;6.631;6.658;6.49;6.57;235231.886
2020-12-23;6.62;6.682;6.601;6.671;21519.16
2020-12-28;6.7;6.812;6.7;6.812;25953.932
2020-12-29;6.7;6.7;6.64;6.647;6269.033
2020-12-30;6.73;6.73;6.58;6.637;30407.716
2021-01-04;6.731;6.796;6.599;6.599;100162.314
2021-01-05;6.76;6.84;6.76;6.84;55539.48
2021-01-06;7.0;7.133;6.922;6.922;59626.673
2021-01-07;7.0;7.2;6.98;7.161;141647.634
2021-01-08;7.19;7.226;6.916;7.12;255430.768
2021-01-11;6.945;6.945;6.677;6.677;236009.662
2021-01-12;6.88;6.97;6.857;6.923;263195.029
2021-01-13;6.88;6.955;6.847;6.906;357237.473
2021-01-14;6.923;7.08;6.919;7.071;154692.19
2021-01-15;6.945;6.984;6.804;6.913;62807.521
2021-01-18;7.02;7.02;6.911;6.911;3774.642
2021-01-19;6.97;7.045;6.925;6.95;48858.766
2021-01-20;6.983;7.071;6.95;7.02;92270.587
2021-01-21;7.045;7.094;6.97;6.97;64412.146
2021-01-22;6.848;6.94;6.69;6.94;148260.737
2021-01-25;6.95;6.954;6.839;6.839;19214.603
2021-01-26;6.767;6.95;6.767;6.91;147482.995
2021-01-27;6.884;6.884;6.59;6.62;222952.037
2021-01-28;6.556;6.815;6.396;6.79;178964.678
2021-01-29;6.62;6.86;6.62;6.749;171854.834
2021-02-01;6.721;6.721;6.58;6.652;241304.368
2021-02-02;6.533;6.625;6.52;6.625;170062.727
2021-02-03;6.599;6.772;6.57;6.772;129325.153
2021-02-04;6.774;6.83;6.7;6.77;186464.775
2021-02-05;6.9;6.93;6.82;6.82;69933.203
2021-02-08;7.013;7.145;7.0;7.09;100213.289
2021-02-09;7.17;7.304;7.164;7.277;123845.326
2021-02-10;7.439;7.58;7.4;7.535;98659.507
2021-02-11;7.518;7.55;7.44;7.48;95991.41
2021-02-12;7.52;7.53;7.363;7.53;116403.858
2021-02-15;7.679;7.691;7.591;7.691;196123.619
2021-02-16;7.684;7.749;7.66;7.72;340141.467
2021-02-17;7.703;7.76;7.64;7.733;237748.359
2021-02-18;8.121;8.162;7.924;8.032;406602.058
2021-02-19;8.165;8.8;8.165;8.567;454279.838
2021-02-22;8.908;9.09;8.696;9.053;986484.242
2021-02-23;9.141;9.23;8.761;9.1;1096563.181
2021-02-24;9.127;9.4;9.05;9.4;624490.596
2021-02-25;9.73;9.84;9.396;9.55;908120.271
2021-02-26;9.224;9.349;8.835;8.96;821281.909
2021-03-01;9.036;9.11;8.91;8.91;380191.95
2021-03-02;8.853;9.21;8.853;9.185;264212.708
2021-03-03;9.201;9.292;8.958;9.05;3277062.427
2021-03-04;8.654;8.8;8.12;8.695;1638332.447
2021-03-05;8.609;8.865;8.5;8.711;1231335.912
2021-03-08;8.61;8.972;8.53;8.972;652706.612
2021-03-09;8.617;8.691;8.38;8.453;522054.56
2021-03-10;8.536;8.75;8.536;8.628;129490.073
2021-03-11;8.903;9.0;8.86;8.93;453015.391
2021-03-12;8.785;8.959;8.785;8.901;178220.127
2021-03-15;9.072;9.12;9.03;9.103;88019.494
2021-03-16;8.84;8.905;8.7;8.814;54693.601
2021-03-17;8.87;9.0;8.87;8.99;182637.156
2021-03-18;8.986;9.01;8.867;8.952;91291.91
2021-03-19;8.636;8.9;8.636;8.9;78679.67
2021-03-22;8.888;9.032;8.888;9.01;81071.866
2021-03-23;8.951;9.006;8.824;8.824;867118.734
2021-03-24;8.757;8.964;8.73;8.85;256565.181
2021-03-25;8.467;8.49;8.3;8.434;1401172.068
2021-03-26;8.668;8.85;8.668;8.814;228663.393
2021-03-29;8.723;8.8;8.62;8.71;64328.964
2021-03-30;8.585;8.637;8.49;8.597;63048.585
2021-03-31;8.568;8.611;8.53;8.547;128174.024
2021-04-01;8.373;8.513;8.347;8.489;193661.398
2021-04-06;8.899;8.965;8.77;8.914;157006.316
2021-04-07;8.81;8.822;8.62;8.72;95783.54
2021-04-08;8.819;8.845;8.73;8.81;142696.137
2021-04-09;8.725;8.775;8.64;8.704;136539.114
2021-04-12;8.438;8.547;8.415;8.509;60037.561
2021-04-13;8.552;8.65;8.52;8.52;39122.34
2021-04-14;8.6;8.885;8.6;8.858;355099.917
2021-04-15;9.0;9.327;9.0;9.293;658243.751
2021-04-16;9.24;9.373;9.127;9.127;981844.695
2021-04-19;9.492;9.505;9.353;9.385;191654.762
2021-04-20;9.497;9.532;9.278;9.402;326250.267
2021-04-21;9.375;9.604;9.305;9.501;209353.433
2021-04-22;9.49;9.586;9.47;9.476;223485.705
2021-04-23;9.612;9.739;9.586;9.703;158637.208
2021-04-26;9.979;10.146;9.95;10.1;473371.806
2021-04-27;10.478;10.5;10.266;10.412;1106136.132
2021-04-28;10.182;10.328;10.176;10.32;747076.306
2021-04-29;10.598;10.6;10.28;10.404;680567.932
2021-04-30;10.376;10.55;10.314;10.314;448555.582
2021-05-03;10.256;10.552;10.248;10.546;945697.9
2021-05-04;10.492;10.662;10.47;10.662;2790501.632
2021-05-05;10.732;10.806;10.526;10.66;2220760.032
2021-05-06;10.764;10.914;10.72;10.914;481699.03
2021-05-07;11.208;11.534;11.16;11.528;904493.072
2021-05-10;12.078;12.232;11.25;11.386;1395023.63
2021-05-11;11.58;11.756;11.41;11.564;1275887.004
2021-05-12;11.842;11.866;11.458;11.594;1006851.612
2021-05-13;11.552;11.592;11.06;11.376;996484.2
2021-05-14;11.188;11.284;11.016;11.1;567418.672
2021-05-17;11.2;11.35;11.1;11.348;1150515.63
2021-05-18;11.574;11.592;11.352;11.39;706784.918
2021-05-19;11.012;11.062;10.428;10.478;1149710.548
2021-05-20;10.786;10.826;10.48;10.58;931000.19
2021-05-21;10.308;10.574;10.18;10.25;593594.328
2021-05-24;10.216;10.45;10.2;10.382;384589.972
2021-05-25;10.394;10.4;10.21;10.284;389124.92
2021-05-26;10.412;10.45;10.242;10.428;296401.574
2021-05-27;10.5;11.0;10.5;10.99;374305.43
2021-05-28;10.874;11.1;10.708;11.08;977656.552
2021-05-31;11.15;11.22;11.01;11.074;183491.856
2021-06-01;11.108;11.19;10.91;10.948;558150.758
2021-06-02;10.944;10.966;10.776;10.846;308757.986
2021-06-03;10.75;10.752;10.018;10.018;361825.382
2021-06-04;10.086;10.468;10.086;10.42;169343.318
2021-06-07;10.28;10.29;10.008;10.242;81433.36
2021-06-08;10.24;10.352;10.1;10.338;115037.188
2021-06-09;10.354;10.4;10.23;10.388;134896.772
2021-06-10;10.308;10.308;9.976;10.252;834449.15
2021-06-11;10.438;10.7;10.4;10.54;417507.754
2021-06-14;10.55;10.55;10.35;10.386;503787.378
2021-06-15;9.956;9.974;9.44;9.558;678854.785
2021-06-16;9.467;9.832;9.467;9.749;196384.491
2021-06-17;9.583;9.603;9.26;9.26;871539.24
2021-06-18;9.071;9.102;8.875;8.95;695556.063
2021-06-21;8.893;9.009;8.7;8.972;125739.157
2021-06-22;9.026;9.293;8.982;9.293;377358.859
2021-06-23;9.29;9.594;9.26;9.554;312045.712
2021-06-24;9.35;9.483;9.35;9.422;139201.965
2021-06-25;9.515;9.58;9.36;9.39;113572.468
2021-06-28;9.4;9.41;9.329;9.409;72626.747
2021-06-29;9.312;9.324;9.083;9.324;96743.828
2021-06-30;9.436;9.662;9.397;9.463;331843.658
2021-07-01;9.414;9.529;9.414;9.416;85114.301
2021-07-02;9.326;9.406;9.326;9.406;58928.736
2021-07-05;9.66;9.754;9.62;9.72;217114.451
2021-07-06;9.897;9.975;9.332;9.395;147647.19
2021-07-07;9.666;9.772;9.601;9.714;166170.513
2021-07-08;9.452;9.452;9.263;9.349;223556.613
2021-07-09;9.487;9.8;9.447;9.72;524022.085
2021-07-12;9.536;9.62;9.45;9.62;45334.192
2021-07-13;9.603;9.62;9.4;9.54;146353.025
2021-07-14;9.53;9.56;9.44;9.44;91195.975
2021-07-15;9.598;9.74;9.49;9.74;465049.292
2021-07-16;9.665;9.665;9.6;9.607;198575.748
2021-07-19;9.5;9.5;8.945;9.15;168648.058
2021-07-20;9.31;9.406;9.18;9.406;1052826.342
2021-07-21;9.318;9.457;9.261;9.45;190557.412
2021-07-22;9.604;9.702;9.525;9.7;985114.222
2021-07-23;9.792;10.0;9.77;9.848;469677.314
2021-07-26;10.322;10.864;10.15;10.814;1057281.87
2021-07-27;10.804;10.92;10.52;10.766;1289281.326
2021-07-28;10.598;10.646;10.244;10.34;276775.254
2021-07-29;10.38;10.686;10.374;10.486;295022.98
2021-07-30;10.456;10.61;10.14;10.202;706031.284
2021-08-02;10.4;10.47;10.1;10.1;643928.874
2021-08-03;9.972;9.972;9.632;9.806;465786.913
2021-08-04;9.848;9.848;9.55;9.61;523500.863
2021-08-05;9.603;9.731;9.54;9.731;181647.88
2021-08-06;9.924;10.064;9.742;9.742;368131.203
2021-08-09;9.713;9.713;9.295;9.51;265739.31
2021-08-10;9.7;9.88;9.535;9.79;138627.818
2021-08-11;9.8;9.85;9.679;9.83;131611.523
2021-08-12;10.002;10.038;9.73;9.782;102368.559
2021-08-13;9.811;10.08;9.76;9.931;172082.517
2021-08-16;9.604;9.772;9.55;9.64;193470.337
2021-08-17;9.594;9.63;9.23;9.314;192580.897
2021-08-18;9.268;9.276;8.75;8.84;281116.221
2021-08-19;8.613;8.613;8.166;8.46;472161.542
2021-08-20;8.637;8.85;8.55;8.782;168507.818
2021-08-23;8.89;9.23;8.89;9.136;1387888.209
2021-08-24;9.132;9.538;9.1;9.473;241377.708
2021-08-25;9.5;9.56;9.475;9.475;135411.999
2021-08-26;9.278;9.45;9.278;9.377;215004.874
2021-08-27;9.36;9.677;9.36;9.55;281186.835
2021-08-30;9.734;10.02;9.729;9.84;382699.574
2021-08-31;9.802;9.87;9.64;9.82;430543.704
2021-09-01;9.492;9.548;9.316;9.38;864370.981
2021-09-02;9.46;9.46;9.231;9.401;254859.154
2021-09-03;9.43;9.63;9.38;9.547;551038.314
2021-09-06;9.53;9.56;9.49;9.56;49544.11
2021-09-07;9.262;9.41;9.243;9.36;147606.064
2021-09-08;9.2;9.242;9.1;9.125;275947.571
2021-09-09;9.372;9.5;9.372;9.455;90487.328
2021-09-10;9.622;10.184;9.622;10.118;721314.906
2021-09-13;10.108;10.154;9.62;9.728;1111707.981
2021-09-14;9.609;9.666;9.416;9.54;458028.286
2021-09-15;9.634;9.985;9.61;9.978;528816.808
2021-09-16;9.674;9.674;9.377;9.377;247230.665
2021-09-17;9.443;9.717;9.35;9.402;104375.372
2021-09-20;8.907;8.981;8.779;8.833;99121.303
2021-09-21;8.77;8.936;8.29;8.435;392740.728
2021-09-22;9.118;9.23;9.063;9.145;731811.092
2021-09-23;9.109;9.434;9.05;9.117;659915.854
2021-09-24;9.198;9.29;9.134;9.281;480104.344
2021-09-27;9.41;9.53;9.36;9.44;139082.503
2021-09-28;9.423;9.426;9.22;9.301;300552.413
2021-09-29;9.21;9.275;9.129;9.129;257867.162
2021-09-30;9.0;9.07;8.55;8.74;764645.877
2021-10-01;8.616;9.086;8.616;9.075;1128372.348
2021-10-04;9.12;9.549;9.12;9.272;1468407.075
2021-10-05;9.107;9.221;8.93;9.16;2260501.564
2021-10-06;8.962;9.225;8.8;8.88;2125768.027
2021-10-07;9.12;9.334;9.047;9.334;2013858.669
2021-10-08;9.428;9.599;9.249;9.516;1152387.743
2021-10-11;9.696;9.94;9.652;9.911;878694.567
2021-10-12;9.61;10.038;9.589;9.84;360535.111
2021-10-13;9.817;10.272;9.754;10.238;1385629.212
2021-10-14;10.658;11.05;10.588;10.976;1095507.948
2021-10-15;11.04;11.738;10.998;11.57;1015260.716
2021-10-18;11.806;11.808;11.352;11.352;733483.614
2021-10-19;11.75;11.764;11.152;11.42;732733.704
2021-10-20;11.048;11.45;10.862;11.442;1177855.72
2021-10-21;11.04;11.066;10.63;10.656;1770795.472
2021-10-22;10.776;10.866;10.3;10.39;933790.016
2021-10-25;10.594;10.644;10.42;10.6;950525.264
2021-10-26;10.514;10.544;10.268;10.382;898267.634
2021-10-27;10.136;10.18;9.8;9.91;851144.986
2021-10-28;10.09;10.16;9.96;10.042;471771.837
2021-10-29;9.894;10.108;9.65;9.737;817814.998
2021-11-01;9.76;9.883;9.719;9.883;399683.42
2021-11-02;9.685;9.97;9.685;9.773;407271.51
2021-11-03;10.1;10.12;9.6;9.623;661835.647
2021-11-04;9.742;9.96;9.44;9.58;1449851.56
2021-11-05;9.65;9.799;9.47;9.67;961174.009
2021-11-08;9.694;9.99;9.664;9.922;754365.341
2021-11-09;9.93;10.132;9.67;9.778;459983.844
2021-11-10;9.998;10.0;9.75;9.83;875050.132
2021-11-11;9.87;10.168;9.87;10.11;999073.22
2021-11-12;10.082;10.24;9.96;10.224;265069.815
2021-11-15;10.226;10.318;10.1;10.22;341505.472
2021-11-16;10.188;10.202;9.874;9.924;378873.144
2021-11-17;9.96;9.985;9.672;9.68;500257.805
2021-11-18;9.504;9.635;9.41;9.635;360555.111
2021-11-19;10.084;10.162;9.93;10.122;707035.035
2021-11-22;10.168;10.372;10.0;10.274;781059.456
2021-11-23;10.252;10.5;10.252;10.36;539463.898
2021-11-24;10.478;10.742;10.472;10.71;1074529.196
2021-11-25;10.78;10.788;10.448;10.48;764585.372
2021-11-26;10.23;10.23;9.697;9.697;2429716.712
2021-11-29;9.942;10.1;9.864;9.93;405608.33
2021-11-30;9.759;9.84;9.656;9.68;873246.088
2021-12-01;9.871;9.89;9.584;9.624;377647.463
2021-12-02;9.525;9.75;9.4;9.75;1154730.805
2021-12-03;9.839;9.88;9.59;9.606;786578.2
2021-12-06;9.563;9.799;9.561;9.75;651985.087
2021-12-07;9.83;10.15;9.83;10.028;519477.209
2021-12-08;9.943;10.102;9.85;10.09;790378.816
2021-12-09;9.961;10.0;9.733;9.769;870911.079
2021-12-10;9.882;9.96;9.718;9.718;852276.777
2021-12-13;9.797;9.797;9.62;9.64;418829.764
2021-12-14;9.7;9.71;9.555;9.629;630194.022
2021-12-15;9.389;9.4;8.943;9.02;727889.821
2021-12-16;9.489;9.752;9.485;9.698;4687644.432
2021-12-17;9.766;9.8;9.609;9.611;1276098.919
2021-12-20;9.484;9.669;9.408;9.669;374546.325
2021-12-21;9.828;9.928;9.8;9.928;316329.656
2021-12-22;9.98;10.062;9.928;9.957;188541.416
2021-12-23;10.102;10.102;9.9;10.036;96616.821
2021-12-27;10.0;10.32;9.93;10.32;474597.573
2021-12-28;10.32;10.53;10.27;10.288;95721.69
2021-12-29;10.16;10.22;10.076;10.158;21899.304
2021-12-30;10.15;10.22;10.15;10.22;432289.942
2022-01-03;10.372;10.4;9.86;10.052;195639.258
2022-01-04;10.01;10.41;10.01;10.294;531094.642
2022-01-05;10.34;10.37;10.168;10.208;500816.906
2022-01-06;9.982;9.989;9.734;9.813;1161467.495
2022-01-07;9.918;10.07;9.9;10.064;407884.262
2022-01-10;10.214;10.214;9.825;10.0;345825.205
2022-01-11;10.06;10.152;9.938;10.152;1018437.127
2022-01-12;10.544;10.87;10.466;10.87;840543.656
2022-01-13;10.584;10.73;10.526;10.588;2345224.486
2022-01-14;10.6;10.754;10.074;10.108;191826.414
2022-01-17;10.146;10.146;9.9;10.1;610092.818
2022-01-18;10.052;10.16;9.948;10.032;598392.85
2022-01-19;10.134;10.424;10.134;10.39;942363.968
2022-01-20;10.492;10.744;10.46;10.738;2037323.462
2022-01-21;10.67;10.844;10.472;10.724;1173020.474
2022-01-24;10.38;10.38;10.074;10.098;1013566.604
2022-01-25;10.034;10.256;10.006;10.216;1108440.634
2022-01-26;10.524;10.696;10.46;10.494;1140097.296
2022-01-27;10.306;10.6;10.306;10.35;1919572.06
2022-01-28;10.216;10.216;9.785;9.838;772267.746
2022-01-31;9.838;9.97;9.64;9.672;284946.229
2022-02-01;9.885;10.274;9.885;10.264;446947.652
2022-02-02;10.26;10.5;10.2;10.3;533349.094
2022-02-03;10.38;10.38;10.142;10.308;1078553.942
2022-02-04;10.286;10.314;10.0;10.072;510932.902
2022-02-07;10.186;10.23;10.1;10.19;313138.204
2022-02-08;10.06;10.13;9.91;10.048;549573.384
2022-02-09;10.024;10.7;10.024;10.68;1176114.878
2022-02-10;10.98;11.25;10.96;11.16;973107.896
2022-02-11;10.618;10.742;10.25;10.302;684827.458
2022-02-14;10.386;10.44;10.184;10.44;332086.34
2022-02-15;10.418;10.656;10.418;10.594;1268649.704
2022-02-16;10.75;10.798;10.57;10.61;139629.488
2022-02-17;10.568;10.63;10.46;10.502;867239.418
2022-02-18;10.55;10.7;10.55;10.57;62484.706
2022-02-21;10.572;10.604;10.416;10.456;59519.186
2022-02-22;10.51;10.59;10.466;10.466;535686.158
2022-02-23;10.602;10.65;10.37;10.402;425464.352
2022-02-24;10.6;11.0;10.426;10.544;305096.63
2022-02-25;10.426;10.54;10.406;10.456;254703.648
2022-02-28;10.632;10.666;10.446;10.478;444574.882
2022-03-01;10.638;11.0;10.53;11.0;750324.538
2022-03-02;11.048;11.57;11.048;11.3;873190.986
2022-03-03;11.8;12.0;11.72;11.834;723772.076
2022-03-04;12.05;12.994;11.992;12.878;1058601.532
2022-03-07;13.074;13.66;11.746;11.746;441216.79
2022-03-08;12.166;12.748;11.32;11.796;623110.878
2022-03-09;11.65;11.73;10.916;11.016;605641.726
2022-03-10;11.106;11.45;11.106;11.352;619795.258
2022-03-11;11.616;11.7;11.25;11.544;312059.788
2022-03-14;10.92;10.948;10.674;10.774;619712.556
2022-03-15;10.6;10.74;10.51;10.74;610515.4
2022-03-16;10.964;11.23;10.964;11.092;325073.484
2022-03-17;11.348;11.504;11.17;11.488;846951.888
2022-03-18;11.604;11.852;11.45;11.74;619813.766
2022-03-21;11.528;11.686;11.38;11.672;544948.144
2022-03-22;11.596;11.88;11.502;11.518;825330.056
2022-03-23;11.682;12.0;11.68;11.876;742567.898
2022-03-24;12.064;12.172;11.75;11.868;906507.22
2022-03-25;11.912;11.924;11.594;11.594;603346.824
2022-03-28;11.462;11.73;11.4;11.71;785970.546
2022-03-29;11.696;11.744;11.516;11.622;313927.312
2022-03-30;11.96;12.06;11.6;11.604;826170.482
2022-03-31;11.508;11.82;11.452;11.636;780545.01
2022-04-01;11.5;11.76;11.41;11.69;619959.85
2022-04-04;11.576;12.112;11.576;12.112;603666.616
2022-04-05;12.342;12.39;12.094;12.094;389002.1
2022-04-06;12.02;12.09;11.764;11.764;808257.064
2022-04-07;11.806;11.806;11.59;11.722;1352770.708
2022-04-08;11.93;12.016;11.794;11.83;800853.058
2022-04-11;11.576;11.746;11.43;11.43;1175709.278
2022-04-12;11.522;11.736;11.496;11.736;803077.08
2022-04-13;11.854;11.898;11.65;11.712;679350.564
2022-04-14;11.998;11.998;11.66;11.72;155005.008
2022-04-19;12.0;12.28;11.76;11.826;124960.724
2022-04-20;11.54;11.586;11.25;11.564;49541.92
2022-04-21;11.6;11.75;11.392;11.696;342358.968
2022-04-22;11.72;11.77;11.45;11.45;414508.714
2022-04-25;10.894;10.926;10.538;10.556;682109.646
2022-04-26;10.742;10.866;10.608;10.71;660630.884
2022-04-27;10.822;10.952;10.7;10.768;1244904.278
2022-04-28;10.7;10.904;10.56;10.602;713823.876
2022-04-29;10.97;10.978;10.58;10.58;407240.148
2022-05-02;10.058;10.062;9.63;9.808;473592.425
2022-05-03;10.2;10.288;9.83;9.83;149513.678
2022-05-04;10.03;10.146;9.85;10.028;127419.057
2022-05-05;10.33;10.35;9.93;9.93;625819.434
2022-05-06;9.902;10.026;9.7;9.82;245381.579
2022-05-09;9.488;9.488;9.186;9.272;579483.986
2022-05-10;9.6;9.68;9.434;9.434;310588.51
2022-05-11;9.54;9.69;9.434;9.62;324001.865
2022-05-12;9.013;9.188;8.906;9.185;547545.182
2022-05-13;9.237;9.38;9.04;9.29;345494.835
2022-05-16;9.373;9.55;9.373;9.52;139730.533
2022-05-17;9.716;9.882;9.653;9.752;714811.221
2022-05-18;9.53;9.63;9.422;9.422;808983.641
2022-05-19;9.54;9.76;9.445;9.76;1080417.187
2022-05-20;9.936;10.01;9.85;9.85;286660.111
2022-05-23;9.85;10.03;9.764;10.004;267908.396
2022-05-24;9.837;9.837;9.65;9.738;315490.868
2022-05-25;9.66;9.72;9.495;9.67;547177.377
2022-05-26;9.487;9.607;9.413;9.562;846598.968
2022-05-27;9.626;9.835;9.59;9.835;381174.799
2022-05-30;9.923;9.983;9.84;9.908;460325.981
2022-05-31;9.957;9.99;9.721;9.738;610881.873
2022-06-01;9.725;9.978;9.615;9.899;1121620.842
2022-06-02;10.1;10.854;10.1;10.85;1062734.292
2022-06-03;10.85;10.872;10.548;10.618;405589.234
2022-06-06;10.298;10.43;10.298;10.362;610168.614
2022-06-07;10.206;10.356;10.124;10.29;668057.58
2022-06-08;10.4;10.4;10.194;10.382;413748.686
2022-06-09;10.316;10.316;10.086;10.126;465190.416
2022-06-10;10.094;10.144;9.897;9.897;336451.953
2022-06-13;9.694;9.694;9.48;9.54;216143.637
2022-06-14;9.76;9.76;9.44;9.461;234471.86
2022-06-15;9.41;9.486;9.349;9.45;122388.081
2022-06-16;9.27;9.365;8.85;8.85;261079.421
2022-06-17;9.04;9.1;8.62;8.687;229741.019
2022-06-20;8.39;8.65;8.39;8.629;317966.831
2022-06-21;8.61;8.86;8.61;8.767;159207.991
2022-06-22;8.179;8.253;8.05;8.18;214749.693
2022-06-23;8.019;8.06;7.618;7.63;285608.886
2022-06-24;7.5;7.58;7.066;7.576;160204.696
2022-06-27;7.568;7.568;7.4;7.559;133238.958
2022-06-28;7.705;7.812;7.559;7.58;322489.306
2022-06-29;7.45;7.72;7.45;7.58;254024.037
2022-06-30;7.427;7.43;7.301;7.308;13048.5
2022-07-01;6.887;6.936;6.729;6.936;112864.94
2022-07-04;6.8;6.95;6.748;6.938;76150.321
2022-07-05;6.68;6.685;6.319;6.4;119404.631
2022-07-06;6.273;6.382;6.164;6.181;58116.625
2022-07-07;6.479;6.97;6.417;6.819;200490.601
2022-07-08;6.784;6.834;6.509;6.742;327878.549
2022-07-11;6.502;6.665;6.34;6.417;217406.781
2022-07-12;6.327;6.327;6.03;6.05;44412.737
2022-07-13;5.968;6.05;5.73;5.946;133944.81
2022-07-14;5.878;5.907;5.602;5.72;98769.065
2022-07-15;5.415;5.7;5.415;5.7;76218.884
2022-07-18;5.98;6.12;5.915;6.066;102065.009
2022-07-19;5.877;5.901;5.71;5.82;76949.1
2022-07-20;6.0;6.069;5.955;5.99;45282.235
2022-07-21;5.849;5.849;5.721;5.806;148336.979
2022-07-22;5.99;6.195;5.942;6.138;334177.153
2022-07-25;6.072;6.2;6.07;6.084;248554.559
2022-07-26;6.35;6.46;6.289;6.31;87976.798
2022-07-27;6.251;6.4;6.22;6.38;97446.494
2022-07-28;6.676;6.676;6.47;6.544;230033.568
2022-07-29;6.649;6.822;6.623;6.821;143797.88
2022-08-01;6.831;6.95;6.641;6.641;192801.598
2022-08-02;6.64;6.647;6.556;6.579;140690.729
2022-08-03;6.671;6.671;6.428;6.491;64791.519
2022-08-04;6.334;6.67;6.33;6.534;249167.328
2022-08-05;6.695;6.92;6.56;6.824;158608.371
2022-08-08;6.892;7.036;6.75;7.036;96359.987
2022-08-09;6.95;7.032;6.928;6.964;234971.47
2022-08-10;6.9;7.145;6.9;7.05;82173.478
2022-08-11;7.243;7.291;7.168;7.229;224572.583
2022-08-12;7.35;7.35;7.1;7.134;209644.042
2022-08-16;7.005;7.106;7.0;7.02;51981.256
2022-08-17;7.035;7.054;6.85;6.906;261367.968
2022-08-18;6.8;7.18;6.8;7.168;54134.682
2022-08-19;7.138;7.37;7.098;7.265;41339.38
2022-08-22;7.189;7.196;7.137;7.172;35340.523
2022-08-23;7.352;7.55;7.345;7.468;99255.084
2022-08-24;7.407;7.407;7.273;7.309;24665.578
2022-08-25;7.341;7.45;7.341;7.433;84141.352
2022-08-26;7.598;7.75;7.508;7.533;136447.804
2022-08-29;7.05;7.153;6.96;7.153;75594.812
2022-08-30;7.04;7.045;6.83;6.89;188302.637
2022-08-31;6.969;7.012;6.489;6.67;72252.982
2022-09-01;6.5;6.53;6.376;6.409;323933.816
2022-09-02;6.335;6.44;6.231;6.44;47120.601
2022-09-05;6.662;6.662;6.397;6.5;78947.294
2022-09-06;6.632;6.632;6.486;6.543;109418.712
2022-09-07;6.383;6.58;6.383;6.468;57117.723
2022-09-08;6.521;6.728;6.5;6.728;77181.998
2022-09-09;7.0;7.07;6.76;6.82;243191.725
2022-09-12;6.878;6.99;6.86;6.86;149009.928
2022-09-13;7.02;7.265;6.887;6.887;186636.896
2022-09-14;6.837;6.86;6.69;6.725;65686.506
2022-09-15;6.81;6.81;6.564;6.578;108299.24
2022-09-16;6.519;6.711;6.438;6.711;63889.064
2022-09-19;6.626;6.685;6.584;6.685;92249.189
2022-09-20;6.77;6.77;6.62;6.66;27122.906
2022-09-21;6.71;6.71;6.563;6.568;79700.131
2022-09-22;6.605;6.781;6.605;6.68;95073.782
2022-09-23;6.5;6.5;6.15;6.22;105405.187
2022-09-26;6.132;6.34;6.132;6.232;112629.12
2022-09-27;6.231;6.295;6.165;6.165;140724.456
2022-09-28;6.043;6.263;5.974;6.241;268230.171
2022-09-29;6.185;6.55;6.185;6.446;526329.717
2022-09-30;6.54;6.63;6.407;6.552;237799.476
2022-10-03;6.26;6.45;6.225;6.369;140307.356
2022-10-04;6.62;6.661;6.348;6.66;193960.311
2022-10-05;6.712;6.731;6.507;6.655;249167.532
2022-10-06;6.994;7.02;6.604;6.604;383935.572
2022-10-07;6.479;6.52;6.33;6.33;105724.649
2022-10-10;6.447;6.69;6.447;6.614;170911.919
2022-10-11;6.506;6.65;6.39;6.535;157007.446
2022-10-12;6.58;6.673;6.492;6.509;152847.69
2022-10-13;6.445;6.655;6.372;6.372;70008.699
2022-10-14;6.691;6.691;6.5;6.501;66677.076
2022-10-17;6.441;6.643;6.405;6.427;185880.804
2022-10-18;6.31;6.43;6.14;6.14;214990.129
2022-10-19;6.144;6.2;6.039;6.18;67794.993
2022-10-20;6.225;6.476;6.225;6.467;325787.108
2022-10-21;6.345;6.55;6.257;6.516;208669.969
2022-10-24;6.5;6.55;6.422;6.422;111332.965
2022-10-25;6.361;6.361;6.188;6.282;139823.541
2022-10-26;6.379;6.742;6.379;6.742;98044.85
2022-10-27;6.629;6.78;6.547;6.759;80397.841
2022-10-28;6.476;6.51;6.34;6.34;89743.397
2022-10-31;6.229;6.25;6.14;6.234;156082.189
2022-11-01;6.477;6.61;6.381;6.571;165165.249
2022-11-02;6.65;6.66;6.48;6.542;49662.428
2022-11-03;6.408;6.5;6.3;6.48;117338.445
2022-11-04;6.756;7.354;6.756;7.354;398865.758
2022-11-07;7.15;7.16;6.86;6.935;89048.156
2022-11-08;6.922;7.244;6.92;7.225;121644.246
2022-11-09;7.17;7.4;7.01;7.264;179854.375
2022-11-10;7.26;7.516;7.104;7.496;284140.72
2022-11-11;7.717;7.855;7.677;7.717;163313.192
2022-11-14;7.9;7.928;7.554;7.583;200688.563
2022-11-15;7.625;7.631;7.45;7.45;76245.286
2022-11-16;7.5;7.5;7.275;7.307;67070.609
2022-11-17;7.19;7.214;7.021;7.04;125479.745
2022-11-18;7.071;7.071;6.945;6.96;109350.445
2022-11-21;6.96;6.96;6.65;6.683;99760.831
2022-11-22;6.744;7.0;6.738;6.856;323131.001
2022-11-23;6.82;6.82;6.716;6.752;58924.065
2022-11-24;6.865;6.865;6.816;6.823;31566.36
2022-11-25;6.845;6.992;6.768;6.768;45947.49
2022-11-28;6.577;6.7;6.577;6.623;240921.407
2022-11-29;6.903;6.952;6.82;6.852;163067.04
2022-11-30;6.87;7.256;6.87;7.226;165026.011
2022-12-01;7.227;7.34;7.182;7.32;89296.844
2022-12-02;7.381;7.487;7.27;7.487;13924.397
2022-12-05;7.563;7.6;7.4;7.4;65092.512
2022-12-06;7.403;7.585;7.34;7.43;36055.188
2022-12-07;7.352;7.51;7.225;7.37;29323.635
2022-12-08;7.6;7.744;7.6;7.626;37315.845
2022-12-09;7.723;7.723;7.547;7.68;61118.263
2022-12-12;7.48;7.48;7.31;7.32;35094.185
2022-12-13;7.43;7.72;7.35;7.651;66567.724
2022-12-14;7.55;7.559;7.43;7.43;14259.439
2022-12-15;7.301;7.432;7.158;7.158;78672.871
2022-12-16;7.127;7.166;7.03;7.1;43173.165
2022-12-19;7.25;7.292;7.169;7.169;39769.632
2022-12-20;7.24;7.32;7.145;7.283;24516.535
2022-12-21;7.28;7.33;7.249;7.33;8495.093
2022-12-22;7.26;7.26;7.15;7.198;2757.176
2022-12-23;7.3;7.305;7.2;7.2;5411.142
2022-12-27;7.529;7.781;7.529;7.573;99844.173
2022-12-28;7.514;7.514;7.375;7.4;52716.415
2022-12-29;7.386;7.386;7.28;7.319;9587.267
2022-12-30;7.359;7.404;7.23;7.23;36592.149
2023-01-02;7.499;7.5;7.23;7.231;5417.25
2023-01-03;7.392;7.468;7.225;7.225;69480.635
2023-01-04;7.25;7.26;6.96;7.01;145410.982
2023-01-05;7.023;7.385;7.01;7.331;132777.663
2023-01-06;7.492;7.572;7.412;7.572;70128.569
2023-01-09;7.829;8.1;7.829;8.08;320220.889
2023-01-10;8.015;8.205;7.976;8.205;220918.891
2023-01-11;8.315;8.725;8.315;8.725;184642.593
2023-01-12;8.476;8.72;8.443;8.61;97813.38
2023-01-13;8.559;8.66;8.4;8.66;191083.734
2023-01-16;8.556;8.59;8.478;8.478;34773.05
2023-01-17;8.419;8.7;8.39;8.7;81011.732
2023-01-18;9.06;9.25;8.95;8.95;270189.659
2023-01-19;8.759;8.96;8.564;8.821;242566.941
2023-01-20;8.955;8.955;8.712;8.925;50822.309
2023-01-23;8.925;9.0;8.785;8.908;50629.49
2023-01-24;8.893;8.915;8.74;8.87;96325.192
2023-01-25;8.8;8.835;8.669;8.81;38005.512
2023-01-26;8.835;8.91;8.78;8.855;54385.812
2023-01-27;8.885;8.98;8.589;8.717;58760.21
2023-01-30;8.622;8.689;8.6;8.689;11520.658
2023-01-31;8.46;8.73;8.38;8.73;89147.145
2023-02-01;8.601;8.601;8.351;8.4;75621.811
2023-02-02;8.406;8.406;8.328;8.4;23673.626
2023-02-03;8.3;8.322;8.1;8.1;70278.29
2023-02-06;8.114;8.114;7.92;7.959;13583.546
2023-02-07;8.161;8.161;8.0;8.129;73511.249
2023-02-08;8.36;8.385;8.07;8.07;19493.86
2023-02-09;8.31;8.34;8.175;8.175;14271.97
2023-02-10;8.215;8.23;8.062;8.062;13386.83
2023-02-13;8.1;8.156;8.006;8.156;15382.084
2023-02-14;8.167;8.167;8.167;8.167;9588.058
2023-02-15;8.073;8.073;7.91;7.968;52933.038
2023-02-16;8.202;8.32;8.129;8.32;152010.707
2023-02-17;8.191;8.29;8.184;8.29;22999.014
2023-02-20;8.35;8.615;8.35;8.589;116923.749
2023-02-21;8.642;8.764;8.564;8.764;80540.375
2023-02-22;8.586;8.662;8.517;8.627;33322.266
2023-02-23;8.53;8.566;8.218;8.218;71102.342
2023-02-24;8.18;8.2;7.87;7.885;177277.749
2023-02-27;7.817;7.94;7.817;7.921;46518.47
2023-02-28;8.1;8.3;8.07;8.3;46744.791
2023-03-01;8.44;8.561;8.4;8.5;118171.757
2023-03-02;8.442;8.474;8.191;8.3;108975.995
2023-03-03;8.371;8.398;8.294;8.32;30096.506
2023-03-06;8.233;8.233;7.953;8.224;77660.468
2023-03-07;8.055;8.055;7.88;7.88;51768.08
2023-03-08;7.919;8.22;7.85;8.22;37478.795
2023-03-09;8.065;8.085;8.05;8.06;5858.555
2023-03-10;7.933;8.081;7.87;8.081;45222.508
2023-03-13;8.062;8.11;7.6;8.11;75516.775
2023-03-14;7.97;8.012;7.822;7.903;65623.919
2023-03-15;7.685;7.687;7.311;7.45;104022.835
2023-03-16;7.468;7.513;7.27;7.38;106849.059
2023-03-17;7.625;7.699;7.404;7.404;120732.262
2023-03-20;7.52;7.655;7.402;7.583;103741.317
2023-03-21;7.634;7.921;7.634;7.705;45941.392
2023-03-22;7.849;8.0;7.849;8.0;40698.391
2023-03-23;8.02;8.2;7.798;8.2;48226.218
2023-03-24;8.2;8.2;8.04;8.086;27487.88
2023-03-27;8.0;8.06;7.91;8.06;36897.752
2023-03-28;8.09;8.172;8.039;8.12;25943.881
2023-03-29;7.96;8.241;7.96;8.104;31038.182
2023-03-30;8.166;8.234;8.0;8.0;10046.629
2023-03-31;7.99;8.08;7.8;8.08;75677.649
2023-04-03;8.018;8.04;7.91;7.91;26255.256
2023-04-04;7.905;7.946;7.508;7.508;130913.192
2023-04-05;7.5;7.6;7.398;7.58;50142.289
2023-04-06;7.75;7.799;7.599;7.599;86503.906
2023-04-11;7.76;7.87;7.74;7.76;44298.908
2023-04-12;7.69;7.842;7.63;7.842;32731.716
2023-04-13;7.99;8.1;7.99;8.058;53059.551
2023-04-14;8.1;8.3;7.983;8.125;37873.293
2023-04-17;8.0;8.055;7.88;7.967;13085.55
2023-04-18;8.02;8.197;7.913;8.04;31248.929
2023-04-19;7.861;7.96;7.79;7.96;47271.856
2023-04-20;7.87;7.87;7.71;7.815;47973.27
2023-04-21;7.69;7.768;7.582;7.598;59983.47
2023-04-24;7.547;7.63;7.46;7.476;62684.935
2023-04-25;7.42;7.42;7.086;7.103;211631.761
2023-04-26;7.203;7.203;7.05;7.103;25137.304
2023-04-27;7.046;7.07;6.962;7.07;87296.88
2023-04-28;7.185;7.27;7.08;7.08;21076.586
2023-05-02;7.349;7.363;7.22;7.22;29232.357
2023-05-03;7.06;7.06;6.94;6.94;24075.38
2023-05-04;7.121;7.121;7.067;7.067;24671.753
2023-05-05;7.126;7.22;7.0;7.22;32605.88
2023-05-08;7.272;7.407;7.271;7.271;155350.785
2023-05-09;7.238;7.25;7.23;7.23;4482.122
2023-05-10;7.09;7.09;7.0;7.0;37526.088
2023-05-11;6.773;6.859;6.5;6.552;198056.611
2023-05-12;6.606;6.72;6.606;6.686;85653.871
2023-05-15;6.74;6.83;6.72;6.74;41595.02
2023-05-16;6.572;6.615;6.423;6.499;68353.399
2023-05-17;6.519;6.82;6.519;6.763;42488.53
2023-05-18;6.71;6.716;6.619;6.619;15533.542
2023-05-19;6.73;6.84;6.71;6.71;50901.487
2023-05-22;6.579;6.63;6.526;6.526;34821.93
2023-05-23;6.399;6.472;6.35;6.472;64922.06
2023-05-24;6.29;6.35;6.1;6.13;220811.45
2023-05-25;6.246;6.311;6.246;6.311;102796.64
2023-05-26;6.448;6.562;6.448;6.562;66364.579
2023-05-29;6.59;6.628;6.58;6.58;7372.17
2023-05-30;6.486;6.506;6.486;6.495;3591.084
2023-05-31;6.466;6.492;6.44;6.44;36160.935
2023-06-01;6.678;6.76;6.6;6.6;69349.625
2023-06-02;6.769;6.942;6.738;6.738;492658.356
2023-06-05;6.697;6.9;6.695;6.879;31102.28
2023-06-06;6.81;6.9;6.81;6.844;7095.814
2023-06-07;6.879;7.046;6.879;6.9;322661.19
2023-06-08;6.9;6.95;6.79;6.95;16703.99
2023-06-09;7.0;7.056;6.94;7.008;38150.92
2023-06-12;6.875;6.875;6.8;6.8;10786.779
2023-06-13;7.02;7.17;7.02;7.1;14081.116
2023-06-14;7.014;7.15;7.014;7.15;49178.788
2023-06-15;7.053;7.22;7.053;7.216;24590.02
2023-06-16;7.27;7.3;7.177;7.18;14342.887
2023-06-19;7.171;7.171;7.17;7.17;537.78
2023-06-20;7.1;7.176;7.1;7.176;40346.5
2023-06-21;7.2;7.261;7.126;7.261;49923.904
2023-06-22;7.226;7.4;7.184;7.184;73075.009
2023-06-23;7.02;7.04;6.872;6.896;195821.363
2023-06-26;6.905;6.905;6.896;6.896;7077.4
2023-06-27;6.84;6.84;6.84;6.84;5130.0
2023-06-28;6.77;6.77;6.569;6.569;31759.865
2023-06-29;6.62;6.626;6.44;6.481;47096.372
2023-06-30;6.62;6.668;6.62;6.66;36202.98
2023-07-03;6.776;6.83;6.776;6.82;22408.757
2023-07-04;6.893;6.893;6.8;6.816;3037.645
2023-07-05;6.68;6.801;6.64;6.796;13116.235
2023-07-06;6.7;6.7;6.635;6.635;9141.51
2023-07-07;6.764;6.764;6.764;6.764;4261.32
2023-07-10;6.682;6.807;6.651;6.651;7684.908
2023-07-11;6.76;6.76;6.66;6.66;4350.0
2023-07-12;6.668;6.93;6.668;6.918;25965.253
2023-07-13;6.917;7.2;6.897;7.18;58570.336
2023-07-14;7.092;7.168;7.092;7.15;30251.137
2023-07-17;6.934;6.934;6.688;6.71;40694.868
2023-07-18;6.772;6.772;6.66;6.77;31858.674
2023-07-19;6.69;6.718;6.6;6.705;75539.784
2023-07-20;6.798;6.98;6.798;6.865;109805.056
2023-07-21;6.8;6.8;6.79;6.79;8624.0
2023-07-24;6.763;6.949;6.68;6.947;34663.53
2023-07-25;7.04;7.281;7.04;7.218;100582.698
2023-07-26;7.132;7.132;7.04;7.126;40359.263
2023-07-27;7.118;7.19;7.03;7.03;30488.274
2023-07-28;7.14;7.203;7.14;7.203;13522.707
2023-07-31;7.22;7.524;7.22;7.516;216083.735
2023-08-01;7.53;7.53;7.26;7.26;37366.78
2023-08-02;7.067;7.067;6.957;7.008;27153.087
2023-08-03;6.93;7.16;6.93;7.16;38238.485
2023-08-04;7.094;7.094;6.926;6.96;40806.638
2023-08-07;6.982;6.982;6.897;6.897;5799.234
2023-08-08;6.75;6.8;6.57;6.64;176253.065
2023-08-09;6.807;6.85;6.75;6.75;24463.05
2023-08-10;6.85;6.85;6.697;6.697;1276.45
2023-08-11;6.568;6.66;6.46;6.46;84611.304
2023-08-14;6.53;6.53;6.53;6.53;8489.0
2023-08-16;6.356;6.529;6.343;6.38;52667.149
2023-08-18;6.52;6.52;6.52;6.52;2660.16
2023-08-21;6.568;6.59;6.48;6.59;25483.35
2023-08-22;6.636;6.763;6.636;6.725;84646.874
2023-08-23;6.82;6.9;6.82;6.9;46010.634
2023-08-24;6.815;6.815;6.76;6.76;29627.4
2023-08-25;6.9;6.9;6.71;6.71;16341.33
2023-08-28;6.766;6.78;6.759;6.78;24095.335
2023-08-29;6.8;6.899;6.8;6.89;5682.9
2023-08-30;6.85;6.86;6.85;6.86;5483.0
2023-08-31;6.856;6.88;6.771;6.801;30764.422
2023-09-01;7.008;7.15;6.901;6.911;122213.731
2023-09-04;7.003;7.003;6.9;6.9;3553.192
2023-09-05;6.861;6.898;6.85;6.898;6409.935
2023-09-06;6.9;6.934;6.818;6.818;13346.394
2023-09-07;6.7;6.7;6.66;6.66;11343.92
2023-09-08;6.601;6.601;6.55;6.57;13134.193
2023-09-11;6.858;6.87;6.858;6.87;22824.9
2023-09-12;6.85;6.85;6.85;6.85;595.95
2023-09-13;6.82;6.9;6.77;6.9;11656.82
2023-09-14;6.87;6.98;6.87;6.87;15273.13
2023-09-15;7.06;7.06;6.89;6.89;3056.37
2023-09-18;6.812;6.812;6.78;6.78;7019.34
2023-09-19;6.71;6.789;6.62;6.65;46686.826
2023-09-20;6.69;6.77;6.68;6.77;35636.09
2023-09-21;6.61;6.61;6.318;6.51;310380.154
2023-09-22;6.664;6.68;6.664;6.68;76347.82
2023-09-25;6.498;6.598;6.43;6.598;134639.0
2023-09-26;6.355;6.535;6.354;6.39;38461.895
2023-09-27;6.42;6.452;6.42;6.452;23372.13
2023-09-28;6.56;6.64;6.56;6.64;57102.644
2023-09-29;6.74;6.87;6.73;6.81;54230.826
2023-10-02;6.7;6.7;6.416;6.416;58824.224
2023-10-03;6.324;6.398;6.219;6.398;83145.384
2023-10-04;6.244;6.3;6.11;6.133;69339.1
2023-10-05;6.181;6.2;6.15;6.15;16439.27
2023-10-06;6.2;6.38;6.2;6.375;18364.215
2023-10-09;6.619;6.619;6.401;6.47;44620.901
2023-10-10;6.29;6.291;6.22;6.22;65480.734
2023-10-11;6.385;6.418;6.27;6.27;31868.075
2023-10-12;6.34;6.36;6.2;6.208;16995.484
2023-10-13;6.2;6.21;6.132;6.174;25047.638
2023-10-16;6.25;6.25;6.16;6.16;28262.02
2023-10-17;6.038;6.1;6.026;6.06;40532.633
2023-10-18;6.3;6.3;6.18;6.18;11380.7
2023-10-19;6.181;6.181;6.135;6.135;11263.34
2023-10-20;6.208;6.208;6.11;6.15;2085.32
2023-10-23;6.15;6.15;5.97;6.112;29421.838
2023-10-24;6.208;6.34;6.15;6.34;37876.08
2023-10-25;6.283;6.283;6.24;6.248;4159.478
2023-10-26;6.246;6.246;6.166;6.21;15761.13
2023-10-27;6.29;6.43;6.29;6.405;115131.921
2023-10-30;6.45;6.6;6.4;6.4;77482.568
2023-10-31;6.402;6.42;6.345;6.42;29175.046
2023-11-01;6.38;6.55;6.38;6.492;7932.698
2023-11-02;6.5;6.53;6.4;6.44;38274.5
2023-11-03;6.54;6.555;6.39;6.44;51561.878
2023-11-06;6.491;6.56;6.491;6.56;4390.577
2023-11-07;6.43;6.444;6.37;6.37;51294.915
2023-11-08;6.52;6.52;6.32;6.32;22626.74
2023-11-09;6.261;6.42;6.21;6.331;4338.549
2023-11-10;6.301;6.301;6.14;6.148;52258.168
2023-11-13;6.382;6.382;6.29;6.34;7898.17
2023-11-14;6.38;6.46;6.358;6.4;61286.04
2023-11-15;6.33;6.455;6.33;6.455;44246.445
2023-11-16;6.517;6.517;6.4;6.4;10691.788
2023-11-17;6.36;6.46;6.34;6.46;26737.993
2023-11-20;6.506;6.687;6.48;6.687;132283.462
2023-11-21;6.733;6.76;6.7;6.728;19743.086
2023-11-22;6.598;6.598;6.55;6.574;8429.84
2023-11-23;6.757;6.757;6.66;6.66;3361.901
2023-11-24;6.732;6.732;6.6;6.6;5577.615
2023-11-27;6.635;6.635;6.58;6.58;4952.04
2023-11-28;6.563;6.72;6.563;6.72;45725.851
2023-11-29;6.689;6.74;6.64;6.64;91050.043
2023-11-30;6.684;6.75;6.643;6.75;162958.289
2023-12-01;6.819;7.0;6.748;6.931;65837.441
2023-12-04;6.813;6.87;6.769;6.769;24633.846
2023-12-05;6.688;6.688;6.588;6.588;116117.832
2023-12-06;6.725;6.748;6.546;6.546;27093.334
2023-12-07;6.541;6.629;6.533;6.626;21006.545
2023-12-08;6.629;6.88;6.629;6.83;130687.505
2023-12-11;6.743;6.743;6.602;6.602;34036.48
2023-12-12;6.7;6.7;6.57;6.63;16606.815
2023-12-13;6.51;6.6;6.5;6.6;21945.045
2023-12-14;6.804;6.91;6.804;6.85;90822.839
2023-12-15;6.917;6.945;6.78;6.892;77912.585
2023-12-18;6.8;6.87;6.8;6.8;22388.022
2023-12-19;6.884;6.99;6.861;6.934;17742.76
2023-12-20;7.0;7.001;6.92;6.92;41912.1
2023-12-21;6.88;6.99;6.88;6.95;12681.78
2023-12-22;7.072;7.072;6.89;6.89;19130.464
2023-12-27;6.902;7.053;6.9;6.944;91330.69
2023-12-28;6.975;6.975;6.881;6.91;6965.1
2023-12-29;6.934;6.996;6.774;6.808;39406.781
2024-01-02;6.748;6.84;6.748;6.818;11992.594
2024-01-03;6.786;6.79;6.7;6.79;38563.194
2024-01-04;6.854;6.894;6.64;6.713;19663.556
2024-01-05;6.71;6.783;6.66;6.689;31085.727
2024-01-08;6.615;6.65;6.55;6.619;77358.841
2024-01-09;6.58;6.627;6.5;6.52;48771.854
2024-01-10;6.485;6.533;6.41;6.45;238528.197
2024-01-11;6.558;6.62;6.48;6.48;46129.671
2024-01-12;6.483;6.568;6.44;6.568;14948.542
2024-01-15;6.42;6.5;6.409;6.5;22373.059
2024-01-16;6.45;6.53;6.45;6.5;27860.23
2024-01-17;6.377;6.5;6.36;6.406;46934.882
2024-01-18;6.39;6.43;6.35;6.43;37015.961
2024-01-19;6.5;6.55;6.337;6.337;24808.962
2024-01-22;6.496;6.548;6.393;6.548;60718.688
2024-01-23;6.569;6.645;6.543;6.645;87145.263
2024-01-24;6.822;6.9;6.822;6.84;99324.971
2024-01-25;6.836;6.93;6.836;6.872;57098.946
2024-01-26;6.83;7.0;6.83;6.85;11894.92
2024-01-29;6.791;6.904;6.75;6.904;95038.661
2024-01-30;6.91;6.95;6.89;6.95;54502.525
2024-01-31;7.029;7.12;7.0;7.08;71864.742
2024-02-01;6.88;6.92;6.8;6.82;51385.78
2024-02-02;6.699;6.79;6.622;6.76;62196.72
2024-02-05;6.751;6.77;6.622;6.622;6319.265
2024-02-06;6.605;6.679;6.595;6.638;36340.177
2024-02-07;6.6;6.62;6.479;6.479;74327.218
2024-02-08;6.499;6.499;6.28;6.305;182203.526
2024-02-09;6.314;6.315;6.152;6.24;49359.665
2024-02-12;6.226;6.378;6.226;6.378;52048.326
2024-02-13;6.478;6.496;6.42;6.43;78917.254
2024-02-14;6.361;6.43;6.35;6.355;43200.601
2024-02-15;6.388;6.499;6.388;6.499;48440.15
2024-02-16;6.58;6.772;6.58;6.772;164693.782
2024-02-19;6.704;6.72;6.661;6.661;11814.76
2024-02-20;6.689;6.761;6.689;6.761;50771.6
2024-02-21;6.87;6.94;6.84;6.88;75629.47
2024-02-22;6.86;6.93;6.86;6.93;4477.49
2024-02-23;6.857;6.9;6.8;6.85;42380.688
2024-02-26;6.756;6.771;6.73;6.73;44798.265
2024-02-27;6.767;6.767;6.7;6.7;11658.746
2024-02-28;6.661;6.683;6.642;6.642;20927.614
2024-02-29;6.726;6.787;6.726;6.787;52929.86
2024-03-01;6.7;6.8;6.7;6.777;144075.37
2024-03-04;6.83;6.858;6.717;6.717;61469.725
2024-03-05;6.8;6.8;6.71;6.715;9405.71
2024-03-06;6.773;6.859;6.77;6.853;14642.8
2024-03-07;6.88;7.03;6.85;6.957;89077.57
2024-03-08;6.955;7.0;6.78;6.78;34557.784
2024-03-11;6.808;6.84;6.808;6.84;1277.896
2024-03-12;6.974;7.0;6.89;6.89;17483.65
2024-03-13;7.1;7.44;7.096;7.44;149788.46
2024-03-14;7.322;7.4;7.322;7.352;47522.84
2024-03-15;7.612;7.73;7.556;7.73;127334.237
2024-03-18;7.638;7.838;7.637;7.75;75135.152
2024-03-19;7.673;7.68;7.401;7.537;31577.042
2024-03-20;7.454;7.471;7.37;7.471;15583.21
2024-03-21;7.596;7.7;7.4;7.4;40219.448
2024-03-22;7.373;7.373;7.29;7.302;13742.578
2024-03-25;7.326;7.399;7.299;7.33;16947.99
2024-03-26;7.228;7.299;7.228;7.283;30576.2
2024-03-27;7.23;7.266;7.18;7.266;11859.16
2024-03-28;7.311;7.33;7.3;7.33;26104.316
2024-04-02;7.593;7.724;7.433;7.566;69006.437
2024-04-03;7.692;8.0;7.61;8.0;168208.869
2024-04-04;8.159;8.2;8.03;8.15;207107.072
2024-04-05;8.04;8.14;8.035;8.09;128792.83
2024-04-08;8.115;8.39;8.09;8.215;266226.365
2024-04-09;8.265;8.46;8.22;8.298;87474.536
2024-04-10;8.4;8.477;8.288;8.304;194993.067
2024-04-11;8.454;8.454;8.25;8.25;10116.811
2024-04-12;8.483;8.78;8.483;8.64;332764.271
2024-04-15;8.63;8.75;8.5;8.742;399027.262
2024-04-16;8.753;8.753;8.5;8.576;208954.787
2024-04-17;8.657;8.85;8.647;8.781;226226.331
2024-04-18;9.061;9.071;8.9;9.07;170290.245
2024-04-19;9.173;9.377;9.151;9.278;137706.067
2024-04-22;9.329;9.449;9.274;9.321;115438.196
2024-04-23;9.0;9.06;8.881;8.998;147709.382
2024-04-24;9.208;9.26;9.135;9.181;143904.867
2024-04-25;9.325;9.5;9.325;9.393;175284.114
2024-04-26;9.591;9.623;9.43;9.5;117791.627
2024-04-29;9.58;9.785;9.58;9.735;280714.942
2024-04-30;9.89;9.923;9.447;9.452;122349.152
2024-05-02;9.478;9.498;9.108;9.234;117824.667
2024-05-03;9.147;9.341;9.147;9.3;64291.622
2024-05-06;9.596;9.724;9.422;9.58;41816.432
2024-05-07;9.47;9.513;9.42;9.42;33474.191
2024-05-08;9.321;9.362;9.194;9.362;95904.598
2024-05-09;9.182;9.45;9.091;9.434;16013.928
2024-05-10;9.893;10.1;9.679;9.74;115625.663
2024-05-13;9.844;10.106;9.844;10.106;80890.084
2024-05-14;10.42;11.114;10.23;11.114;236949.044
2024-05-15;11.644;11.7;10.38;10.782;185769.506
2024-05-16;10.95;11.288;10.5;10.576;104526.576
2024-05-17;11.094;11.35;10.9;11.298;246676.078
2024-05-20;11.592;11.67;11.2;11.46;253485.648
2024-05-21;11.482;11.95;11.4;11.82;459730.744
2024-05-22;11.424;11.424;10.396;10.424;442114.024
2024-05-23;10.292;10.748;10.058;10.342;355756.99
2024-05-24;10.282;10.35;10.1;10.1;150408.402
2024-05-27;10.084;10.508;10.084;10.42;72639.754
2024-05-28;10.548;10.548;10.222;10.44;103908.58
2024-05-29;10.54;10.54;10.1;10.254;81665.684
2024-05-30;9.825;9.91;9.565;9.674;205545.351
2024-05-31;9.651;9.688;9.321;9.335;408390.391
2024-06-03;9.49;9.82;9.469;9.619;233780.227
2024-06-04;9.838;9.838;9.15;9.26;110802.386
2024-06-05;9.1;9.294;9.072;9.216;81196.951
2024-06-06;9.53;9.73;9.5;9.73;112163.97
2024-06-07;9.8;9.8;9.0;9.0;127204.355
2024-06-10;9.05;9.304;9.01;9.17;40578.585
2024-06-11;8.921;9.16;8.863;9.16;57273.134
2024-06-12;9.098;9.484;9.098;9.29;25250.82
2024-06-13;9.131;9.178;9.05;9.05;165593.902
2024-06-14;9.1;9.199;8.95;9.062;96110.258
2024-06-17;8.804;8.812;8.674;8.8;34804.43
2024-06-18;8.6;8.8;8.6;8.788;31105.985
2024-06-19;9.02;9.11;8.95;9.0;53193.68
2024-06-20;9.069;9.222;8.84;9.178;36527.22
2024-06-21;9.036;9.036;8.86;8.863;11828.904
2024-06-24;8.8;8.87;8.56;8.795;70168.823
2024-06-25;8.807;8.981;8.65;8.654;31583.847
2024-06-26;8.71;8.72;8.54;8.54;24545.521
2024-06-27;8.476;8.702;8.3;8.6;54856.064
2024-06-28;8.664;8.8;8.62;8.71;25844.646
2024-07-01;8.739;8.8;8.668;8.8;22185.74
2024-07-02;8.89;8.94;8.85;8.94;21227.34
2024-07-03;9.036;9.283;8.98;9.206;48543.528
2024-07-04;9.148;9.338;9.148;9.258;30651.756
2024-07-05;9.463;9.968;9.214;9.55;125785.683
2024-07-08;9.58;9.67;9.54;9.594;41220.188
2024-07-09;9.42;9.431;9.102;9.27;15936.02
2024-07-10;9.27;9.653;9.27;9.653;17260.3
2024-07-11;9.384;9.384;9.069;9.072;96352.531
2024-07-12;8.955;9.34;8.898;9.332;48249.193
2024-07-15;9.11;9.11;9.041;9.041;9070.254
2024-07-16;9.017;9.017;8.7;8.779;102933.497
2024-07-17;8.49;8.837;8.49;8.55;58110.448
2024-07-18;8.639;8.639;8.106;8.106;296333.95
2024-07-19;7.996;8.099;7.985;8.002;71496.556
2024-07-22;7.827;7.988;7.679;7.71;102249.162
2024-07-23;7.589;7.743;7.585;7.69;87516.216
2024-07-24;7.862;7.862;7.56;7.56;44585.7
2024-07-25;7.497;7.63;7.29;7.63;51607.337
2024-07-26;7.529;7.615;7.491;7.521;18473.01
2024-07-29;7.512;7.512;7.38;7.38;36136.579
2024-07-30;7.31;7.38;7.259;7.355;61468.695
2024-07-31;7.68;7.85;7.66;7.765;47565.99
2024-08-01;7.708;7.708;7.556;7.618;11581.66
2024-08-02;7.56;7.56;7.361;7.361;38929.881
2024-08-05;7.225;7.365;6.791;7.112;199581.419
2024-08-06;7.019;7.179;6.981;7.12;28916.53
2024-08-07;7.0;7.0;6.9;6.911;66008.65
2024-08-08;6.885;6.926;6.81;6.92;21282.251
2024-08-09;7.118;7.205;7.085;7.108;28303.19
2024-08-12;7.11;7.341;7.11;7.328;46606.012
2024-08-13;7.158;7.158;7.107;7.107;4289.7
2024-08-14;7.237;7.237;7.2;7.2;4256.37
2024-08-16;7.488;7.488;7.31;7.44;44249.164
2024-08-19;7.563;7.65;7.532;7.614;55114.158
2024-08-20;7.749;7.749;7.55;7.55;35600.702
2024-08-21;7.55;7.6;7.545;7.581;42058.052
2024-08-22;7.54;7.54;7.4;7.406;110807.461
2024-08-23;7.55;7.666;7.509;7.666;10330.03
2024-08-26;7.766;7.766;7.68;7.7;31722.272
2024-08-27;7.78;7.872;7.75;7.872;38838.782
2024-08-28;7.674;7.674;7.57;7.63;18612.806
2024-08-29;7.529;7.58;7.44;7.55;201020.386
2024-08-30;7.716;7.79;7.711;7.719;48646.101
2024-09-02;7.58;7.58;7.4;7.463;35319.395
2024-09-03;7.326;7.334;7.019;7.1;115084.963
2024-09-04;7.065;7.193;6.989;7.1;94476.884
2024-09-05;7.028;7.3;7.028;7.298;99505.127
2024-09-06;7.26;7.366;7.13;7.13;40454.256
2024-09-09;7.205;7.371;7.205;7.278;32971.891
2024-09-10;7.345;7.345;7.131;7.224;48529.581
2024-09-11;7.37;7.391;7.306;7.306;30567.565
2024-09-12;7.58;7.67;7.5;7.5;145472.151
2024-09-13;7.567;7.65;7.487;7.617;70641.756
2024-09-16;7.55;7.875;7.505;7.81;53602.618
2024-09-17;7.823;7.823;7.746;7.774;53428.699
2024-09-18;7.72;7.851;7.72;7.848;9581.67
2024-09-19;8.009;8.091;7.798;7.99;97833.288
2024-09-20;8.053;8.07;7.93;7.93;80347.387
2024-09-23;7.801;8.05;7.772;8.05;26733.61
2024-09-24;8.328;8.525;8.282;8.501;249356.616
2024-09-25;8.414;8.62;8.364;8.561;121529.385
2024-09-26;8.668;9.07;8.646;8.997;298235.593
2024-09-27;9.028;9.099;8.94;8.94;75248.529
2024-09-30;9.092;9.092;8.542;8.675;131706.772
2024-10-01;8.751;9.08;8.751;8.864;21757.939
2024-10-02;8.944;9.176;8.944;9.111;22216.424
2024-10-03;9.258;9.258;8.749;8.75;24641.646
2024-10-04;8.836;9.1;8.836;8.951;26033.497
2024-10-07;8.93;8.993;8.75;8.766;96315.73
2024-10-08;8.459;8.628;8.388;8.463;65593.512
2024-10-09;8.506;8.506;8.222;8.368;66670.35
2024-10-10;8.345;8.414;8.3;8.414;28430.031
2024-10-11;8.461;8.68;8.461;8.593;30593.681
2024-10-14;8.544;8.544;8.32;8.32;36452.664
2024-10-15;8.171;8.201;8.109;8.201;37313.624
2024-10-16;8.268;8.3;8.23;8.23;99583.44
2024-10-17;8.045;8.238;7.988;8.18;102730.355
2024-10-18;8.329;8.42;8.28;8.305;38133.675
2024-10-21;8.54;8.6;8.26;8.26;22049.469
2024-10-22;8.382;8.408;8.346;8.35;30444.09
2024-10-23;8.24;8.258;8.129;8.18;21276.91
2024-10-24;8.388;8.388;8.273;8.273;22824.64
2024-10-25;8.167;8.342;8.147;8.342;47165.202
2024-10-28;8.326;8.327;8.211;8.316;66797.205
2024-10-29;8.418;8.514;8.261;8.263;52033.81
2024-10-30;8.184;8.259;8.173;8.2;19963.884
2024-10-31;8.231;8.317;8.13;8.13;17180.251
2024-11-01;8.3;8.375;8.21;8.242;38067.842
2024-11-04;8.495;8.52;8.393;8.5;61097.422
2024-11-05;8.616;8.702;8.364;8.652;31113.312
2024-11-06;8.391;8.393;7.92;7.979;315032.517
2024-11-07;8.205;8.495;8.205;8.468;187316.036
2024-11-08;8.075;8.27;8.075;8.109;73503.142
2024-11-11;8.109;8.117;7.938;7.949;129166.166
2024-11-12;7.641;7.72;7.55;7.648;324889.117
2024-11-13;7.514;7.61;7.42;7.485;103616.066
2024-11-14;7.208;7.413;7.17;7.38;153370.752
2024-11-15;7.419;7.7;7.385;7.385;181179.503
2024-11-18;7.385;7.477;7.32;7.477;36814.814
2024-11-19;7.55;7.555;7.427;7.519;49574.177
2024-11-20;7.624;7.68;7.585;7.631;87685.088
2024-11-21;7.55;7.555;7.49;7.548;8411.04
2024-11-22;7.421;7.53;7.421;7.504;75743.389
2024-11-25;7.561;7.571;7.543;7.543;15441.488
2024-11-26;7.446;7.54;7.437;7.445;44563.021
2024-11-27;7.4;7.543;7.4;7.454;26646.875
2024-11-28;7.4;7.408;7.369;7.374;11990.98
2024-11-29;7.46;7.46;7.39;7.448;33690.65
2024-12-02;7.272;7.455;7.272;7.455;31013.703
2024-12-03;7.588;7.83;7.54;7.648;95431.951
2024-12-04;7.696;7.73;7.624;7.73;12851.756
2024-12-05;7.769;7.769;7.55;7.55;49555.822
2024-12-06;7.76;7.772;7.625;7.625;29812.411
2024-12-09;7.873;7.97;7.872;7.912;40723.747
2024-12-10;7.783;7.9;7.783;7.9;42791.69
2024-12-11;7.835;7.907;7.808;7.888;30159.253
2024-12-12;8.119;8.22;7.78;7.805;93392.654
2024-12-13;7.8;7.8;7.642;7.662;32096.654
2024-12-16;7.611;7.725;7.6;7.655;19192.696
2024-12-17;7.55;7.55;7.461;7.461;73109.843
2024-12-18;7.51;7.56;7.505;7.56;20476.56
2024-12-19;7.349;7.375;7.32;7.34;70539.266
2024-12-20;7.365;7.365;7.32;7.336;16807.965
2024-12-23;7.432;7.432;7.344;7.344;5185.88
2024-12-27;7.45;7.47;7.44;7.47;28244.37
2024-12-30;7.46;7.46;7.336;7.35;36741.206
2025-01-02;7.164;7.19;7.09;7.19;135673.207
2025-01-03;7.243;7.35;7.2;7.35;80711.911
2025-01-06;7.365;7.746;7.365;7.745;268561.925
2025-01-07;7.683;7.79;7.6;7.79;68766.586
2025-01-08;7.779;8.047;7.747;7.988;196319.317
2025-01-09;8.15;8.365;8.048;8.2;165636.945
2025-01-10;8.368;8.45;8.223;8.244;219627.326
2025-01-13;8.33;8.402;8.275;8.402;61321.16
2025-01-14;8.38;8.4;8.29;8.365;56640.691
2025-01-15;8.39;8.51;8.291;8.51;127539.132
2025-01-16;8.675;8.769;8.58;8.715;224211.904
2025-01-17;8.829;8.853;8.41;8.465;86506.092
2025-01-20;8.42;8.42;8.125;8.137;106606.707
2025-01-21;8.074;8.26;8.05;8.248;87043.619
2025-01-22;8.115;8.196;8.05;8.05;160487.587
2025-01-23;7.965;8.137;7.96;8.137;47771.332
2025-01-24;8.35;8.36;8.115;8.157;118706.9
2025-01-27;7.942;8.022;7.84;7.84;59812.062
2025-01-28;7.925;7.985;7.901;7.901;19882.371
2025-01-29;7.843;8.132;7.843;8.131;77316.043
2025-01-30;8.046;8.245;8.031;8.245;61184.132
2025-01-31;8.15;8.15;8.03;8.069;56189.138
2025-02-03;7.943;8.203;7.943;8.203;101010.953
2025-02-04;8.288;8.4;8.264;8.34;80796.317
2025-02-05;8.46;8.51;8.32;8.51;97841.997
2025-02-06;8.853;8.92;8.6;8.71;390639.588
2025-02-07;8.921;9.326;8.913;9.225;344141.343
2025-02-10;9.357;9.81;9.335;9.76;286723.399
2025-02-11;9.557;9.565;9.107;9.25;152600.764
2025-02-12;9.36;9.674;9.275;9.641;134793.724
2025-02-13;9.68;9.92;9.653;9.918;529373.333
2025-02-14;10.0;10.154;9.35;9.405;412379.551
2025-02-17;9.425;9.425;9.179;9.217;37328.52
2025-02-18;9.196;9.268;9.04;9.136;59927.417
2025-02-19;9.173;9.3;9.1;9.192;39460.944
2025-02-20;9.187;9.38;9.174;9.341;19944.497
2025-02-21;9.026;9.205;9.0;9.09;341627.144
2025-02-24;8.927;9.011;8.85;8.95;44150.478
2025-02-25;8.75;9.042;8.697;8.697;64057.52
2025-02-26;9.163;9.45;8.94;9.045;141890.845
2025-02-27;8.983;9.278;8.983;9.11;42966.869
2025-02-28;8.839;8.925;8.76;8.868;16167.074
2025-03-03;8.87;9.18;8.87;9.029;50422.77
2025-03-04;8.878;9.056;8.7;8.7;80606.826
2025-03-05;9.315;9.601;9.31;9.557;435583.032
2025-03-06;9.39;9.668;9.25;9.668;119455.523
2025-03-07;9.34;9.373;9.12;9.221;104240.492
2025-03-10;9.01;9.064;8.93;8.963;23459.36
2025-03-11;8.878;9.262;8.878;9.261;82027.566
2025-03-12;9.477;9.781;9.45;9.647;97812.613
2025-03-13;9.46;9.9;9.46;9.9;186542.523
2025-03-14;9.979;10.05;9.708;9.72;164347.407
2025-03-17;10.036;10.036;9.782;9.924;11371.21
2025-03-18;10.026;10.28;10.01;10.19;45220.292
2025-03-19;10.326;10.634;10.312;10.634;432337.78
2025-03-20;10.762;10.764;10.568;10.73;92422.572
2025-03-21;10.55;10.698;10.428;10.698;103324.726
2025-03-24;10.992;11.06;10.74;10.74;76153.098
2025-03-25;10.858;11.198;10.82;11.18;73882.992
2025-03-26;11.612;11.612;11.252;11.3;209337.048
2025-03-27;11.372;11.372;10.754;10.9;148174.296
2025-03-28;10.76;10.92;10.76;10.844;26018.658
2025-03-31;10.662;10.67;10.36;10.446;89548.952
2025-04-01;10.604;10.716;10.36;10.452;252431.51
2025-04-02;10.416;10.652;10.416;10.452;59963.364
2025-04-03;9.608;9.871;9.378;9.404;401768.665
2025-04-04;9.08;9.152;7.9;8.303;517546.089
2025-04-07;7.4;7.883;6.93;7.244;460244.962
2025-04-08;7.429;7.454;7.101;7.106;79943.893
2025-04-09;6.889;7.118;6.8;7.003;179829.134
2025-04-10;7.764;7.764;7.4;7.68;159878.961
2025-04-11;7.613;7.777;7.42;7.777;35007.477
2025-04-14;7.902;8.16;7.902;8.132;39141.737
2025-04-15;8.27;8.38;7.961;8.24;148529.622
2025-04-16;7.976;8.355;7.96;8.346;32333.786
2025-04-17;8.155;8.32;8.085;8.32;30745.089
2025-04-22;8.572;8.885;8.523;8.885;139055.566
2025-04-23;9.148;9.25;8.936;8.936;158000.693
2025-04-24;9.059;9.1;8.92;8.986;20215.548
2025-04-25;8.815;8.883;8.615;8.883;63983.455
2025-04-28;8.935;9.238;8.906;8.906;19451.253
2025-04-29;9.001;9.2;9.001;9.129;15855.846
2025-04-30;8.481;8.481;7.7;8.017;362947.516
2025-05-02;8.282;8.395;8.1;8.1;182281.464
2025-05-05;8.447;8.491;8.218;8.252;88445.683
2025-05-06;8.31;8.601;8.228;8.601;58827.667
2025-05-07;8.35;8.381;8.04;8.12;115455.647
2025-05-08;7.991;8.119;7.779;7.966;147704.828
2025-05-09;7.727;8.28;7.72;8.17;196919.275
2025-05-12;8.368;8.438;8.12;8.12;139885.391
2025-05-13;8.352;8.499;8.268;8.468;86327.488
2025-05-14;8.452;8.477;8.137;8.137;162901.057
2025-05-15;8.02;8.24;7.94;8.239;75634.235
2025-05-16;8.167;8.167;7.97;7.97;150830.593
2025-05-19;8.104;8.2;8.021;8.2;60279.41
2025-05-20;7.988;8.16;7.922;8.121;146306.003
2025-05-21;8.29;8.3;8.21;8.21;33076.401
2025-05-22;8.25;8.286;7.92;8.21;182732.603
2025-05-23;8.35;8.58;8.15;8.574;152393.959
2025-05-26;8.761;8.794;8.683;8.735;88763.755
2025-05-27;8.503;8.53;8.452;8.452;72490.36
2025-05-28;8.464;8.5;8.22;8.24;136578.431
2025-05-29;8.3;8.44;8.16;8.16;46453.133
2025-05-30;8.13;8.328;8.1;8.12;21653.735
2025-06-02;8.841;9.048;8.825;8.865;130798.895
2025-06-03;8.363;8.733;8.3;8.707;61031.745
2025-06-04;8.789;8.9;8.783;8.8;43951.479
2025-06-05;8.947;9.412;8.934;9.14;195119.685
2025-06-06;8.87;9.069;8.758;8.891;128933.998
2025-06-09;8.761;9.043;8.7;9.043;52530.462
2025-06-10;8.878;8.95;8.789;8.911;32889.268
2025-06-11;8.839;8.839;8.484;8.56;179006.08
2025-06-12;8.497;8.56;8.381;8.56;163116.57
2025-06-13;8.302;8.467;8.187;8.467;111932.678
2025-06-16;8.559;8.62;8.46;8.504;79265.87
2025-06-17;8.557;8.561;8.486;8.492;54576.738
2025-06-18;8.66;8.66;8.563;8.613;40108.351
2025-06-19;8.507;8.553;8.43;8.43;2402.502
2025-06-20;8.316;8.682;8.3;8.473;41334.45
2025-06-23;8.5;8.64;8.484;8.64;15209.3
2025-06-24;8.785;8.85;8.653;8.653;147176.337
2025-06-25;8.79;8.807;8.73;8.757;6410.724
2025-06-26;8.906;9.328;8.906;9.321;288353.154
2025-06-27;9.241;9.29;9.055;9.278;69208.723
2025-06-30;9.23;9.239;9.076;9.141;34600.335
2025-07-01;9.387;9.42;9.222;9.228;141049.724
2025-07-02;9.174;9.47;9.156;9.47;87152.102
2025-07-03;9.48;9.48;9.277;9.277;175811.937
2025-07-04;9.077;9.077;8.922;9.002;121674.249
2025-07-07;8.85;8.86;8.83;8.83;30948.84
2025-07-08;9.002;9.012;8.771;8.815;180138.696
2025-07-09;10.998;11.028;10.476;10.504;2099783.236
2025-07-10;11.14;11.14;10.82;11.004;491513.956
2025-07-11;10.736;10.736;10.49;10.708;317095.012
2025-07-14;10.832;10.832;10.438;10.618;278001.224
2025-07-15;10.8;10.818;10.678;10.752;256604.59
2025-07-16;10.728;10.846;10.548;10.628;312289.886
2025-07-17;10.626;10.7;10.56;10.56;52920.182
2025-07-18;10.826;10.998;10.8;10.8;209369.73
2025-07-21;11.18;11.18;10.98;10.98;229059.1
2025-07-22;11.09;11.404;11.09;11.302;349706.536
2025-07-23;11.44;12.206;11.43;11.884;782701.766
2025-07-24;12.116;12.19;11.68;11.68;991534.988
2025-07-25;11.674;11.736;11.578;11.702;98610.188
2025-07-28;11.628;11.774;10.374;10.982;630431.026
2025-07-29;11.0;11.31;11.0;11.31;51356.884
2025-07-30;11.266;11.266;11.0;11.0;5546.82
2025-07-31;6.262;6.446;6.141;6.287;2587672.442
2025-08-01;6.337;6.4;6.24;6.316;589739.487
2025-08-04;6.394;6.496;6.348;6.393;579947.771
2025-08-05;6.441;6.47;6.22;6.238;298195.186
2025-08-06;6.27;6.326;6.238;6.256;148350.614
2025-08-07;6.27;6.362;6.26;6.292;109510.124
2025-08-08;6.321;6.474;6.289;6.42;253056.121
2025-08-11;6.372;6.439;6.32;6.439;61139.639
2025-08-12;6.433;6.585;6.433;6.544;258944.867
2025-08-13;6.572;6.58;6.48;6.506;182922.826
2025-08-14;6.492;6.492;6.394;6.441;69082.413
2025-08-18;6.432;6.447;6.38;6.447;22578.925
2025-08-19;6.465;6.465;6.309;6.347;75182.799
2025-08-20;6.348;6.37;6.3;6.37;53218.236
2025-08-21;6.32;6.4;6.293;6.375;44615.4
2025-08-22;6.383;6.45;6.368;6.412;28538.613
2025-08-25;6.461;6.5;6.413;6.483;125704.633
2025-08-26;6.42;6.463;6.375;6.463;52716.954
2025-08-27;6.399;6.399;6.24;6.302;263378.384
2025-08-28;6.351;6.431;6.337;6.428;177381.828
2025-08-29;6.502;6.58;6.487;6.548;482710.584
2025-09-01;6.6;6.602;6.52;6.53;235940.126
2025-09-02;6.494;6.671;6.48;6.66;704652.959
2025-09-03;6.726;6.809;6.649;6.66;591655.017
2025-09-04;6.55;6.563;6.5;6.563;82980.222
2025-09-05;6.566;6.608;6.435;6.451;142782.068
2025-09-08;6.478;6.484;6.425;6.483;186511.251
2025-09-09;6.476;6.499;6.432;6.46;137061.822
2025-09-10;6.535;6.635;6.535;6.62;252597.894
2025-09-11;6.652;6.727;6.609;6.727;119085.005
2025-09-12;6.835;6.86;6.72;6.733;276235.935
2025-09-15;6.754;6.904;6.722;6.904;120610.144
2025-09-16;6.81;6.865;6.81;6.828;163012.413
2025-09-17;6.618;6.618;6.5;6.617;643492.323
2025-09-18;6.527;6.589;6.51;6.543;101160.446
2025-09-19;6.578;6.659;6.578;6.658;52244.18
2025-09-22;6.67;6.693;6.579;6.62;107922.478
2025-09-23;6.617;6.661;6.617;6.65;109203.907
2025-09-24;6.655;7.234;6.564;7.234;591091.867
2025-09-25;7.311;7.547;7.05;7.14;649079.337
2025-09-26;7.073;7.08;6.94;6.977;185786.46
2025-09-29;7.17;7.515;7.125;7.381;449392.082
2025-09-30;7.359;7.419;7.207;7.286;89309.528
2025-10-01;7.34;7.39;7.23;7.368;184353.88
2025-10-02;7.536;7.7;7.5;7.6;374541.658
2025-10-03;7.699;8.054;7.699;8.054;308326.183
2025-10-06;7.983;8.002;7.88;7.92;247665.482
2025-10-07;8.027;8.202;7.93;8.198;176338.019
2025-10-08;8.194;8.309;8.08;8.1;435715.912
2025-10-09;8.372;8.646;8.3;8.415;1029308.879
2025-10-10;8.118;8.409;7.894;7.929;504409.526
2025-10-13;7.82;8.358;7.795;8.342;717941.174
2025-10-14;7.681;7.864;7.61;7.779;771989.244
2025-10-15;7.978;7.978;7.824;7.845;358837.244
2025-10-16;7.753;7.792;7.561;7.79;205683.973
2025-10-17;7.542;7.766;7.385;7.638;579398.404
2025-10-20;7.793;7.874;7.739;7.824;73032.196
2025-10-21;7.75;7.8;7.59;7.69;77727.955
2025-10-22;7.77;7.79;7.692;7.762;52483.819
2025-10-23;7.976;8.16;7.965;8.16;155758.795
2025-10-24;8.23;8.23;8.0;8.216;136300.215
2025-10-27;8.349;8.37;8.17;8.284;361731.122
2025-10-28;8.131;8.312;8.049;8.312;95235.004
2025-10-29;8.442;8.642;8.422;8.587;456885.328
2025-10-30;8.359;8.451;7.96;8.14;379348.404
2025-10-31;8.063;8.2;7.97;8.121;219387.181
2025-11-03;8.169;8.2;8.01;8.099;86142.563
2025-11-04;7.747;7.779;7.59;7.75;746319.059
2025-11-05;7.669;7.798;7.6;7.76;129253.39
2025-11-06;7.88;7.94;7.689;7.689;203168.479
2025-11-07;7.792;7.811;7.67;7.706;208340.783
2025-11-10;7.905;7.96;7.87;7.886;135105.746
2025-11-11;8.1;8.1;7.965;7.972;140751.096
2025-11-12;8.011;8.26;7.984;8.19;183615.531
2025-11-13;8.19;8.264;8.095;8.157;186761.65
2025-11-14;7.988;8.039;7.78;8.02;214317.068
2025-11-17;7.943;7.943;7.829;7.83;85338.276
2025-11-18;7.76;7.8;7.68;7.769;197905.578
2025-11-19;7.75;7.925;7.743;7.834;130608.182
2025-11-20;7.844;7.975;7.844;7.848;98137.257
2025-11-21;7.664;7.856;7.617;7.856;238706.44
2025-11-24;7.865;7.91;7.788;7.807;18772.17
2025-11-25;8.0;8.17;7.849;7.857;315965.365
2025-11-26;8.031;8.22;8.0;8.177;234301.178
2025-11-27;8.11;8.11;8.0;8.071;158058.941
2025-11-28;8.18;8.526;7.836;8.47;371288.916
2025-12-01;8.507;8.65;8.41;8.515;117745.766
2025-12-02;8.419;8.515;8.32;8.334;157516.974
2025-12-03;8.48;8.88;8.475;8.78;211594.899
2025-12-04;8.68;8.7;8.5;8.69;306534.158
2025-12-05;9.002;9.025;8.8;8.913;196394.984
2025-12-08;9.0;9.003;8.77;8.803;108309.574
2025-12-09;8.625;8.702;8.52;8.579;146070.512
2025-12-10;8.68;8.842;8.6;8.62;114580.579
2025-12-11;8.64;8.968;8.64;8.951;148755.278
2025-12-12;8.981;9.114;8.45;8.456;374689.444
2025-12-15;8.686;9.05;8.675;8.724;270515.129
2025-12-16;8.54;8.606;8.48;8.533;176389.908
2025-12-17;8.706;8.9;8.706;8.74;83008.871
2025-12-18;8.735;8.874;8.656;8.868;302713.445
2025-12-19;8.97;9.25;8.97;9.079;129613.21
2025-12-22;9.161;9.193;8.95;9.049;150038.895
2025-12-23;9.057;9.38;9.057;9.219;322332.706
2025-12-29;9.794;9.87;9.14;9.248;593794.578
2025-12-30;9.558;9.8;9.483;9.76;487830.154
2026-01-02;9.792;9.806;9.547;9.611;321751.996
2026-01-05;10.202;10.55;10.188;10.41;407160.666
2026-01-06;10.964;10.98;10.552;10.922;390417.008
2026-01-07;10.68;10.69;10.16;10.28;227631.876
2026-01-08;10.066;10.27;9.678;9.974;547259.417
2026-01-09;10.2;10.49;10.17;10.42;499047.798
2026-01-12;10.746;10.9;10.438;10.786;370547.46
2026-01-13;10.74;11.026;10.656;10.74;300436.944
2026-01-14;10.908;11.0;10.788;10.874;244494.724
2026-01-15;10.594;10.76;10.43;10.698;232049.776
2026-01-16;10.316;10.426;9.969;10.078;434921.78
2026-01-19;10.198;10.47;10.16;10.346;197737.786
2026-01-20;10.286;10.286;9.76;9.937;245433.102
2026-01-21;10.114;10.214;9.88;9.94;221476.844
2026-01-22;9.824;9.824;9.632;9.8;221597.293
2026-01-23;9.964;10.45;9.9;10.408;494516.336
2026-01-26;10.31;10.604;10.26;10.42;364189.934
2026-01-27;10.216;10.216;9.743;9.941;295782.526
2026-01-28;10.246;10.35;10.05;10.124;274585.708
2026-01-29;11.416;12.35;10.548;10.85;2100177.074
2026-01-30;10.45;10.74;10.11;10.238;1299654.56
2026-02-02;9.484;10.02;9.459;9.93;784802.617
2026-02-03;10.694;10.84;10.478;10.79;661385.04
2026-02-04;10.728;10.778;10.058;10.15;255179.442
2026-02-05;9.989;10.032;9.62;9.841;605378.15
2026-02-06;9.584;10.012;9.584;9.919;113434.637
2026-02-09;10.054;10.19;9.87;10.17;144010.661
2026-02-10;10.024;10.134;10.008;10.008;41782.204
2026-02-11;10.174;10.644;10.134;10.176;881077.246
2026-02-12;10.31;10.418;9.64;9.758;271921.444
2026-02-13;9.752;9.786;9.33;9.684;441359.393
2026-02-16;9.631;9.715;9.61;9.661;56680.099
2026-02-17;9.443;9.446;9.199;9.31;276228.492
2026-02-18;9.42;9.75;9.415;9.705;107774.625
2026-02-19;9.729;9.75;9.4;9.66;100248.654
2026-02-20;9.765;9.84;9.603;9.82;134518.972
2026-02-23;9.798;9.88;9.774;9.774;47020.226
2026-02-24;9.922;10.176;9.922;10.112;160192.029
2026-02-25;10.252;10.38;10.24;10.374;450251.82
2026-02-26;10.276;10.41;10.136;10.408;81520.246
2026-02-27;10.632;10.7;10.448;10.448;213475.766
2026-03-02;10.532;10.532;10.12;10.12;115438.464
2026-03-03;10.07;10.072;9.528;9.95;275845.014
2026-03-04;10.172;10.21;9.968;9.997;61760.374
2026-03-05;9.863;9.91;9.63;9.859;97341.889
2026-03-06;9.76;9.82;9.69;9.76;104270.366
2026-03-09;9.591;9.85;9.528;9.85;877786.73
2026-03-10;10.092;10.166;9.97;10.15;99051.642
2026-03-11;9.907;10.08;9.85;10.018;89093.509
2026-03-12;10.066;10.078;9.88;9.98;49712.036
2026-03-13;9.717;9.9;9.717;9.75;92912.577
2026-03-16;9.625;9.96;9.577;9.903;49694.937
2026-03-17;9.694;9.74;9.577;9.628;45960.47
2026-03-18;9.493;9.498;8.98;9.126;156226.531
2026-03-19;8.634;8.776;8.197;8.681;270906.286
2026-03-20;8.775;8.812;8.3;8.39;112674.003
2026-03-23;8.071;8.94;8.064;8.643;141619.547
2026-03-24;8.397;8.616;8.35;8.56;58025.01
2026-03-25;8.764;8.99;8.738;8.895;268027.449
2026-03-26;8.734;8.833;8.69;8.69;57296.656
2026-03-27;8.69;8.8;8.68;8.8;7943.16
