Date,EM GCC COUNTRIES IMI
2014-06-02,981.4599995277711
2014-06-03,960.2313423441011
2014-06-04,947.3326521141505
2014-06-05,958.467067509197
2014-06-06,958.4550358222384
2014-06-09,919.4736050409392
2014-06-10,910.0670778560903
2014-06-11,902.9379752206113
2014-06-12,916.2147990180245
2014-06-13,916.2089923873642
2014-06-16,868.7651356026034
2014-06-17,859.5290414426092
2014-06-18,869.8757211621092
2014-06-19,873.3444043591328
2014-06-20,873.3444043591328
2014-06-23,847.8093887663435
2014-06-24,823.8365913685844
2014-06-25,829.3127523970174
2014-06-26,816.9557472133339
2014-06-27,816.9505884041406
2014-06-30,776.5158803400992
2014-07-01,807.9554879884888
2014-07-02,849.393909947255
2014-07-03,846.6159246633171
2014-07-04,846.6213637882629
2014-07-07,862.0513285478524
2014-07-08,864.7611139466345
2014-07-09,870.6162853234753
2014-07-10,885.4609741639778
2014-07-11,885.4609741639778
2014-07-14,890.2332571953956
2014-07-15,901.5510665450278
2014-07-16,912.7141567247036
2014-07-17,917.4400426757692
2014-07-18,917.4400426757692
2014-07-21,895.1404587781526
2014-07-22,897.9015184016442
2014-07-23,890.7765715076969
2014-07-24,878.836248125497
2014-07-25,878.836248125497
2014-07-28,882.9104410515254
2014-07-29,882.9273989232208
2014-07-30,882.9273989232208
2014-07-31,894.6264825213702
2014-08-01,894.6264825213702
2014-08-04,894.3569907991167
2014-08-05,899.214351073001
2014-08-06,885.7259500399857
2014-08-07,887.940838122302
2014-08-08,887.940838122302
2014-08-11,898.4041902149605
2014-08-12,902.2789924464175
2014-08-13,913.962479702758
2014-08-14,915.1773407713923
2014-08-15,915.1597307975294
2014-08-18,918.8213066849828
2014-08-19,924.3065870710828
2014-08-20,923.4463925628645
2014-08-21,928.2193305848095
2014-08-22,928.1890697759947
2014-08-25,930.8357669631195
2014-08-26,935.9465033156064
2014-08-27,934.4310477422764
2014-08-28,902.6831279235998
2014-08-29,902.700474602367
2014-09-01,933.0038568514088
2014-09-02,935.2763165753616
2014-09-03,946.4787351637492
2014-09-04,948.14685665337
2014-09-05,948.14685665337
2014-09-08,949.3836812664896
2014-09-09,947.3230671571132
2014-09-10,935.5147853037327
2014-09-11,944.5959852952885
2014-09-12,944.5959852952885
2014-09-15,951.2392598414107
2014-09-16,949.0274381117584
2014-09-17,951.1333853394548
2014-09-18,972.2255440792399
2014-09-19,972.2255440792401
2014-09-22,955.5746513830657
2014-09-23,952.1863846886398
2014-09-24,947.7135590458787
2014-09-25,945.591527401867
2014-09-26,945.5969792529469
2014-09-29,938.7200994921246
2014-09-30,934.6179686912199
2014-10-01,935.7494727215362
2014-10-02,932.8257246034858
2014-10-03,932.8190208170631
2014-10-06,932.808349965453
2014-10-07,935.9696807563962
2014-10-08,927.4096530508815
2014-10-09,930.965057135556
2014-10-10,930.9717605538182
2014-10-13,897.8004239338168
2014-10-14,892.5599307167347
2014-10-15,881.9019344234114
2014-10-16,855.5431641162952
2014-10-17,855.5368576461759
2014-10-20,854.9808791414306
2014-10-21,864.6298633283908
2014-10-22,879.0646666049757
2014-10-23,887.6162720804891
2014-10-24,887.6424812160259
2014-10-27,891.2219087671168
2014-10-28,891.5244962866675
2014-10-29,899.3537075139752
2014-10-30,877.3052981325025
2014-10-31,877.2810376708188
2014-11-03,897.2096998620812
2014-11-04,895.9552184504248
2014-11-05,871.467560892579
2014-11-06,872.6157000738966
2014-11-07,872.6157000738966
2014-11-10,895.4006652602905
2014-11-11,897.1369557087382
2014-11-12,895.1732015945536
2014-11-13,902.9830736821795
2014-11-14,902.9699490424227
2014-11-17,897.4809087113915
2014-11-18,905.3245978073209
2014-11-19,907.2247735009685
2014-11-20,908.3528137313853
2014-11-21,908.3528137313853
2014-11-24,909.0544040659182
2014-11-25,888.0953209547883
2014-11-26,882.1163868136409
2014-11-27,880.7283238342118
2014-11-28,880.7053714276118
2014-12-01,850.5340081745874
2014-12-02,846.3889205341053
2014-12-03,839.9250420579368
2014-12-04,837.9033248117378
2014-12-05,837.8782420674474
2014-12-08,827.2119353194171
2014-12-09,806.8545524942017
2014-12-10,808.1339782853472
2014-12-11,762.6627760093807
2014-12-12,762.6627760093807
2014-12-15,735.5500520241383
2014-12-16,697.3133362091492
2014-12-17,708.3412164275732
2014-12-18,740.9989278123368
2014-12-19,740.9989278123369
2014-12-22,807.6759828876562
2014-12-23,788.7052945654148
2014-12-24,803.3187655869375
2014-12-25,808.1538847352358
2014-12-26,808.1538847352358
2014-12-29,814.2317889328418
2014-12-30,791.770635466494
2014-12-31,795.2123612922427
2015-01-01,795.2123612922427
2015-01-02,795.1898395133297
2015-01-05,770.2187571245918
2015-01-06,751.9637837132692
2015-01-07,766.3578165733217
2015-01-08,788.4662264676634
2015-01-09,788.4662264676634
2015-01-12,774.0847752749376
2015-01-13,784.842305651372
2015-01-14,781.1812973032537
2015-01-15,778.5942845658079
2015-01-16,778.6235007172111
2015-01-19,784.4253582418773
2015-01-20,779.7572658537824
2015-01-21,777.0239819966014
2015-01-22,769.606351375297
2015-01-23,769.5720487773385
2015-01-26,767.2898012729536
2015-01-27,770.5608477005567
2015-01-28,770.0452866300633
2015-01-29,758.539404099325
2015-01-30,758.4868738367876
2015-02-02,780.3796415982813
2015-02-03,795.8459972652792
2015-02-04,797.063989247418
2015-02-05,798.7196210377585
2015-02-06,798.7196210377585
2015-02-09,803.8989435731776
2015-02-10,802.3061578006215
2015-02-11,802.2979075098324
2015-02-12,801.4512576875887
2015-02-13,801.451257687589
2015-02-16,801.468888926893
2015-02-17,802.2117742848877
2015-02-18,804.3131423216975
2015-02-19,804.2897316820938
2015-02-20,804.2897316820938
2015-02-23,803.9728503439602
2015-02-24,805.2677922279919
2015-02-25,807.3378361788574
2015-02-26,806.5765161203692
2015-02-27,806.5571551164008
2015-03-02,806.2830682385298
2015-03-03,799.8286871395917
2015-03-04,790.2148789577723
2015-03-05,788.1689363932761
2015-03-06,788.1689363932761
2015-03-09,790.7187099263629
2015-03-10,790.9212217188772
2015-03-11,780.3331052486413
2015-03-12,778.9617430037572
2015-03-13,778.9617430037574
2015-03-16,751.9045633648824
2015-03-17,745.8345127794988
2015-03-18,726.5300769683861
2015-03-19,738.7985885981775
2015-03-20,738.7985885981775
2015-03-23,744.0768173188973
2015-03-24,752.4003346102945
2015-03-25,739.5836753744264
2015-03-26,736.160930596686
2015-03-27,736.1307477883279
2015-03-30,750.6095252410797
2015-03-31,759.9767823100899
2015-04-01,754.8208183334847
2015-04-02,773.0217990091469
2015-04-03,773.0217990091469
2015-04-06,778.9225875999134
2015-04-07,786.8887970185754
2015-04-08,789.456410247563
2015-04-09,789.5271569557561
2015-04-10,789.5271569557564
2015-04-13,787.3453834110912
2015-04-14,786.9412680888772
2015-04-15,797.8545209853063
2015-04-16,816.5430885427845
2015-04-17,816.5418146497618
2015-04-20,812.9298390112683
2015-04-21,819.085253738476
2015-04-22,821.1917713663474
2015-04-23,816.3728583395226
2015-04-24,816.3904744926491
2015-04-27,826.8845078049674
2015-04-28,828.4871308812515
2015-04-29,831.1217010803579
2015-04-30,827.32341900598
2015-05-01,827.3023285206347
2015-05-04,811.3879818412092
2015-05-05,814.8394662210528
2015-05-06,819.1006407735688
2015-05-07,816.4681294146761
2015-05-08,816.4681294146761
2015-05-11,816.2341047724657
2015-05-12,814.7434250854176
2015-05-13,814.9374352242643
2015-05-14,813.5087755692299
2015-05-15,813.5087755692299
2015-05-18,814.5635464362749
2015-05-19,816.4552387923972
2015-05-20,813.9485953760652
2015-05-21,814.4172496053777
2015-05-22,814.4172496053777
2015-05-25,806.9175382657689
2015-05-26,805.7161788241156
2015-05-27,792.8369990690626
2015-05-28,776.5352877387289
2015-05-29,776.5634846777285
2015-06-01,788.344846229772
2015-06-02,793.5021811164128
2015-06-03,795.371951036652
2015-06-04,792.1095912297511
2015-06-05,792.0903265783694
2015-06-08,783.1998439280243
2015-06-09,791.3867057307407
2015-06-10,789.7471326153853
2015-06-11,785.2281413048772
2015-06-12,785.2064554799781
2015-06-15,788.7324762604503
2015-06-16,784.0077927772716
2015-06-17,786.0157982060838
2015-06-18,785.5335669049751
2015-06-19,785.6551529914658
2015-06-22,799.2018341147208
2015-06-23,797.354131538069
2015-06-24,802.3139464327311
2015-06-25,797.9673120677588
2015-06-26,797.977531021918
2015-06-29,784.3467693521815
2015-06-30,799.329937082998
2015-07-01,792.3151107426083
2015-07-02,796.7933827966821
2015-07-03,796.7538453819861
2015-07-06,789.1230497738176
2015-07-07,785.5869569069893
2015-07-08,773.9392589467644
2015-07-09,781.4674493833406
2015-07-10,781.444307368179
2015-07-13,785.5768023893493
2015-07-14,788.4483158083547
2015-07-15,794.9443674883911
2015-07-16,794.9055868151601
2015-07-17,794.9055868151601
2015-07-20,799.6009123042478
2015-07-21,800.4871949195215
2015-07-22,800.2542387320939
2015-07-23,800.5186042363664
2015-07-24,800.5243984340266
2015-07-27,794.640292731315
2015-07-28,787.0511033584239
2015-07-29,789.9086925154087
2015-07-30,790.6059290100327
2015-07-31,790.6338889146649
2015-08-03,791.0476846997253
2015-08-04,790.6398601573671
2015-08-05,794.0472660036288
2015-08-06,792.1114929124864
2015-08-07,792.1706247550871
2015-08-10,787.3320403314088
2015-08-11,789.726631715601
2015-08-12,784.7227155464445
2015-08-13,781.806033887277
2015-08-14,781.8160515780753
2015-08-17,767.7477455092303
2015-08-18,753.7105932315661
2015-08-19,752.5358970231165
2015-08-20,732.0013708196016
2015-08-21,732.0013708196016
2015-08-24,675.1153906256554
2015-08-25,703.3368545964042
2015-08-26,700.842594040195
2015-08-27,728.5406559399279
2015-08-28,728.5672568155268
2015-08-31,745.149447473404
2015-09-01,730.0630452891171
2015-09-02,725.1087920712707
2015-09-03,726.2742762884156
2015-09-04,726.3060963660912
2015-09-07,723.3973891142106
2015-09-08,726.3567697336485
2015-09-09,736.3451567260508
2015-09-10,745.1008304915107
2015-09-11,745.1273009130265
2015-09-14,726.7094895951278
2015-09-15,727.219394140893
2015-09-16,735.4843072758639
2015-09-17,728.6815116548365
2015-09-18,728.6852205411991
2015-09-21,733.5675403647554
2015-09-22,731.092858913624
2015-09-23,731.0462103936551
2015-09-24,731.1664727066998
2015-09-25,731.1869943493085
2015-09-28,727.5231534644612
2015-09-29,719.139183179267
2015-09-30,732.8721198473218
2015-10-01,732.7729194425899
2015-10-02,732.7690971101963
2015-10-05,740.7645822623294
2015-10-06,745.8206930058614
2015-10-07,753.0715632160926
2015-10-08,748.8792510029798
2015-10-09,748.8907952040794
2015-10-12,753.8502393050908
2015-10-13,752.2935943962602
2015-10-14,747.7032236125086
2015-10-15,748.3787264769264
2015-10-16,748.3128967728599
2015-10-19,749.7694572684412
2015-10-20,746.1958113030848
2015-10-21,738.2168289345942
2015-10-22,729.8273137231643
2015-10-23,729.8688816375418
2015-10-26,731.4854355855097
2015-10-27,728.1140128430663
2015-10-28,721.8395672993895
2015-10-29,719.1250035803098
2015-10-30,719.1250035803098
2015-11-02,714.8559350899292
2015-11-03,717.5310107116462
2015-11-04,707.9589123270949
2015-11-05,707.3483121806632
2015-11-06,707.3808293724599
2015-11-09,691.0863907633827
2015-11-10,676.3550783689645
2015-11-11,673.055329068679
2015-11-12,668.5973726697966
2015-11-13,668.6386598036904
2015-11-16,657.886841174479
2015-11-17,659.9652035219647
2015-11-18,660.9285184575762
2015-11-19,668.8326054248392
2015-11-20,668.7923515698308
2015-11-23,661.5871423864126
2015-11-24,656.0129717210707
2015-11-25,653.8799728386009
2015-11-26,653.316430450899
2015-11-27,653.316430450899
2015-11-30,632.5637559632816
2015-12-01,645.3336443884897
2015-12-02,646.5502514728361
2015-12-03,644.0339025790469
2015-12-04,643.9121898995588
2015-12-07,636.595668339642
2015-12-08,617.6218917858948
2015-12-09,615.6478963842336
2015-12-10,612.0693368650856
2015-12-11,612.0642811004017
2015-12-14,603.0186096512925
2015-12-15,603.9233240278418
2015-12-16,612.3999522312209
2015-12-17,621.5149594085758
2015-12-18,621.5085390831072
2015-12-21,627.3393727556362
2015-12-22,638.4172216843403
2015-12-23,640.0713766458585
2015-12-24,640.7458320772464
2015-12-25,640.7458320772464
2015-12-28,643.8123804248776
2015-12-29,643.8795425443375
2015-12-30,647.4389095989264
2015-12-31,649.5612270591268
2016-01-01,649.5612270591268
2016-01-04,630.4889271511139
2016-01-05,631.232783734263
2016-01-06,634.3984148186958
2016-01-07,613.0246550184811
2016-01-08,613.035680675292
2016-01-11,604.4164704716766
2016-01-12,594.942954132277
2016-01-13,592.5834179068163
2016-01-14,578.5061433909231
2016-01-15,578.5326706131658
2016-01-18,544.9779454856731
2016-01-19,566.0314644322226
2016-01-20,548.8549935145362
2016-01-21,543.0813624654102
2016-01-22,543.1118916660595
2016-01-25,559.5453299658251
2016-01-26,554.598316912534
2016-01-27,566.9816973575763
2016-01-28,586.1602870161275
2016-01-29,586.1578257322168
2016-02-01,605.100186840083
2016-02-02,608.599534326242
2016-02-03,603.7779220953782
2016-02-04,619.8434795967939
2016-02-05,619.8140193522026
2016-02-08,618.1702840916104
2016-02-09,615.5847752409991
2016-02-10,613.0211421159628
2016-02-11,603.5079173279393
2016-02-12,603.5658744539734
2016-02-15,618.0691707938223
2016-02-16,623.1410091363822
2016-02-17,623.217593041883
2016-02-18,632.9401765243641
2016-02-19,632.9027504254731
2016-02-22,637.8122588333259
2016-02-23,643.4850737246701
2016-02-24,639.5813430459796
2016-02-25,636.3949515242209
2016-02-26,636.333103606717
2016-02-29,648.8973040646637
2016-03-01,655.2310991523915
2016-03-02,653.386169312078
2016-03-03,662.219151498088
2016-03-04,662.219151498088
2016-03-07,680.4344807008194
2016-03-08,684.107494732971
2016-03-09,683.1827320418784
2016-03-10,683.1484058579969
2016-03-11,683.1159575920144
2016-03-14,678.3800982814813
2016-03-15,675.4247291181799
2016-03-16,675.4668088706753
2016-03-17,691.0194317769077
2016-03-18,691.0320633321758
2016-03-21,688.7608613527607
2016-03-22,688.6306576967114
2016-03-23,688.1993527584203
2016-03-24,679.8937527881455
2016-03-25,679.8937527881455
2016-03-28,670.7762211635531
2016-03-29,679.4963059030131
2016-03-30,684.8223475261979
2016-03-31,689.5187824111655
2016-04-01,689.5183368956668
2016-04-04,686.4664749208177
2016-04-05,676.8805773789936
2016-04-06,675.621788885452
2016-04-07,683.7578777152409
2016-04-08,683.7621472706868
2016-04-11,686.4468319803208
2016-04-12,691.6729869065606
2016-04-13,694.8675662219734
2016-04-14,702.7003290578454
2016-04-15,702.704829584426
2016-04-18,701.969343420447
2016-04-19,705.0446950402653
2016-04-20,706.5823719460817
2016-04-21,711.7290689424491
2016-04-22,711.7292191420272
2016-04-25,703.9686407060373
2016-04-26,702.1349914637254
2016-04-27,701.9757715220617
2016-04-28,700.5178638992535
2016-04-29,700.4760361531959
2016-05-02,687.0940313719125
2016-05-03,674.9886769855386
2016-05-04,673.9991507530933
2016-05-05,670.0814877016553
2016-05-06,670.090093663027
2016-05-09,676.9955477540753
2016-05-10,675.0119017201288
2016-05-11,672.6884875013659
2016-05-12,674.3779000364797
2016-05-13,674.391500094925
2016-05-16,671.9760111056671
2016-05-17,673.1230702154522
2016-05-18,671.8388124930265
2016-05-19,658.2466129961537
2016-05-20,658.2552039121151
2016-05-23,651.3621929361582
2016-05-24,651.9659828935663
2016-05-25,660.9431545580273
2016-05-26,661.8528340364479
2016-05-27,661.8795014573047
2016-05-30,652.6860190711516
2016-05-31,652.0496835332146
2016-06-01,656.6237683751183
2016-06-02,651.4174346857722
2016-06-03,651.4523667215565
2016-06-06,658.9199160116975
2016-06-07,671.4775205052024
2016-06-08,677.992212100469
2016-06-09,674.8082375765646
2016-06-10,674.8127388713698
2016-06-13,666.2480427846107
2016-06-14,669.0454766482524
2016-06-15,667.4211686441951
2016-06-16,665.3797465465803
2016-06-17,665.3931684002457
2016-06-20,673.210102523356
2016-06-21,678.1695813014223
2016-06-22,680.16136866811
2016-06-23,682.2577066388253
2016-06-24,682.2393279212146
2016-06-27,670.2040185787495
2016-06-28,669.6068569504698
2016-06-29,670.2774252638025
2016-06-30,673.9814900793741
2016-07-01,674.0119597270682
2016-07-04,683.3606674742339
2016-07-05,682.9340331738157
2016-07-06,682.9341763011432
2016-07-07,682.9472500304561
2016-07-08,682.9290572542264
2016-07-11,688.2212685404147
2016-07-12,692.6233562739673
2016-07-13,702.4864728204172
2016-07-14,706.1110178385924
2016-07-15,706.1385743682645
2016-07-18,715.6764066154165
2016-07-19,717.2948713844826
2016-07-20,717.9156203284616
2016-07-21,715.1790341604673
2016-07-22,715.115534221679
2016-07-25,716.798183720756
2016-07-26,714.5331248813426
2016-07-27,716.6977533068722
2016-07-28,719.4206098884133
2016-07-29,719.4206098884134
2016-08-01,721.7632030322517
2016-08-02,714.7426932920879
2016-08-03,708.1393610884307
2016-08-04,718.7375721591765
2016-08-05,718.7047113067865
2016-08-08,730.7504227030823
2016-08-09,731.1957425461829
2016-08-10,734.0069055586199
2016-08-11,732.8440584066227
2016-08-12,732.888931930647
2016-08-15,748.1006513631173
2016-08-16,754.3375564812151
2016-08-17,752.7645515838361
2016-08-18,749.3793325672368
2016-08-19,749.3695092207911
2016-08-22,742.8026182408681
2016-08-23,739.5516637210019
2016-08-24,737.9120985534413
2016-08-25,736.6922096134161
2016-08-26,736.710338678405
2016-08-29,740.8448924804578
2016-08-30,744.0514319928893
2016-08-31,731.1002547129592
2016-09-01,726.7557633416955
2016-09-02,726.769291169649
2016-09-05,730.3263678307599
2016-09-06,724.7588754390935
2016-09-07,719.5666712756021
2016-09-08,717.3152276677852
2016-09-09,717.310696522548
2016-09-12,717.3437198121861
2016-09-13,717.3152276677857
2016-09-14,717.3780537920427
2016-09-15,715.2013383490756
2016-09-16,715.2402037209052
2016-09-19,702.3083798976007
2016-09-20,705.3663636178192
2016-09-21,703.9914966541593
2016-09-22,716.9651422248555
2016-09-23,716.94612412044
2016-09-26,717.6477166932822
2016-09-27,713.7695314102767
2016-09-28,711.3157521042085
2016-09-29,714.1246740009495
2016-09-30,714.1246740009495
2016-10-03,702.2108763515707
2016-10-04,706.4516691134945
2016-10-05,703.7490672861442
2016-10-06,702.9489041626578
2016-10-07,702.9401264118792
2016-10-10,703.9239931827163
2016-10-11,706.614998898578
2016-10-12,702.3925873191006
2016-10-13,700.3668291244902
2016-10-14,700.3177957004594
2016-10-17,693.7519888103441
2016-10-18,698.5586779776293
2016-10-19,699.6934960344449
2016-10-20,700.4663400070687
2016-10-21,700.4184346388301
2016-10-24,701.7972871773757
2016-10-25,700.2997423839298
2016-10-26,694.929263431518
2016-10-27,697.0254600950684
2016-10-28,697.0350871835648
2016-10-31,691.4854636935947
2016-11-01,692.3196014054955
2016-11-02,683.6409281347565
2016-11-03,679.9771685181864
2016-11-04,679.9918315522636
2016-11-07,678.4743329523135
2016-11-08,683.922884473273
2016-11-09,680.604014367285
2016-11-10,675.4060528785667
2016-11-11,675.4237482414882
2016-11-14,657.7459483814546
2016-11-15,655.7026310263541
2016-11-16,666.2624714014454
2016-11-17,669.9575766578074
2016-11-18,669.9575766578074
2016-11-21,666.1936110773654
2016-11-22,664.2677310890191
2016-11-23,669.4572404819174
2016-11-24,667.1146696728808
2016-11-25,667.0794133398854
2016-11-28,664.1238622100701
2016-11-29,662.0181772834297
2016-11-30,672.6406222196653
2016-12-01,676.5282098333562
2016-12-02,676.5057534669535
2016-12-05,679.1329501640512
2016-12-06,686.1760175459236
2016-12-07,692.046798854721
2016-12-08,701.4793017292184
2016-12-09,701.4704191252462
2016-12-12,718.0459704957119
2016-12-13,718.6899634199934
2016-12-14,712.8639686193347
2016-12-15,703.821089071045
2016-12-16,703.8809742696702
2016-12-19,705.7765194434753
2016-12-20,709.5949759005582
2016-12-21,708.572564681742
2016-12-22,706.3505811191079
2016-12-23,706.3493689303054
2016-12-26,705.5655251279499
2016-12-27,705.5963709818337
2016-12-28,704.3661750208473
2016-12-29,712.2651582195617
2016-12-30,712.2552558811104
2017-01-02,712.163618461859
2017-01-03,725.9929919053164
2017-01-04,728.2314355796985
2017-01-05,730.1162353888278
2017-01-06,730.1252051857557
2017-01-09,735.4713574258544
2017-01-10,736.3027049166138
2017-01-11,736.7210458199298
2017-01-12,737.4440366607522
2017-01-13,737.4298095052143
2017-01-16,735.9629853353306
2017-01-17,741.7540852142133
2017-01-18,742.5643169640987
2017-01-19,744.5229259811515
2017-01-20,744.574684789695
2017-01-23,744.3521539383429
2017-01-24,748.398451991268
2017-01-25,741.81286822292
2017-01-26,743.1755057193677
2017-01-27,743.210591066673
2017-01-30,730.7309728991078
2017-01-31,721.3859408434969
2017-02-01,721.5151835653926
2017-02-02,715.311163059372
2017-02-03,715.3025039745424
2017-02-06,724.0252289799778
2017-02-07,724.5862030659862
2017-02-08,729.1557401986494
2017-02-09,726.4553754020147
2017-02-10,726.4001264792391
2017-02-13,727.0157926077356
2017-02-14,727.6700041940074
2017-02-15,729.9395058326403
2017-02-16,736.195635263372
2017-02-17,736.2058673756088
2017-02-20,733.7606938104439
2017-02-21,736.4259351638219
2017-02-22,743.266353226003
2017-02-23,742.9495487093262
2017-02-24,742.9651345203813
2017-02-27,740.5638147876668
2017-02-28,727.1920028484858
2017-03-01,731.7555300838582
2017-03-02,732.8777259635938
2017-03-03,732.8337929239848
2017-03-06,731.7446930437134
2017-03-07,721.8339486324548
2017-03-08,720.3956297828404
2017-03-09,722.6872950501066
2017-03-10,722.6966787324295
2017-03-13,715.9323561778674
2017-03-14,714.3596217228612
2017-03-15,711.3529888944281
2017-03-16,720.6611906966966
2017-03-17,720.6655426554944
2017-03-20,721.6782249222633
2017-03-21,727.8916359083382
2017-03-22,722.72842832005
2017-03-23,725.3543227359017
2017-03-24,725.3600732071658
2017-03-27,722.483556878686
2017-03-28,723.8657260338787
2017-03-29,720.7809683196609
2017-03-30,721.95745209372
2017-03-31,721.9446594102411
2017-04-03,724.0705250636561
2017-04-04,730.4200211755094
2017-04-05,737.38754324469
2017-04-06,735.1044916843326
2017-04-07,735.2078283881195
2017-04-10,734.5100485812986
2017-04-11,731.629051731873
2017-04-12,735.5233926943255
2017-04-13,730.5017534198619
2017-04-14,730.501753419862
2017-04-17,724.6160182791164
2017-04-18,727.9068450316928
2017-04-19,729.5640298757983
2017-04-20,725.812479361954
2017-04-21,725.8140653082341
2017-04-24,719.7245506758447
2017-04-25,721.5979454149276
2017-04-26,725.0915669761721
2017-04-27,717.4346976499718
2017-04-28,717.4463067638147
2017-05-01,721.3464615442534
2017-05-02,718.7406541160424
2017-05-03,717.5171077131519
2017-05-04,718.184451944649
2017-05-05,718.1844519446491
2017-05-08,713.494523710744
2017-05-09,715.5057777690307
2017-05-10,721.4469147576938
2017-05-11,728.2055953063873
2017-05-12,728.2194118810335
2017-05-15,722.7548861293494
2017-05-16,722.8388333209404
2017-05-17,725.9617743199444
2017-05-18,722.5843634284508
2017-05-19,722.5800319053959
2017-05-22,723.1902606972833
2017-05-23,721.9782675570441
2017-05-24,719.9866715748557
2017-05-25,720.1169479411175
2017-05-26,720.1355804530036
2017-05-29,722.3744327408637
2017-05-30,719.3165671397982
2017-05-31,707.6075218972011
2017-06-01,713.025874571913
2017-06-02,712.9946083118869
2017-06-05,688.0373770784687
2017-06-06,681.563021954996
2017-06-07,685.2880656993948
2017-06-08,695.5570823687897
2017-06-09,694.8379136702794
2017-06-12,692.7210352549642
2017-06-13,692.6464962023487
2017-06-14,696.5034413416607
2017-06-15,696.6251863959834
2017-06-16,696.1546885042092
2017-06-19,690.1225683186371
2017-06-20,684.5709687430275
2017-06-21,676.195290963946
2017-06-22,682.2267351345453
2017-06-23,680.9513204631526
2017-06-26,680.9468953416564
2017-06-27,680.9424703406339
2017-06-28,683.4977883799279
2017-06-29,684.1958850516392
2017-06-30,684.1914774970886
2017-07-03,685.7837259853487
2017-07-04,682.9807901436888
2017-07-05,684.6144401155835
2017-07-06,682.1549083104846
2017-07-07,682.1593215343054
2017-07-10,685.3146231236294
2017-07-11,688.5695914158681
2017-07-12,701.2323332051658
2017-07-13,716.4365840997008
2017-07-14,716.3192732316246
2017-07-17,722.5018496318089
2017-07-18,719.4070889116466
2017-07-19,726.7522976095187
2017-07-20,724.2617788417557
2017-07-21,724.1904562110434
2017-07-24,726.873043700394
2017-07-25,727.6259159593221
2017-07-26,727.2931161003914
2017-07-27,728.9971110306
2017-07-28,729.0449651637119
2017-07-31,724.6325975822359
2017-08-01,720.790987410069
2017-08-02,727.3623287138763
2017-08-03,729.2515870114347
2017-08-04,729.2845820460496
2017-08-07,726.7918165200364
2017-08-08,727.6225423691128
2017-08-09,722.5853551154765
2017-08-10,720.5825677343821
2017-08-11,720.5825677343821
2017-08-14,710.4852101513849
2017-08-15,707.454165390343
2017-08-16,704.9171304523258
2017-08-17,708.2238076685527
2017-08-18,708.1101711792326
2017-08-21,704.4507357765042
2017-08-22,704.7129534164108
2017-08-23,706.4346153732197
2017-08-24,702.638992176744
2017-08-25,702.7137821489983
2017-08-28,704.8274248683649
2017-08-29,700.6599620433234
2017-08-30,699.9361307598662
2017-08-31,699.9799471229504
2017-09-01,699.9142270898936
2017-09-04,700.807159462284
2017-09-05,700.1637271729649
2017-09-06,695.4452203566854
2017-09-07,694.6915705960491
2017-09-08,694.6660302723374
2017-09-11,688.9703209776371
2017-09-12,688.8183195541441
2017-09-13,686.7352106584432
2017-09-14,690.5104941967047
2017-09-15,690.4002931665352
2017-09-18,685.5134039000976
2017-09-19,686.5031855551017
2017-09-20,687.137371327124
2017-09-21,687.2428853588954
2017-09-22,687.2223468419803
2017-09-25,683.8664797210889
2017-09-26,687.8016007560832
2017-09-27,684.4877711092375
2017-09-28,676.8023618783062
2017-09-29,676.8388699299246
2017-10-02,678.0069021145289
2017-10-03,678.0844810979139
2017-10-04,674.2988342036082
2017-10-05,672.1595219562697
2017-10-06,672.1456910329457
2017-10-09,675.4633430709661
2017-10-10,677.6563460499316
2017-10-11,684.2363861365126
2017-10-12,686.2954211255463
2017-10-13,686.2079446109352
2017-10-16,686.2597414826256
2017-10-17,680.0986320987089
2017-10-18,675.8998116366531
2017-10-19,679.20354703429
2017-10-20,679.2129583723786
2017-10-23,674.8833696606031
2017-10-24,675.6886965295583
2017-10-25,678.2430234404503
2017-10-26,674.130377052942
2017-10-27,674.1350186627885
2017-10-30,676.9295699091973
2017-10-31,675.2173137526414
2017-11-01,676.1323145453906
2017-11-02,674.8445639385234
2017-11-03,674.8307050433916
2017-11-06,662.7683837971864
2017-11-07,655.627114287831
2017-11-08,646.2243482080081
2017-11-09,650.200975784795
2017-11-10,650.2098452452751
2017-11-13,650.0967403205002
2017-11-14,650.0844279711197
2017-11-15,643.4386531610406
2017-11-16,642.9168866156133
2017-11-17,642.912497231129
2017-11-20,635.4235705352082
2017-11-21,636.5267902089009
2017-11-22,638.2195678950815
2017-11-23,636.1121410245303
2017-11-24,636.1251999976613
2017-11-27,637.6010701380078
2017-11-28,635.0269908242846
2017-11-29,634.6868624698646
2017-11-30,632.4944642893255
2017-12-01,632.485666261655
2017-12-04,645.5477249919933
2017-12-05,643.0281596357088
2017-12-06,640.1843344036087
2017-12-07,638.009987606502
2017-12-08,638.009987606502
2017-12-11,649.4876367322934
2017-12-12,658.6518915153185
2017-12-13,660.2529872776873
2017-12-14,657.1505131531915
2017-12-15,657.1505131531915
2017-12-18,661.1804174502067
2017-12-19,673.0122234541659
2017-12-20,672.5024825277593
2017-12-21,673.2465293105113
2017-12-22,673.2115413796553
2017-12-25,669.1712043322718
2017-12-26,664.2312178441904
2017-12-27,668.0053028769698
2017-12-28,673.4434149884555
2017-12-29,673.3588930160067
2018-01-01,672.0267200524023
2018-01-02,679.776859744898
2018-01-03,684.1203798500899
2018-01-04,687.6054812469945
2018-01-05,687.6146271513082
2018-01-08,704.8436366102939
2018-01-09,707.6565897682484
2018-01-10,708.6958956901913
2018-01-11,710.8830894675751
2018-01-12,710.8739123966301
2018-01-15,705.0430954281097
2018-01-16,713.906113997254
2018-01-17,714.1399118598018
2018-01-18,714.801591741529
2018-01-19,714.806228310853
2018-01-22,712.977281793449
2018-01-23,715.7618546273648
2018-01-24,717.6524265388458
2018-01-25,721.3607041705123
2018-01-26,721.3699367424755
2018-01-29,719.8691719928299
2018-01-30,713.9092226432789
2018-01-31,703.522032384596
2018-02-01,705.3613337181878
2018-02-02,705.3613337181878
2018-02-05,686.7854911378647
2018-02-06,671.3655669101166
2018-02-07,685.9650409163903
2018-02-08,682.8038201440646
2018-02-09,682.8980460038296
2018-02-12,685.9862359812117
2018-02-13,687.7266640574699
2018-02-14,688.8265004255957
2018-02-15,685.4692095184903
2018-02-16,685.4692095184902
2018-02-19,688.3598841709241
2018-02-20,686.8123267939515
2018-02-21,688.6981947322471
2018-02-22,689.5931073108792
2018-02-23,689.5842324696536
2018-02-26,683.8498469986423
2018-02-27,680.8667337222679
2018-02-28,670.3678730538935
2018-03-01,671.6208410594761
2018-03-02,671.6208410594761
2018-03-05,666.3830821779067
2018-03-06,666.7712646648031
2018-03-07,661.5235414068288
2018-03-08,659.0087466676382
2018-03-09,659.0131823454317
2018-03-12,675.4590881020084
2018-03-13,681.4857279834491
2018-03-14,676.3437597162751
2018-03-15,681.5002718356513
2018-03-16,681.4913573555241
2018-03-19,686.2224236196311
2018-03-20,691.2228328898118
2018-03-21,688.8516708794864
2018-03-22,689.7773513332869
2018-03-23,689.7595714260524
2018-03-26,685.1138194413084
2018-03-27,680.9304796861495
2018-03-28,672.5263134298435
2018-03-29,677.9372549425169
2018-03-30,677.9372549425169
2018-04-02,682.8910889600029
2018-04-03,681.62603676383
2018-04-04,679.2393903469701
2018-04-05,688.3395150742316
2018-04-06,688.3483654275449
2018-04-09,692.8917669396736
2018-04-10,697.8118084987079
2018-04-11,701.427653723462
2018-04-12,694.5547199017376
2018-04-13,694.541359594805
2018-04-16,697.7774020991858
2018-04-17,698.676244199814
2018-04-18,700.8173889671444
2018-04-19,708.6073509866825
2018-04-20,708.598433301491
2018-04-23,703.9311209432237
2018-04-24,696.9204655703115
2018-04-25,694.8099300491089
2018-04-26,698.2263783741474
2018-04-27,698.2263783741474
2018-04-30,700.8008987514495
2018-05-01,697.169349436766
2018-05-02,692.8314426358427
2018-05-03,679.3017787203686
2018-05-04,679.3017787203686
2018-05-07,683.1756833575959
2018-05-08,675.2932331413248
2018-05-09,668.4495472724699
2018-05-10,663.2826577151013
2018-05-11,663.2826577151013
2018-05-14,675.4378715479336
2018-05-15,677.8558593675058
2018-05-16,678.6911950391251
2018-05-17,671.1811004903503
2018-05-18,671.1811004903503
2018-05-21,677.8832086455689
2018-05-22,683.403798782495
2018-05-23,684.1068463153043
2018-05-24,686.9581247114123
2018-05-25,686.9581247114123
2018-05-28,688.0944643086522
2018-05-29,689.0231375556064
2018-05-30,678.4315885993864
2018-05-31,680.4974630632684
2018-06-01,680.4974630632685
2018-06-04,697.287847853178
2018-06-05,706.0346613915565
2018-06-06,708.3522097457721
2018-06-07,706.4890277489577
2018-06-08,706.4890277489577
2018-06-11,708.0884778326379
2018-06-12,704.6407317497114
2018-06-13,697.0402403082962
2018-06-14,698.4995175242399
2018-06-15,698.4995175242399
2018-06-18,689.3900633288825
2018-06-19,685.9884059897985
2018-06-20,672.6786957219005
2018-06-21,673.8455186652319
2018-06-22,673.8455186652319
2018-06-25,672.169552976803
2018-06-26,668.1852012802115
2018-06-27,667.2317489390623
2018-06-28,671.8894931464187
2018-06-29,671.8894931464187
2018-07-02,678.3324075030757
2018-07-03,679.4247873514815
2018-07-04,683.2803556716065
2018-07-05,684.9712976110029
2018-07-06,684.9784934090693
2018-07-09,686.6879852751416
2018-07-10,696.0344917692806
2018-07-11,695.3527800797928
2018-07-12,690.8156009297788
2018-07-13,690.8156009297788
2018-07-16,701.455211762952
2018-07-17,700.4688790386797
2018-07-18,699.5289098931825
2018-07-19,698.716407555497
2018-07-20,698.7164075554969
2018-07-23,701.5226958808979
2018-07-24,708.1977734081113
2018-07-25,709.2179693515338
2018-07-26,710.4445321015261
2018-07-27,710.4445321015261
2018-07-30,714.5292720625015
2018-07-31,726.9685288454676
2018-08-01,736.1789855728263
2018-08-02,736.4727588566046
2018-08-03,736.4764803077908
2018-08-06,734.0039612788072
2018-08-07,734.4147711479013
2018-08-08,735.5704747113022
2018-08-09,730.1720561695795
2018-08-10,730.1131659623409
2018-08-13,705.6353827639053
2018-08-14,710.3191920406605
2018-08-15,708.8480880271746
2018-08-16,703.4384123888939
2018-08-17,703.4384123888939
2018-08-20,701.5500331481517
2018-08-21,701.5500331481517
2018-08-22,701.5500331481517
2018-08-23,701.5500331481517
2018-08-24,701.5500331481517
2018-08-27,719.88047772604
2018-08-28,723.7780193433128
2018-08-29,724.5779823172635
2018-08-30,730.5574026240508
2018-08-31,730.6460612855054
2018-09-03,724.221031447184
2018-09-04,729.7930234322372
2018-09-05,727.0460772583538
2018-09-06,726.07245928603
2018-09-07,726.0724592860302
2018-09-10,730.085465033228
2018-09-11,731.1886003689813
2018-09-12,729.5791956650062
2018-09-13,731.2627456894832
2018-09-14,731.2810004939278
2018-09-17,716.428763579343
2018-09-18,717.2479790843603
2018-09-19,717.4377608707325
2018-09-20,716.5908742460865
2018-09-21,716.5872780555392
2018-09-24,714.9159740449161
2018-09-25,716.0629598150776
2018-09-26,716.4329628152993
2018-09-27,723.8007766186155
2018-09-28,723.8007766186155
2018-10-01,724.7500394475335
2018-10-02,726.2095717047908
2018-10-03,728.6227265631422
2018-10-04,728.8925499787533
2018-10-05,728.8508485422932
2018-10-08,721.4372304418106
2018-10-09,722.3092145694445
2018-10-10,730.4310761535428
2018-10-11,723.1316923020266
2018-10-12,723.1316923020266
2018-10-15,715.8752587472574
2018-10-16,725.3510849572979
2018-10-17,733.5910422248609
2018-10-18,737.1118695329087
2018-10-19,737.1082186842972
2018-10-22,740.340114369045
2018-10-23,743.219560650313
2018-10-24,737.4572307973706
2018-10-25,737.6865049092589
2018-10-26,737.6865049092589
2018-10-29,739.4075805697639
2018-10-30,735.218794251886
2018-10-31,751.8952867478689
2018-11-01,750.7136743192991
2018-11-02,750.7136743192991
2018-11-05,762.5565840977551
2018-11-06,755.7833636751881
2018-11-07,748.5346998874855
2018-11-08,756.5799900118136
2018-11-09,756.5799900118137
2018-11-12,750.6598827034204
2018-11-13,746.3169999051702
2018-11-14,742.775053503881
2018-11-15,751.2917091259088
2018-11-16,751.2917091259088
2018-11-19,762.273740978177
2018-11-20,748.8859885426162
2018-11-21,751.5048537916833
2018-11-22,755.0579211910688
2018-11-23,755.0261964688035
2018-11-26,753.0128617957007
2018-11-27,752.1890032248955
2018-11-28,748.8193297893126
2018-11-29,744.0672624066746
2018-11-30,744.0602758220864
2018-12-03,746.1088564741661
2018-12-04,757.7020757566461
2018-12-05,748.3547681269431
2018-12-06,749.0323285014165
2018-12-07,749.0247522535141
2018-12-10,740.3918767936725
2018-12-11,740.6199562557853
2018-12-12,743.1732176768649
2018-12-13,747.7724593684111
2018-12-14,747.772459368411
2018-12-17,747.7078489894964
2018-12-18,744.4678793660494
2018-12-19,747.8546011112551
2018-12-20,740.7047037708236
2018-12-21,740.7197161613103
2018-12-24,737.6041974351509
2018-12-25,728.5201952143418
2018-12-26,729.3810975664377
2018-12-27,735.0698884279806
2018-12-28,735.0396254461282
2018-12-31,738.647387304574
2019-01-01,738.6473873045738
2019-01-02,733.5430066771861
2019-01-03,738.9572510028788
2019-01-04,738.926900142615
2019-01-07,748.5351206395736
2019-01-08,746.6820284544299
2019-01-09,750.4650474319897
2019-01-10,755.4223925074954
2019-01-11,755.4537010570264
2019-01-14,755.3869742642539
2019-01-15,756.3197155480913
2019-01-16,755.8731487755194
2019-01-17,757.5701200927051
2019-01-18,757.5701200927051
2019-01-21,754.5706443567265
2019-01-22,754.3801617160249
2019-01-23,754.3318496881099
2019-01-24,759.3174637740221
2019-01-25,759.3050400982894
2019-01-28,762.4445805776741
2019-01-29,762.5710767165596
2019-01-30,761.2195663984363
2019-01-31,766.0592818273875
2019-02-01,766.0791522454663
2019-02-04,766.5963575276551
2019-02-05,765.7598004744947
2019-02-06,764.3591091527675
2019-02-07,753.8575976693863
2019-02-08,753.8537374880635
2019-02-11,739.895310354841
2019-02-12,738.1560677972614
2019-02-13,731.3866705930924
2019-02-14,724.580876757974
2019-02-15,724.5519454684631
2019-02-18,725.7062249885668
2019-02-19,723.9676514141943
2019-02-20,734.837208244169
2019-02-21,744.0910907505757
2019-02-22,744.0481410946494
2019-02-25,746.9346596941795
2019-02-26,757.6251759086546
2019-02-27,755.3059862487579
2019-02-28,750.134130625815
2019-03-01,750.0963224287589
2019-03-04,749.1105398481286
2019-03-05,739.9905035510518
2019-03-06,737.7106222508781
2019-03-07,728.609022542249
2019-03-08,728.6378328279832
2019-03-11,724.4255023300144
2019-03-12,724.1639110079667
2019-03-13,722.0009901771866
2019-03-14,736.5572187706425
2019-03-15,736.5572187706425
2019-03-18,745.7601893056636
2019-03-19,741.0286876313248
2019-03-20,745.1593388999279
2019-03-21,746.9376693676309
2019-03-22,746.9376693676309
2019-03-25,746.848588650093
2019-03-26,744.2396185665118
2019-03-27,748.1132814840121
2019-03-28,751.5521890737843
2019-03-29,751.5562794932835
2019-04-01,750.7390114376763
2019-04-02,751.9751142166664
2019-04-03,749.3967772901545
2019-04-04,748.994297493398
2019-04-05,748.994297493398
2019-04-08,760.3968784887519
2019-04-09,760.541017604412
2019-04-10,760.7510548978156
2019-04-11,759.9839728183206
2019-04-12,759.9921775264527
2019-04-15,763.563963512782
2019-04-16,765.0508516271211
2019-04-17,768.8923895697259
2019-04-18,773.9865521853166
2019-04-19,773.9865521853166
2019-04-22,783.226827348479
2019-04-23,786.628802353122
2019-04-24,792.435925151242
2019-04-25,793.4551107600836
2019-04-26,793.4239459765029
2019-04-29,788.0379942513769
2019-04-30,785.51671062846
2019-05-01,784.5232107720585
2019-05-02,786.9483257035233
2019-05-03,786.882902797219
2019-05-06,769.6266775231186
2019-05-07,764.3307658217198
2019-05-08,757.942946372263
2019-05-09,743.6746281957281
2019-05-10,743.7283547860104
2019-05-13,715.5077746972594
2019-05-14,716.6621509761912
2019-05-15,715.3924397664059
2019-05-16,712.2110090866132
2019-05-17,712.2427936182614
2019-05-20,705.2759605363062
2019-05-21,702.5635522934983
2019-05-22,705.2923463331639
2019-05-23,705.3048668821201
2019-05-24,705.3593996731474
2019-05-27,707.8532552940619
2019-05-28,714.801076360954
2019-05-29,712.130948474106
2019-05-30,728.4149539336423
2019-05-31,728.4152067990384
2019-06-03,728.4730836369399
2019-06-04,728.4666687227212
2019-06-05,728.4666687227212
2019-06-06,728.4709452739843
2019-06-07,728.4451808557603
2019-06-10,748.857572159878
2019-06-11,756.0016304997071
2019-06-12,760.9251778032168
2019-06-13,747.9059567195263
2019-06-14,747.9080636942667
2019-06-17,745.9896325105764
2019-06-18,747.7849049570729
2019-06-19,748.6056951649664
2019-06-20,754.4100788113184
2019-06-21,754.3908631517784
2019-06-24,735.8876279483613
2019-06-25,735.407779649417
2019-06-26,734.8956873683801
2019-06-27,740.177675268145
2019-06-28,740.1910346940641
2019-07-01,745.258922240305
2019-07-02,745.2057203306103
2019-07-03,746.1612265871148
2019-07-04,745.2828530853193
2019-07-05,745.2894539665273
2019-07-08,741.0335582409987
2019-07-09,743.8313768859019
2019-07-10,748.9785166987662
2019-07-11,753.0097760253934
2019-07-12,753.0505915435042
2019-07-15,756.5317490040512
2019-07-16,758.6821193986972
2019-07-17,759.4234028317248
2019-07-18,760.254084502813
2019-07-19,760.2540845028128
2019-07-22,757.6417221590252
2019-07-23,755.1060825225283
2019-07-24,756.8693253484909
2019-07-25,762.4109377971912
2019-07-26,762.3346185623063
2019-07-29,757.5158653225105
2019-07-30,757.8984315035025
2019-07-31,755.0638124278582
2019-08-01,748.528909168082
2019-08-02,748.5316189655068
2019-08-05,721.6518067151543
2019-08-06,716.9623864884062
2019-08-07,723.9746908717049
2019-08-08,725.025105913865
2019-08-09,725.0361115613987
2019-08-12,725.0467320496124
2019-08-13,725.0467320496124
2019-08-14,718.8104397962707
2019-08-15,717.2972365494378
2019-08-16,717.2865252831722
2019-08-19,721.2017711974892
2019-08-20,726.537374667661
2019-08-21,723.1898200035928
2019-08-22,721.0217452940594
2019-08-23,721.039026225635
2019-08-26,706.8517626349175
2019-08-27,719.6991783636571
2019-08-28,711.9860731821711
2019-08-29,708.725729276347
2019-08-30,708.6805246082482
2019-09-02,707.9303233599726
2019-09-03,703.9266181179108
2019-09-04,712.6543405830346
2019-09-05,710.2399610699099
2019-09-06,710.3210056959291
2019-09-09,709.4004812275717
2019-09-10,706.1835128350887
2019-09-11,701.3780588467885
2019-09-12,698.8651662045977
2019-09-13,698.9476201320193
2019-09-16,701.6720610849961
2019-09-17,697.9520890513717
2019-09-18,700.7011820111593
2019-09-19,707.7414075768111
2019-09-20,707.776422344461
2019-09-23,704.4750710083968
2019-09-24,709.3752772739765
2019-09-25,709.3503018145548
2019-09-26,707.695951532829
2019-09-27,707.7074638361042
2019-09-30,708.3865799733438
2019-10-01,706.528568083729
2019-10-02,700.2027171275549
2019-10-03,695.6683384964571
2019-10-04,695.6797675446936
2019-10-07,693.4254548946926
2019-10-08,691.7462956700165
2019-10-09,683.5811684769466
2019-10-10,683.415158716865
2019-10-11,683.4151587168649
2019-10-14,680.9870462028482
2019-10-15,675.2256967842784
2019-10-16,677.5201299437313
2019-10-17,684.3113375082006
2019-10-18,684.3113375082006
2019-10-21,690.3716513564567
2019-10-22,697.1223081415176
2019-10-23,697.8026529056051
2019-10-24,700.0619808313872
2019-10-25,700.0619808313872
2019-10-28,689.4395162876336
2019-10-29,683.044279732025
2019-10-30,691.47079493857
2019-10-31,686.5024568569652
2019-11-01,686.5102646576973
2019-11-04,681.8769795780871
2019-11-05,692.9175848872005
2019-11-06,690.3507469808948
2019-11-07,693.0546890889991
2019-11-08,693.0328063092904
2019-11-11,698.4661731638356
2019-11-12,700.546770865191
2019-11-13,697.443676947158
2019-11-14,700.2303113429839
2019-11-15,700.2303113429839
2019-11-18,700.7071520902165
2019-11-19,705.4246966973343
2019-11-20,706.0821493109747
2019-11-21,703.9715068838663
2019-11-22,703.9901701253253
2019-11-25,703.1196135750378
2019-11-26,691.7500940937409
2019-11-27,690.02537522631
2019-11-28,689.3520915398016
2019-11-29,689.385837141332
2019-12-02,687.8437965913118
2019-12-03,691.0503847862947
2019-12-04,692.1575927043436
2019-12-05,695.0943281691839
2019-12-06,695.0943281691839
2019-12-09,705.1544453077921
2019-12-10,702.7548768861872
2019-12-11,706.6450600646857
2019-12-12,697.9602913024976
2019-12-13,697.9320041737125
2019-12-16,703.9718413696343
2019-12-17,710.9208603169549
2019-12-18,715.9125041430619
2019-12-19,719.1099903139828
2019-12-20,719.1220178347622
2019-12-23,730.3002196935308
2019-12-24,728.1726613620375
2019-12-25,723.7131204074351
2019-12-26,722.6101024694277
2019-12-27,722.6101024694277
2019-12-30,722.384151363693
2019-12-31,723.658720496
2020-01-01,721.8270672746828
2020-01-02,725.0536688846403
2020-01-03,724.9812768016286
2020-01-06,710.3745030733862
2020-01-07,711.2382061577356
2020-01-08,705.9156542123796
2020-01-09,720.9968008345668
2020-01-10,720.9727099767509
2020-01-13,728.3464751479139
2020-01-14,732.4575975335523
2020-01-15,730.3267575382076
2020-01-16,732.5174831996254
2020-01-17,732.5174831996254
2020-01-20,733.024733668422
2020-01-21,730.5896515200682
2020-01-22,729.7647777531605
2020-01-23,725.6231340731194
2020-01-24,725.5990774603652
2020-01-27,708.5179432207028
2020-01-28,706.5404876460073
2020-01-29,707.5228325537036
2020-01-30,711.358118352088
2020-01-31,711.3386164899692
2020-02-03,699.6821502193876
2020-02-04,702.1538921185089
2020-02-05,700.1901117417439
2020-02-06,696.4237775444856
2020-02-07,696.4242925092788
2020-02-10,690.921673395907
2020-02-11,685.2876770437973
2020-02-12,684.4180442303513
2020-02-13,680.1679360784166
2020-02-14,680.1679360784166
2020-02-17,678.3924518288914
2020-02-18,679.3700931745287
2020-02-19,687.1606272835022
2020-02-20,688.8861807945996
2020-02-21,688.874749000112
2020-02-24,669.8194456306093
2020-02-25,669.2452190653922
2020-02-26,661.6414657502779
2020-02-27,657.1611744832359
2020-02-28,657.2761837808657
2020-03-02,633.5265112703904
2020-03-03,646.9471387971366
2020-03-04,644.7354911002468
2020-03-05,643.2120554451554
2020-03-06,643.2067121297107
2020-03-09,547.8461248883748
2020-03-10,581.9564239480467
2020-03-11,572.1878479112447
2020-03-12,548.8723679577485
2020-03-13,548.8723679577483
2020-03-16,523.4094559268649
2020-03-17,529.0069517904087
2020-03-18,537.2463788124068
2020-03-19,550.2201964223887
2020-03-20,550.1752980539301
2020-03-23,524.723455299224
2020-03-24,539.8386750458792
2020-03-25,551.9680883005325
2020-03-26,555.2398964405149
2020-03-27,555.1485325015841
2020-03-30,553.4763703672952
2020-03-31,558.7844704629623
2020-04-01,563.6983919456557
2020-04-02,580.9040187166123
2020-04-03,580.9125585534474
2020-04-06,590.1904203399948
2020-04-07,607.3076476620389
2020-04-08,608.1431830869403
2020-04-09,611.8955835851502
2020-04-10,611.8955835851502
2020-04-13,597.4249947778726
2020-04-14,604.6365781186962
2020-04-15,598.4377617064512
2020-04-16,580.7515698440274
2020-04-17,580.848407123523
2020-04-20,575.8415828143283
2020-04-21,565.3487311574294
2020-04-22,574.2268633879943
2020-04-23,579.2541817908368
2020-04-24,579.2531744514678
2020-04-27,595.0730411429826
2020-04-28,599.6198202482981
2020-04-29,606.6512712241057
2020-04-30,616.1537877525393
2020-05-01,616.1006826116833
2020-05-04,581.1874070778033
2020-05-05,590.5832570479906
2020-05-06,584.7773576288766
2020-05-07,584.6940644450863
2020-05-08,584.6940644450863
2020-05-11,584.9794422737832
2020-05-12,591.034677795442
2020-05-13,590.4528175721726
2020-05-14,590.6034616993696
2020-05-15,590.7020110643125
2020-05-18,602.630642176549
2020-05-19,611.579631798451
2020-05-20,614.3023669210922
2020-05-21,615.749385413683
2020-05-22,615.7858141579127
2020-05-25,615.6817500388306
2020-05-26,615.6765482870408
2020-05-27,616.8236293141455
2020-05-28,616.5561621985931
2020-05-29,616.2438866732365
2020-06-01,634.7342419420446
2020-06-02,637.7646367402552
2020-06-03,636.4157318328535
2020-06-04,637.603116056152
2020-06-05,637.603116056152
2020-06-08,645.7442973901523
2020-06-09,645.0339429064062
2020-06-10,643.235405061586
2020-06-11,641.9099597971307
2020-06-12,641.7428768580759
2020-06-15,635.8427767797676
2020-06-16,639.6801724035746
2020-06-17,642.468121741832
2020-06-18,645.9430008582731
2020-06-19,645.9430008582732
2020-06-22,640.135340848757
2020-06-23,640.5682154518661
2020-06-24,636.7953362958491
2020-06-25,636.2509541653227
2020-06-26,636.2565055126166
2020-06-29,637.0476362731657
2020-06-30,631.6901216278861
2020-07-01,634.4055126291582
2020-07-02,640.4175878268362
2020-07-03,640.4624433310079
2020-07-06,643.9485373208317
2020-07-07,644.797566554233
2020-07-08,642.6961746808876
2020-07-09,645.6591969525715
2020-07-10,645.6876087416251
2020-07-13,644.6070360474432
2020-07-14,642.2601567071845
2020-07-15,644.2532943792066
2020-07-16,643.4508306166324
2020-07-17,643.4508306166325
2020-07-20,640.5976718125144
2020-07-21,643.3321527156053
2020-07-22,643.8699597888143
2020-07-23,642.9408097643006
2020-07-24,642.9971255825416
2020-07-27,645.6631757442445
2020-07-28,646.3489423652942
2020-07-29,645.6829510639426
2020-07-30,645.7851417350847
2020-07-31,645.7851417350847
2020-08-03,645.9882195556271
2020-08-04,646.3093205751715
2020-08-05,645.7325077368548
2020-08-06,650.1524857615185
2020-08-07,650.1983548677246
2020-08-10,651.0473186925334
2020-08-11,657.0423222769655
2020-08-12,659.3092632953962
2020-08-13,663.7039826531364
2020-08-14,663.6981489483971
2020-08-17,670.4321331199075
2020-08-18,677.3008471473078
2020-08-19,679.0759693630666
2020-08-20,678.5507520181773
2020-08-21,678.5922743087002
2020-08-24,685.9056731415079
2020-08-25,684.9914588689923
2020-08-26,685.14860473354
2020-08-27,682.8809278934732
2020-08-28,682.8869119755856
2020-08-31,679.2408624052871
2020-09-01,676.5515564655021
2020-09-02,682.6519666260743
2020-09-03,685.1173945827358
2020-09-04,685.1415984908585
2020-09-07,681.1680743067793
2020-09-08,683.5090535850783
2020-09-09,681.7303515245408
2020-09-10,685.6353471797611
2020-09-11,685.592490288811
2020-09-14,692.2127492442779
2020-09-15,696.8530529379422
2020-09-16,697.920919261805
2020-09-17,699.4542386364293
2020-09-18,699.4542386364293
2020-09-21,691.8987104853387
2020-09-22,690.025956401583
2020-09-23,689.0792207181813
2020-09-24,686.5358161136717
2020-09-25,686.5202262994645
2020-09-28,693.1511153569533
2020-09-29,690.3360230912713
2020-09-30,692.6828466417601
2020-10-01,692.858156600977
2020-10-02,692.8335234482793
2020-10-05,690.0563031591628
2020-10-06,697.3505206956058
2020-10-07,695.8163506132855
2020-10-08,702.377693868725
2020-10-09,702.4028203022892
2020-10-12,712.2211796568182
2020-10-13,716.3586373017907
2020-10-14,715.2521917046231
2020-10-15,711.0833791597895
2020-10-16,711.0833791597895
2020-10-19,710.1067465263858
2020-10-20,707.9246418496432
2020-10-21,704.8371640976939
2020-10-22,707.686919940612
2020-10-23,707.686919940612
2020-10-26,689.2553635227061
2020-10-27,694.334086702007
2020-10-28,689.6118045055102
2020-10-29,675.6819710631119
2020-10-30,675.7179772756904
2020-11-02,679.7051290168951
2020-11-03,678.7694714316438
2020-11-04,684.5435857341946
2020-11-05,688.7418306900673
2020-11-06,688.7296194082833
2020-11-09,707.8875380747457
2020-11-10,712.0001395140619
2020-11-11,715.865415729491
2020-11-12,716.334650997239
2020-11-13,716.3410039592272
2020-11-16,722.5845073292182
2020-11-17,724.5546327379045
2020-11-18,728.0375272479188
2020-11-19,721.2733437140881
2020-11-20,721.2511218241438
2020-11-23,727.334705722606
2020-11-24,726.697526988221
2020-11-25,732.0469836757579
2020-11-26,731.7246629322442
2020-11-27,731.7246629322442
2020-11-30,733.4491781809527
2020-12-01,733.4506655531137
2020-12-02,732.4097693493756
2020-12-03,734.6776755512249
2020-12-04,734.7187826117789
2020-12-07,737.2088012335296
2020-12-08,735.728418470537
2020-12-09,737.954618642688
2020-12-10,736.5331778072906
2020-12-11,736.5479974540484
2020-12-14,737.9940536573021
2020-12-15,737.3521652798291
2020-12-16,740.8053591810306
2020-12-17,741.4391609493779
2020-12-18,741.3546390420903
2020-12-21,732.9843184617474
2020-12-22,738.7451702745548
2020-12-23,741.0247741199835
2020-12-24,740.7330786025852
2020-12-25,740.7330786025851
2020-12-28,740.5884275350245
2020-12-29,742.2961600896124
2020-12-30,743.829311119793
2020-12-31,737.2877235828278
2021-01-01,737.2877235828278
2021-01-04,739.7094235095418
2021-01-05,745.0920643368273
2021-01-06,743.5582716462305
2021-01-07,749.370526269936
2021-01-08,749.4130432012172
2021-01-11,761.0550935302284
2021-01-12,762.3339839932481
2021-01-13,765.2523037781873
2021-01-14,764.0016647608041
2021-01-15,763.986391616731
2021-01-18,769.5975511150232
2021-01-19,769.4398062182886
2021-01-20,769.5029538282558
2021-01-21,766.5412942000344
2021-01-22,766.5919787185164
2021-01-25,764.3843549726672
2021-01-26,759.6205627201853
2021-01-27,761.3859279611781
2021-01-28,761.2996721104006
2021-01-29,761.3170880714234
2021-02-01,752.3619227905143
2021-02-02,753.5154785393645
2021-02-03,748.3140286842898
2021-02-04,751.1969364670455
2021-02-05,751.1969364670455
2021-02-08,758.347668972331
2021-02-09,763.0654819787989
2021-02-10,764.7211843049408
2021-02-11,766.8072872606652
2021-02-12,766.8132108803958
2021-02-15,772.6172287460586
2021-02-16,773.0666293402735
2021-02-17,769.9783342752119
2021-02-18,763.9856190943425
2021-02-19,764.0707860845554
2021-02-22,764.3822208885007
2021-02-23,768.5100263451067
2021-02-24,765.1491775814749
2021-02-25,772.2972896933949
2021-02-26,772.222221402197
2021-03-01,771.2824398732018
2021-03-02,776.9870680480723
2021-03-03,779.9169090816617
2021-03-04,774.6900712703105
2021-03-05,774.4940949311047
2021-03-08,781.8713905576215
2021-03-09,789.4457775216466
2021-03-10,799.431819477223
2021-03-11,799.6124432289806
2021-03-12,799.5119495694703
2021-03-15,804.701418517208
2021-03-16,807.4164155039446
2021-03-17,803.200856650176
2021-03-18,798.0578101416331
2021-03-19,798.0900122060884
2021-03-22,798.6752102029568
2021-03-23,795.343960935442
2021-03-24,794.665855913692
2021-03-25,791.2952176856429
2021-03-26,791.278566622671
2021-03-29,805.8328972057657
2021-03-30,810.2217925633444
2021-03-31,828.021395312209
2021-04-01,830.5087073805375
2021-04-02,830.5087073805375
2021-04-05,834.4983513210682
2021-04-06,836.2476929263444
2021-04-07,837.7988142790997
2021-04-08,840.6083489291701
2021-04-09,840.6190429000444
2021-04-12,835.2629830815946
2021-04-13,829.4917583954732
2021-04-14,832.789271764855
2021-04-15,844.8519068682366
2021-04-16,844.7310844301346
2021-04-19,850.9542000284915
2021-04-20,853.1993287788304
2021-04-21,849.2939203813686
2021-04-22,852.4959661605491
2021-04-23,852.4822697112347
2021-04-26,859.8270547481646
2021-04-27,862.5088018542187
2021-04-28,880.1104770756447
2021-04-29,871.2385438799189
2021-04-30,871.1298067856492
2021-05-03,865.1942642435711
2021-05-04,865.2072746362634
2021-05-05,862.5470872303656
2021-05-06,862.6362084282885
2021-05-07,862.629331209028
2021-05-10,868.7842586457523
2021-05-11,868.5931082922546
2021-05-12,868.4890339519355
2021-05-13,868.4370745394604
2021-05-14,868.5063652661818
2021-05-17,874.2273326291269
2021-05-18,877.2315438695846
2021-05-19,873.4862717375969
2021-05-20,871.6477245322383
2021-05-21,871.6477245322383
2021-05-24,869.0375133093445
2021-05-25,877.3267747651813
2021-05-26,877.5757615279874
2021-05-27,880.8712131882613
2021-05-28,880.8176767535706
2021-05-31,882.1664740396939
2021-06-01,887.3419660129667
2021-06-02,892.3235945664482
2021-06-03,893.3838521638245
2021-06-04,893.4377587751427
2021-06-07,893.180905878967
2021-06-08,894.3494731016947
2021-06-09,897.2218223648372
2021-06-10,897.9576727072915
2021-06-11,897.9648015127253
2021-06-14,906.3705206458271
2021-06-15,901.7804672752467
2021-06-16,900.9767152375919
2021-06-17,899.8006454840319
2021-06-18,899.6825131603881
2021-06-21,899.6682899776848
2021-06-22,903.2045242280092
2021-06-23,903.6135306463021
2021-06-24,903.5787349132729
2021-06-25,903.5994001971444
2021-06-28,904.6603221700651
2021-06-29,908.1941068112828
2021-06-30,905.7434815877151
2021-07-01,907.3827580071782
2021-07-02,907.3827580071782
2021-07-05,908.200530841971
2021-07-06,904.9300901344359
2021-07-07,906.210178259771
2021-07-08,898.8239788661725
2021-07-09,898.845421712419
2021-07-12,891.8867818502463
2021-07-13,894.4207781406021
2021-07-14,897.1380190743247
2021-07-15,896.1747611272209
2021-07-16,896.1043169435817
2021-07-19,895.7283041787389
2021-07-20,895.7456935124972
2021-07-21,895.6997852647671
2021-07-22,895.8010488591212
2021-07-23,895.665023931692
2021-07-26,904.6138433307084
2021-07-27,906.3896557912065
2021-07-28,907.5568199161637
2021-07-29,915.1330187498301
2021-07-30,915.1475895243677
2021-08-02,924.898006078247
2021-08-03,929.1998085261702
2021-08-04,927.3970802294432
2021-08-05,931.5623549097983
2021-08-06,931.4142944250422
2021-08-09,933.4678780289772
2021-08-10,939.4124528877827
2021-08-11,941.3977858504916
2021-08-12,942.2619116214973
2021-08-13,942.3218816224124
2021-08-16,944.6648979088192
2021-08-17,951.8525188037854
2021-08-18,949.7128334212671
2021-08-19,939.4294807068393
2021-08-20,939.4444450303248
2021-08-23,934.7689491227036
2021-08-24,940.396314357921
2021-08-25,942.3478222382234
2021-08-26,940.2566648661253
2021-08-27,940.264263283596
2021-08-30,948.1181827459816
2021-08-31,951.8440259138947
2021-09-01,951.4273887221221
2021-09-02,950.8282000273801
2021-09-03,950.8772069050247
2021-09-06,954.9981064484533
2021-09-07,956.8990341085932
2021-09-08,960.1381066857432
2021-09-09,961.020637476208
2021-09-10,961.0359198394226
2021-09-13,958.1354132349927
2021-09-14,957.9835888965661
2021-09-15,961.6219976721352
2021-09-16,965.5851730826985
2021-09-17,965.5480246591713
2021-09-20,958.4348664383383
2021-09-21,955.993249674095
2021-09-22,954.0351255022626
2021-09-23,955.7643285365692
2021-09-24,955.7114299918871
2021-09-27,961.4220446188101
2021-09-28,963.4451790169832
2021-09-29,962.7269082983408
2021-09-30,969.2552642901135
2021-10-01,969.330067726893
2021-10-04,967.0566723577632
2021-10-05,971.362148210374
2021-10-06,971.7125250948867
2021-10-07,974.3847515727167
2021-10-08,974.4437787517543
2021-10-11,972.2844862732162
2021-10-12,975.6368532763327
2021-10-13,981.2424195715794
2021-10-14,986.9722278471721
2021-10-15,986.9437156764344
2021-10-18,990.3773208791873
2021-10-19,992.6241722619629
2021-10-20,1001.3717323827753
2021-10-21,1003.4869294904819
2021-10-22,1003.4899743139069
2021-10-25,1001.7429472573812
2021-10-26,997.5511756004511
2021-10-27,995.2110901408624
2021-10-28,995.277291390749
2021-10-29,995.2864478064454
2021-11-01,994.0384691454906
2021-11-02,999.9815301800346
2021-11-03,998.55687766216
2021-11-04,1003.7719192979581
2021-11-05,1003.8107088014007
2021-11-08,1013.2913298737964
2021-11-09,1010.7944900436213
2021-11-10,1018.0303843649345
2021-11-11,1023.3902333301169
2021-11-12,1023.3104552513698
2021-11-15,1018.9335966774861
2021-11-16,1021.8638086279492
2021-11-17,1020.7654107597342
2021-11-18,1014.2546578647336
2021-11-19,1014.199285119302
2021-11-22,981.1152375093313
2021-11-23,984.273227856092
2021-11-24,989.0001953524311
2021-11-25,985.2903099126016
2021-11-26,985.3132046812779
2021-11-29,952.4884645759543
2021-11-30,947.5714634522667
2021-12-01,955.5982611229927
2021-12-02,959.345585637143
2021-12-03,959.2730366287861
2021-12-06,977.1705864451643
2021-12-07,981.4802944434232
2021-12-08,974.1748028164736
2021-12-09,969.9067527719022
2021-12-10,969.8447433530151
2021-12-13,974.4671034166055
2021-12-14,975.9698880471393
2021-12-15,979.6812894523284
2021-12-16,989.6204030247833
2021-12-17,989.6907105633984
2021-12-20,974.3182896267068
2021-12-21,976.2109279517321
2021-12-22,972.2981978783585
2021-12-23,979.2041629667925
2021-12-24,979.1971545412173
2021-12-27,972.7928964522182
2021-12-28,980.7336162713837
2021-12-29,975.9555200845939
2021-12-30,981.539371456383
2021-12-31,981.6593206408371
2022-01-03,985.008429365887
2022-01-04,985.7206246830089
2022-01-05,993.6024921669973
2022-01-06,991.0553334965028
2022-01-07,991.1595402208812
2022-01-10,1004.3762745522175
2022-01-11,1013.7630095546243
2022-01-12,1024.0492981624045
2022-01-13,1035.2450398973274
2022-01-14,1035.2025144735987
2022-01-17,1040.8147305667567
2022-01-18,1044.0028612942974
2022-01-19,1051.0782752625164
2022-01-20,1053.3330064563443
2022-01-21,1055.6240542550834
2022-01-24,1042.758353295135
2022-01-25,1045.4213407412888
2022-01-26,1048.0926606206378
2022-01-27,1049.2051927560867
2022-01-28,1050.7820578245219
2022-01-31,1052.7109641051754
2022-02-01,1054.3681413191164
2022-02-02,1049.7016290065546
2022-02-03,1046.4052980240278
2022-02-04,1046.3368343222344
2022-02-07,1052.6182754602526
2022-02-08,1053.19059538069
2022-02-09,1052.9889358417352
2022-02-10,1057.298536903859
2022-02-11,1058.4774234743445
2022-02-14,1055.9029284108437
2022-02-15,1064.5661810841066
2022-02-16,1076.4507248397708
2022-02-17,1075.4131192666198
2022-02-18,1074.097428425679
2022-02-21,1074.5725876286429
2022-02-22,1075.6836583163235
2022-02-23,1075.3775674700582
2022-02-24,1062.5752977681855
2022-02-25,1064.0903899366429
2022-02-28,1088.6955768093467
2022-03-01,1103.6180049632876
2022-03-02,1114.1719781772226
2022-03-03,1123.0079173715847
2022-03-04,1121.5501049677873
2022-03-07,1127.5831447500987
2022-03-08,1132.345319763979
2022-03-09,1122.7785797598174
2022-03-10,1120.3705326250838
2022-03-11,1120.8871969262987
2022-03-14,1105.7110115047735
2022-03-15,1095.49213718706
2022-03-16,1113.7824541575103
2022-03-17,1120.122192521712
2022-03-18,1119.1248091435161
2022-03-21,1122.08805773033
2022-03-22,1128.427273161599
2022-03-23,1137.1009902048722
2022-03-24,1140.8444167852283
2022-03-25,1142.3573693945323
2022-03-28,1152.6728143229104
2022-03-29,1156.809699570605
2022-03-30,1151.5745072838627
2022-03-31,1153.932008964349
2022-04-01,1153.9478612634457
2022-04-04,1159.4912008933863
2022-04-05,1163.2842678531722
2022-04-06,1170.6303392350474
2022-04-07,1176.5406829320523
2022-04-08,1177.9642093573077
2022-04-11,1194.2652876607813
2022-04-12,1192.868536983496
2022-04-13,1189.068400624144
2022-04-14,1189.6932355767412
2022-04-15,1189.8412300898071
2022-04-18,1191.5961250055964
2022-04-19,1179.8440527772718
2022-04-20,1188.5753814805234
2022-04-21,1181.9711961826513
2022-04-22,1183.2699506704982
2022-04-25,1179.9332702817258
2022-04-26,1178.0994485982308
2022-04-27,1184.206710418412
2022-04-28,1191.7183501230136
2022-04-29,1191.4256240501143
2022-05-02,1191.4038367276723
2022-05-03,1191.3167584757991
2022-05-04,1191.3420732584048
2022-05-05,1192.3462593710467
2022-05-06,1191.2540289108827
2022-05-09,1187.4339915091632
2022-05-10,1162.7366434210592
2022-05-11,1148.1979802116239
2022-05-12,1099.179973532972
2022-05-13,1106.646628780746
2022-05-16,1098.409032631182
2022-05-17,1097.1872837105423
2022-05-18,1101.9722000646987
2022-05-19,1080.1443381021893
2022-05-20,1080.0516408126475
2022-05-23,1063.2068335305728
2022-05-24,1056.6287415869601
2022-05-25,1073.8157267895795
2022-05-26,1071.2165412644883
2022-05-27,1073.394322930478
2022-05-30,1101.5409137394945
2022-05-31,1108.5106186851967
2022-06-01,1096.6593584874079
2022-06-02,1086.17350562553
2022-06-03,1085.460984847192
2022-06-06,1096.1726179679333
2022-06-07,1084.7557651768154
2022-06-08,1079.9100973706675
2022-06-09,1080.4129863802857
2022-06-10,1079.4484235264172
2022-06-13,1040.903946812289
2022-06-14,1043.5671111532893
2022-06-15,1043.0080230800502
2022-06-16,1031.4991961731373
2022-06-17,1029.490879450634
2022-06-20,995.7195484111904
2022-06-21,1016.2793092574472
2022-06-22,993.2017839584516
2022-06-23,989.0207423396848
2022-06-24,988.9895341170269
2022-06-27,1000.7019693366404
2022-06-28,1017.9973114042914
2022-06-29,1019.5151223886874
2022-06-30,1006.1453408023552
2022-07-01,1004.8314476158536
2022-07-04,996.5934091238455
2022-07-05,994.6188726395249
2022-07-06,994.3736577673626
2022-07-07,994.1254293015065
2022-07-08,994.1254293015065
2022-07-11,993.9881520939954
2022-07-12,994.7383727333448
2022-07-13,985.7016257050583
2022-07-14,983.0988154965471
2022-07-15,983.8504228246042
2022-07-18,1006.5253488948235
2022-07-19,1018.7962538917868
2022-07-20,1032.4125361706087
2022-07-21,1048.8990259576503
2022-07-22,1049.134198782128
2022-07-25,1040.8722003425762
2022-07-26,1045.2060507303845
2022-07-27,1053.524138094268
2022-07-28,1058.2563664611678
2022-07-29,1060.71616465033
2022-08-01,1077.8929103617145
2022-08-02,1074.8480668873522
2022-08-03,1073.6745879059386
2022-08-04,1072.7705865428704
2022-08-05,1073.4296138378756
2022-08-08,1079.7349187237592
2022-08-09,1081.8775535115417
2022-08-10,1088.8236655022629
2022-08-11,1097.699374948772
2022-08-12,1097.77206594478
2022-08-15,1097.9038861916742
2022-08-16,1099.7893382656612
2022-08-17,1109.5689030883957
2022-08-18,1104.250064143857
2022-08-19,1103.1138883386834
2022-08-22,1097.6247166239195
2022-08-23,1088.2821302644988
2022-08-24,1087.8373564557046
2022-08-25,1098.0123486154941
2022-08-26,1099.4851719461217
2022-08-29,1093.0856001023226
2022-08-30,1088.3157299523807
2022-08-31,1074.2081454158676
2022-09-01,1058.9060862610663
2022-09-02,1059.12250668043
2022-09-05,1050.762862086309
2022-09-06,1047.219326671574
2022-09-07,1037.9072508483662
2022-09-08,1033.8731603757956
2022-09-09,1034.4690047868405
2022-09-12,1051.5529943163456
2022-09-13,1058.364875961448
2022-09-14,1043.0615533537994
2022-09-15,1043.9706595334217
2022-09-16,1048.095990658561
2022-09-19,1020.3711027729549
2022-09-20,1024.5451305686026
2022-09-21,1018.4000091086868
2022-09-22,1015.7527443388963
2022-09-23,1013.6478395177502
2022-09-26,972.1239733755907
2022-09-27,976.8286396608105
2022-09-28,985.3569702142457
2022-09-29,1001.9390385853025
2022-09-30,1001.1264306563547
2022-10-03,1008.7735097025184
2022-10-04,1031.0676764453424
2022-10-05,1031.4414668745671
2022-10-06,1030.0898443201856
2022-10-07,1030.8154611934506
2022-10-10,1012.5183840239296
2022-10-11,1008.0713693942333
2022-10-12,1010.9266339029904
2022-10-13,1001.021400325958
2022-10-14,1002.8992150006413
2022-10-17,1007.7520435082771
2022-10-18,1027.343846493413
2022-10-19,1025.845419386083
2022-10-20,1038.5272623689796
2022-10-21,1038.7384117119036
2022-10-24,1040.6628609502327
2022-10-25,1037.427969750626
2022-10-26,1025.8362384781533
2022-10-27,1024.3365396844422
2022-10-28,1023.2088570991574
2022-10-31,1027.918704261503
2022-11-01,1018.2708478354746
2022-11-02,1019.2029444563565
2022-11-03,1009.2795245010964
2022-11-04,1012.4824215971046
2022-11-07,1030.2075331146827
2022-11-08,1025.3951662183106
2022-11-09,1023.3522819165471
2022-11-10,1010.1691468446796
2022-11-11,1012.2811756613718
2022-11-14,1012.9492127689954
2022-11-15,1003.5078545792094
2022-11-16,1002.6161459777684
2022-11-17,998.8950990111831
2022-11-18,1000.5361331864071
2022-11-21,983.6345334972357
2022-11-22,985.2270087298834
2022-11-23,987.2103781475607
2022-11-24,987.5329215968278
2022-11-25,986.2672626075988
2022-11-28,971.2281843047659
2022-11-29,973.1382886987282
2022-11-30,988.625803616062
2022-12-01,985.5776846850957
2022-12-02,985.6724575230311
2022-12-05,962.1798681639171
2022-12-06,955.2694993609755
2022-12-07,936.720601959232
2022-12-08,940.2733251228718
2022-12-09,940.0056430693512
2022-12-12,927.463607096182
2022-12-13,931.4624743072984
2022-12-14,932.8325299394583
2022-12-15,933.8681098499563
2022-12-16,937.4669777685721
2022-12-19,931.9959166036649
2022-12-20,935.137042737914
2022-12-21,934.9226870183818
2022-12-22,930.4435117212983
2022-12-23,930.5957266047501
2022-12-26,928.2361182497627
2022-12-27,936.3196406326573
2022-12-28,944.9975242704022
2022-12-29,942.4700049242675
2022-12-30,941.2017949010467
2023-01-02,946.2125195082393
2023-01-03,951.0948643093354
2023-01-04,942.5410862285678
2023-01-05,946.7700198100611
2023-01-06,945.7406590084461
2023-01-09,958.1294166128528
2023-01-10,958.6498996316787
2023-01-11,952.5675958848241
2023-01-12,953.716589609261
2023-01-13,955.594164020701
2023-01-16,955.5349612556462
2023-01-17,950.4138187103525
2023-01-18,947.7282168747112
2023-01-19,951.7812531849993
2023-01-20,951.8096814103978
2023-01-23,960.5102156667039
2023-01-24,964.1617070625696
2023-01-25,964.9389635427386
2023-01-26,960.593167007888
2023-01-27,955.1657598498865
2023-01-30,955.353405415662
2023-01-31,950.8952812411044
2023-02-01,951.7379826131607
2023-02-02,947.2172494440972
2023-02-03,949.647487076679
2023-02-06,945.7521689148105
2023-02-07,939.1400187281971
2023-02-08,939.4379898977008
2023-02-09,932.5935961178394
2023-02-10,933.2348954110016
2023-02-13,937.2511506931567
2023-02-14,936.4258433955138
2023-02-15,942.8363358723022
2023-02-16,943.6179758309225
2023-02-17,943.8391607860807
2023-02-20,936.1232197055017
2023-02-21,929.1964092661437
2023-02-22,925.7932170994186
2023-02-23,915.3154159943971
2023-02-24,915.6355385647871
2023-02-27,909.8666091987426
2023-02-28,915.179064816643
2023-03-01,919.6883735391366
2023-03-02,923.9266438771714
2023-03-03,923.9183859699073
2023-03-06,936.4320706201438
2023-03-07,936.6028920054138
2023-03-08,934.4051322717482
2023-03-09,935.1946855883762
2023-03-10,934.9258721830734
2023-03-13,918.2594684835929
2023-03-14,902.8653778600954
2023-03-15,895.5929990189652
2023-03-16,890.1209770563972
2023-03-17,891.4532336679309
2023-03-20,903.9150258034723
2023-03-21,915.177730239501
2023-03-22,918.7502991186441
2023-03-23,922.5669928346607
2023-03-24,920.9997184773168
2023-03-27,921.4004659176569
2023-03-28,926.4148809285516
2023-03-29,926.5477369122386
2023-03-30,933.0045529961898
2023-03-31,930.894434654724
2023-04-03,948.4206906804799
2023-04-04,957.5713815568482
2023-04-05,954.948194649089
2023-04-06,951.380573006759
2023-04-07,951.7670731432338
2023-04-10,947.7287071834968
2023-04-11,947.8063875122115
2023-04-12,955.6854398968038
2023-04-13,955.1433525027268
2023-04-14,956.058634067682
2023-04-17,966.8363371531536
2023-04-18,966.4728499336669
2023-04-19,965.9757187556105
2023-04-20,966.280171088529
2023-04-21,966.2607918249487
2023-04-24,968.3487616583016
2023-04-25,971.2302449220509
2023-04-26,975.9860199882136
2023-04-27,977.4951548960295
2023-04-28,978.8321911350425
2023-05-01,978.0317783563125
2023-05-02,974.2289439178719
2023-05-03,967.1644193993156
2023-05-04,974.1255444927656
2023-05-05,975.0420244140059
2023-05-08,982.2869640137602
2023-05-09,981.9660159117589
2023-05-10,983.0149655213747
2023-05-11,986.8983967363556
2023-05-12,985.6012095409719
2023-05-15,967.3277647744593
2023-05-16,966.6910059571088
2023-05-17,974.4072411556554
2023-05-18,978.8171356984247
2023-05-19,977.9304034444772
2023-05-22,977.4428074838555
2023-05-23,972.3087913093957
2023-05-24,968.416380475355
2023-05-25,962.810771561069
2023-05-26,964.2607214500231
2023-05-29,961.5331667983099
2023-05-30,964.6623856451338
2023-05-31,952.5284996265578
2023-06-01,950.0601117131173
2023-06-02,951.9522195181028
2023-06-05,970.8885104565288
2023-06-06,970.1162072563873
2023-06-07,974.2252058016461
2023-06-08,974.5395152060872
2023-06-09,974.7255923647712
2023-06-12,975.7342035321523
2023-06-13,975.2951097973189
2023-06-14,983.8812056645412
2023-06-15,983.5810534741897
2023-06-16,986.357778668009
2023-06-19,982.2936598809646
2023-06-20,981.7244283815671
2023-06-21,984.6962652474889
2023-06-22,981.4319803505344
2023-06-23,982.2860379774925
2023-06-26,980.4291644855311
2023-06-27,980.4291644855311
2023-06-28,980.333541667147
2023-06-29,980.3144357585481
2023-06-30,980.360492670441
2023-07-03,989.1942358830614
2023-07-04,996.3392624419093
2023-07-05,996.1963249596649
2023-07-06,995.9297601815496
2023-07-07,995.6571353612593
2023-07-10,994.1417842219349
2023-07-11,998.9782799362156
2023-07-12,1004.318588398488
2023-07-13,1005.2460093564831
2023-07-14,1006.5996679464498
2023-07-17,1010.1797527108799
2023-07-18,1011.7445609572916
2023-07-19,1010.2543671269732
2023-07-20,1009.9561716524466
2023-07-21,1009.8915533062301
2023-07-24,1014.992840404148
2023-07-25,1019.9215149818938
2023-07-26,1024.8016325830963
2023-07-27,1022.90825000446
2023-07-28,1022.8949478571126
2023-07-31,1014.8980428302913
2023-08-01,1014.3742513467104
2023-08-02,1005.1460800059589
2023-08-03,995.3642752572046
2023-08-04,996.1494660842724
2023-08-07,991.4278257435593
2023-08-08,986.6995323505121
2023-08-09,988.676398571414
2023-08-10,992.3749586654577
2023-08-11,992.3198605964119
2023-08-14,994.9112407738133
2023-08-15,990.008697712451
2023-08-16,987.6436655246985
2023-08-17,988.6070676952995
2023-08-18,989.326098102786
2023-08-21,985.3121850173259
2023-08-22,983.7448907950105
2023-08-23,981.5417496876819
2023-08-24,984.871560207055
2023-08-25,984.3801672262578
2023-08-28,985.8342830646068
2023-08-29,985.6789787445115
2023-08-30,991.4197083352693
2023-08-31,983.594247507062
2023-09-01,983.5750862056179
2023-09-04,976.6981483421189
2023-09-05,973.6241220232843
2023-09-06,967.8679165798918
2023-09-07,966.7788139068464
2023-09-08,967.7632303523882
2023-09-11,971.9975415883699
2023-09-12,968.3335662191757
2023-09-13,966.4205532033707
2023-09-14,966.8784918844693
2023-09-15,968.0921032362041
2023-09-18,959.709486671167
2023-09-19,962.2165644007985
2023-09-20,962.163053821426
2023-09-21,958.7575395353902
2023-09-22,958.4069650128619
2023-09-25,953.8256803225861
2023-09-26,955.5098154731767
2023-09-27,962.6013888470648
2023-09-28,962.0418838931878
2023-09-29,962.0735925898699
2023-10-02,961.7181542592804
2023-10-03,959.8754354883896
2023-10-04,951.3506896420644
2023-10-05,944.0395344092128
2023-10-06,944.1018500402625
2023-10-09,923.6250151865671
2023-10-10,927.8312067521489
2023-10-11,927.5605613609913
2023-10-12,928.1240263998784
2023-10-13,924.3501481256387
2023-10-16,923.6019125782466
2023-10-17,934.777235348031
2023-10-18,928.476668915196
2023-10-19,920.6993209242023
2023-10-20,916.228556525526
2023-10-23,894.389934898784
2023-10-24,896.4980473065585
2023-10-25,906.4319667592835
2023-10-26,892.5710384251386
2023-10-27,891.7954079347655
2023-10-30,903.2670256268246
2023-10-31,915.2344439095206
2023-11-01,924.2052914915206
2023-11-02,932.4537417265333
2023-11-03,933.9050500367904
2023-11-06,947.8583404252063
2023-11-07,947.2450333944216
2023-11-08,944.4648631601221
2023-11-09,938.9931310254062
2023-11-10,940.0038844124952
2023-11-13,935.7808538029079
2023-11-14,938.2428930510077
2023-11-15,954.5113042715834
2023-11-16,958.5685124540167
2023-11-17,958.5313647161972
2023-11-20,958.6701675880033
2023-11-21,957.8075268985734
2023-11-22,955.9640504088321
2023-11-23,954.31187047512
2023-11-24,954.8904106538592
2023-11-27,950.322296833858
2023-11-28,953.6313144572537
2023-11-29,953.2405286307425
2023-11-30,959.3032021189971
2023-12-01,959.0229163317756
2023-12-04,958.1794365756156
2023-12-05,956.2720285393868
2023-12-06,955.7154818030714
2023-12-07,956.9297615429508
2023-12-08,954.5381437152645
2023-12-11,961.048303367291
2023-12-12,962.0872276704497
2023-12-13,962.9423037206705
2023-12-14,974.2273671043604
2023-12-15,975.2659826009873
2023-12-18,982.7450289190559
2023-12-19,988.0261858896007
2023-12-20,989.1649453465859
2023-12-21,986.5825021358862
2023-12-22,987.6704738466298
2023-12-25,997.7105288707546
2023-12-26,1000.9933644707561
2023-12-27,1004.9640750503107
2023-12-28,1010.0717855958912
2023-12-29,1010.3432005995456
2024-01-01,1020.4528640004794
2024-01-02,1027.3428853122405
2024-01-03,1012.0696288346786
2024-01-04,1023.7592752480133
2024-01-05,1024.114343586635
2024-01-08,1033.7081436855283
2024-01-09,1033.7378755668938
2024-01-10,1031.1722318913633
2024-01-11,1032.1708723699942
2024-01-12,1031.5228185421513
2024-01-15,1034.199178739685
2024-01-16,1029.0153970321992
2024-01-17,1027.2144376817107
2024-01-18,1018.2613804010963
2024-01-19,1020.02232502603
2024-01-22,1031.3040570259352
2024-01-23,1031.784374674035
2024-01-24,1038.06491474016
2024-01-25,1036.4037758712325
2024-01-26,1034.2668630992673
2024-01-29,1035.4311788742236
2024-01-30,1020.8598741865688
2024-01-31,1009.9613839777303
2024-02-01,1014.2117675265004
2024-02-02,1013.8584356892273
2024-02-05,1018.1183795621506
2024-02-06,1017.6871630078776
2024-02-07,1024.2067000722338
2024-02-08,1025.6666941188862
2024-02-09,1025.8970047301534
2024-02-12,1034.2390672608012
2024-02-13,1039.6255271773198
2024-02-14,1043.902799515475
2024-02-15,1046.70051518645
2024-02-16,1047.6829601441798
2024-02-19,1055.3681923619733
2024-02-20,1057.49315350268
2024-02-21,1058.2957001159193
2024-02-22,1054.8255700778616
2024-02-23,1053.7953653083828
2024-02-26,1050.6348497997576
2024-02-27,1057.5839762996877
2024-02-28,1056.7682374160502
2024-02-29,1057.4878529145292
2024-03-01,1058.9231262626645
2024-03-04,1048.379207461148
2024-03-05,1043.2049541043734
2024-03-06,1046.9255941373178
2024-03-07,1048.916374518632
2024-03-08,1049.7988464245054
2024-03-11,1048.2335206756227
2024-03-12,1051.0130593086556
2024-03-13,1054.8413786201015
2024-03-14,1058.603372236928
2024-03-15,1058.4122579996927
2024-03-18,1059.7991781676803
2024-03-19,1059.6857116125693
2024-03-20,1057.3684315793982
2024-03-21,1063.7435933375027
2024-03-22,1064.59986436361
2024-03-25,1055.2469819726166
2024-03-26,1050.3222618750042
2024-03-27,1049.1931697346477
2024-03-28,1049.2068164583686
2024-03-29,1049.3152287221508
2024-04-01,1039.9976729608306
2024-04-02,1044.5217766817364
2024-04-03,1048.764830636016
2024-04-04,1056.254651122345
2024-04-05,1056.8821654609096
2024-04-08,1057.8381153316188
2024-04-09,1057.8582503245107
2024-04-10,1057.8179868866914
2024-04-11,1057.5970052463033
2024-04-12,1057.527905245226
2024-04-15,1051.049795613886
2024-04-16,1035.1051735891867
2024-04-17,1030.770804572026
2024-04-18,1034.4784140234804
2024-04-19,1031.9839390212255
2024-04-22,1027.2498648638152
2024-04-23,1025.1210168375067
2024-04-24,1018.5395637571523
2024-04-25,1013.9429568995345
2024-04-26,1014.3077025991464
2024-04-29,1027.7895601026098
2024-04-30,1027.5403717244023
2024-05-01,1022.2348018334928
2024-05-02,1022.8038252116646
2024-05-03,1022.8862105917732
2024-05-06,1024.5749258742403
2024-05-07,1023.7477347975477
2024-05-08,1031.6050930297715
2024-05-09,1023.070906114666
2024-05-10,1022.4795216548882
2024-05-13,1025.0910218591991
2024-05-14,1015.5986603684808
2024-05-15,1011.7083196412493
2024-05-16,1016.8617317096787
2024-05-17,1016.07468596263
2024-05-20,1010.8588715936841
2024-05-21,1013.1228474441571
2024-05-22,1013.3029000987659
2024-05-23,998.3943367542452
2024-05-24,996.280257638472
2024-05-27,983.797376694599
2024-05-28,973.519670694528
2024-05-29,975.069190009313
2024-05-30,969.6068093954771
2024-05-31,970.0793295581968
2024-06-03,987.2444258320852
2024-06-04,979.0433479105118
2024-06-05,975.6293792535016
2024-06-06,976.681168767603
2024-06-07,976.7541019185669
2024-06-10,996.4913415128962
2024-06-11,992.7362453114896
2024-06-12,985.6188231705542
2024-06-13,979.1944059665203
2024-06-14,979.6338862071764
2024-06-17,979.5654146361177
2024-06-18,979.6401655125935
2024-06-19,980.1936537112493
2024-06-20,982.2987902372269
2024-06-21,981.3166693036097
2024-06-24,992.6797637864453
2024-06-25,995.4487643842288
2024-06-26,990.4437740996093
2024-06-27,998.0005473186881
2024-06-28,999.6779606628153
2024-07-01,996.0958359794328
2024-07-02,992.0413881415523
2024-07-03,993.5739494004652
2024-07-04,995.9547725164335
2024-07-05,996.1767191778623
2024-07-08,1003.1152413804795
2024-07-09,1007.4616320335876
2024-07-10,1007.264077525167
2024-07-11,1009.3666302661634
2024-07-12,1009.3928730340109
2024-07-15,1020.0427571086007
2024-07-16,1026.6778995356206
2024-07-17,1030.8063703505466
2024-07-18,1033.0370244557962
2024-07-19,1033.2265851931666
2024-07-22,1033.6551924771377
2024-07-23,1031.5544344305738
2024-07-24,1032.646617589924
2024-07-25,1028.776339887168
2024-07-26,1030.4491816470274
2024-07-29,1041.4726282297995
2024-07-30,1037.5210073223236
2024-07-31,1038.9346452695966
2024-08-01,1036.0789155900738
2024-08-02,1034.2415413703388
2024-08-05,990.2319170402981
2024-08-06,1003.3670316702188
2024-08-07,1009.1771344638822
2024-08-08,1007.9340417346427
2024-08-09,1008.1975383386897
2024-08-12,1016.0988224433611
2024-08-13,1018.5385571923791
2024-08-14,1024.6631085899555
2024-08-15,1028.4455039094569
2024-08-16,1028.3602418239711
2024-08-19,1033.4863221463881
2024-08-20,1038.3924062708577
2024-08-21,1046.0561205498564
2024-08-22,1048.6679707035762
2024-08-23,1048.1624151222525
2024-08-26,1055.082095051243
2024-08-27,1051.5130190417617
2024-08-28,1044.5268886045017
2024-08-29,1046.7622209999006
2024-08-30,1049.0784379085842
2024-09-02,1053.3543859947779
2024-09-03,1055.417901552279
2024-09-04,1051.7581810118788
2024-09-05,1051.852499052077
2024-09-06,1050.9994128605515
2024-09-09,1038.858581816379
2024-09-10,1044.3616947512833
2024-09-11,1028.1246808145386
2024-09-12,1035.040401356259
2024-09-13,1036.8268677532717
2024-09-16,1039.4007232823305
2024-09-17,1041.9944918160163
2024-09-18,1044.2734262028625
2024-09-19,1056.31234190596
2024-09-20,1056.8305466052107
2024-09-23,1057.3675388295435
2024-09-24,1066.7787596339724
2024-09-25,1073.4229311320307
2024-09-26,1075.7564553301165
2024-09-27,1074.6170959748672
2024-09-30,1064.2234752296629
2024-10-01,1065.971745108647
2024-10-02,1048.8503122794357
2024-10-03,1038.9051776897893
2024-10-04,1036.9435696824844
2024-10-07,1033.7195920395477
2024-10-08,1045.5197558831712
2024-10-09,1039.6245861983928
2024-10-10,1043.219857447544
2024-10-11,1042.5786958779895
2024-10-14,1041.8146731903244
2024-10-15,1048.6435247283923
2024-10-16,1053.148663996258
2024-10-17,1043.3719708075384
2024-10-18,1043.4718280816037
2024-10-21,1047.5728498447081
2024-10-22,1044.026244696813
2024-10-23,1036.0432398566027
2024-10-24,1035.5156016546825
2024-10-25,1036.0952741432461
2024-10-28,1051.5112986933486
2024-10-29,1053.483546026233
2024-10-30,1049.5478432717423
2024-10-31,1050.0752097804868
2024-11-01,1052.0265489997544
2024-11-04,1050.6855828531968
2024-11-05,1051.0527136254445
2024-11-06,1056.130990582922
2024-11-07,1057.230713143705
2024-11-08,1057.9203536205519
2024-11-11,1059.5480650952313
2024-11-12,1055.7741029879057
2024-11-13,1050.4206512407477
2024-11-14,1042.637721095687
2024-11-15,1042.454772421617
2024-11-18,1047.1492520935817
2024-11-19,1050.0744665606092
2024-11-20,1050.9735892660906
2024-11-21,1044.748083702224
2024-11-22,1043.0432898641855
2024-11-25,1041.1099250455627
2024-11-26,1042.1077408200906
2024-11-27,1032.022112068563
2024-11-28,1034.5320803310979
2024-11-29,1033.9687784828952
2024-12-02,1037.2902046890385
2024-12-03,1041.8011923870224
2024-12-04,1045.3784497099698
2024-12-05,1050.1720419471214
2024-12-06,1050.1991981921115
2024-12-09,1057.4983195349732
2024-12-10,1062.2977738375946
2024-12-11,1061.4651914756157
2024-12-12,1059.7617149477974
2024-12-13,1059.9756045411375
2024-12-16,1065.7408909542341
2024-12-17,1060.4208148078799
2024-12-18,1059.3473736776461
2024-12-19,1055.118612135222
2024-12-20,1055.9807563963732
2024-12-23,1061.4034879604992
2024-12-24,1061.6002123221745
2024-12-25,1061.1747965454344
2024-12-26,1059.3628286899918
2024-12-27,1058.3197800877908
2024-12-30,1065.8203269451262
2024-12-31,1068.78478692185
2025-01-01,1070.7088924186169
2025-01-02,1069.0674409068001
2025-01-03,1068.2800245117835
2025-01-06,1070.1225919563235
2025-01-07,1074.3866661957659
2025-01-08,1073.8500557586801
2025-01-09,1074.965522567216
2025-01-10,1076.2950372956086
2025-01-13,1071.0101383357412
2025-01-14,1078.0781761234732
2025-01-15,1082.9656801899532
2025-01-16,1086.5814111352506
2025-01-17,1086.302493525292
2025-01-20,1093.155463442034
2025-01-21,1094.6770235020972
2025-01-22,1097.211861232488
2025-01-23,1098.890508141505
2025-01-24,1098.9146840797794
2025-01-27,1100.6553211262612
2025-01-28,1102.4361376503618
2025-01-29,1102.6201014209073
2025-01-30,1102.7804380447367
2025-01-31,1102.7084706710245
2025-02-03,1103.5676007508114
2025-02-04,1108.038396773534
2025-02-05,1106.140491796257
2025-02-06,1106.3444557731586
2025-02-07,1107.4354281167082
2025-02-10,1113.5217692730557
2025-02-11,1113.784768681185
2025-02-12,1112.1841829250595
2025-02-13,1111.8945165157045
2025-02-14,1111.105786767675
2025-02-17,1102.3284692661089
2025-02-18,1110.257498591125
2025-02-19,1110.7380794983878
2025-02-20,1116.8439653332734
2025-02-21,1116.7904998921567
2025-02-24,1112.7699356654346
2025-02-25,1113.109301335684
2025-02-26,1109.7227714992282
2025-02-27,1102.5782175964914
2025-02-28,1099.572483544036
2025-03-03,1103.547061584148
2025-03-04,1095.2791090537507
2025-03-05,1092.9640851849022
2025-03-06,1086.8892569989255
2025-03-07,1084.9558640185746
2025-03-10,1079.1253016801934
2025-03-11,1075.1974111264024
2025-03-12,1074.2519789683959
2025-03-13,1075.6545584767666
2025-03-14,1075.2188585891217
2025-03-17,1086.1679436443187
2025-03-18,1082.9510508739781
2025-03-19,1077.846753509004
2025-03-20,1079.7991044524033
2025-03-21,1081.0601130739542
2025-03-24,1082.2985528587672
2025-03-25,1077.9485444737263
2025-03-26,1093.0309281743405
2025-03-27,1097.6760419852717
2025-03-28,1096.03817295799
2025-03-31,1095.9776650686726
2025-04-01,1095.9712553159698
2025-04-02,1093.7679258976877
2025-04-03,1082.7370855558029
2025-04-04,1078.1955105966126
2025-04-07,1021.8835757879459
2025-04-08,1036.1129042294347
2025-04-09,1028.262966540666
2025-04-10,1057.8041197050102
2025-04-11,1059.188606207993
2025-04-14,1070.3044797960083
2025-04-15,1074.758118762736
2025-04-16,1075.543880171784
2025-04-17,1070.7072758907477
2025-04-18,1071.8209625265997
2025-04-21,1071.1962818014829
2025-04-22,1074.0198372347324
2025-04-23,1084.8517139043024
2025-04-24,1093.9792322233245
2025-04-25,1093.123041800357
2025-04-28,1095.8984186044795
2025-04-29,1097.8994685559292
2025-04-30,1099.1888481983192
2025-05-01,1093.270663901323
2025-05-02,1094.9808226155455
2025-05-05,1091.1154724494827
2025-05-06,1095.6673191291143
2025-05-07,1094.0507085251093
2025-05-08,1092.7453928075388
2025-05-09,1092.1095202639822
2025-05-12,1101.2983800564825
2025-05-13,1104.910331345166
2025-05-14,1103.5468292081866
2025-05-15,1101.4298158429297
2025-05-16,1104.0389458028694
2025-05-19,1102.5620965182156
2025-05-20,1106.3921839171246
2025-05-21,1098.195910388205
2025-05-22,1093.6550380089298
2025-05-23,1094.2879390195135
2025-05-26,1087.8502007992226
2025-05-27,1080.8043258790458
2025-05-28,1089.384810059675
2025-05-29,1084.6499325168725
2025-05-30,1081.4702338115737
2025-06-02,1073.3227450583183
2025-06-03,1074.975107651474
2025-06-04,1085.9400133268766
2025-06-05,1085.852813132875
2025-06-06,1086.1304903562184
2025-06-09,1086.3525511435998
2025-06-10,1090.901632922349
2025-06-11,1092.3056555253872
2025-06-12,1075.6390258876213
2025-06-13,1069.7055976240308
2025-06-16,1065.7313016463106
2025-06-17,1056.764505958439
2025-06-18,1045.6294544845325
2025-06-19,1043.4790819738687
2025-06-20,1047.6017211957906
2025-06-23,1057.4404787147914
2025-06-24,1088.0230784514795
2025-06-25,1091.8344817536306
2025-06-26,1100.5516971158656
2025-06-27,1100.4502276396756
2025-06-30,1112.3615366857584
2025-07-01,1108.0062779215032
2025-07-02,1107.636736532732
2025-07-03,1120.044831763299
2025-07-04,1120.2935945431757
2025-07-07,1128.2388248174925
2025-07-08,1126.1037996192983
2025-07-09,1128.2523359899606
2025-07-10,1129.2501183506306
2025-07-11,1130.4364136440383
2025-07-14,1127.2619973210597
2025-07-15,1126.293442954675
2025-07-16,1124.2255808803593
2025-07-17,1130.2198606673692
2025-07-18,1130.8049304746894
2025-07-21,1128.876488006451
2025-07-22,1120.4964583755489
2025-07-23,1134.4500350892945
2025-07-24,1133.7691403546191
2025-07-25,1136.306399064076
2025-07-28,1132.3713722720927
2025-07-29,1129.4987263332882
2025-07-30,1135.2520014139457
2025-07-31,1137.6518957754693
2025-08-01,1136.0743426470697
2025-08-04,1130.272651209466
2025-08-05,1140.0159688383333
2025-08-06,1140.4326825226037
2025-08-07,1140.3854670476333
2025-08-08,1140.6599350647261
2025-08-11,1134.9054102463347
2025-08-12,1132.751438535947
2025-08-13,1134.960832832451
2025-08-14,1138.6993468711457
2025-08-15,1138.102010472079
2025-08-18,1139.0176010859698
2025-08-19,1139.1870783169013
2025-08-20,1137.013817557314
2025-08-21,1137.5365422054767
2025-08-22,1138.1473467785445
2025-08-25,1137.559077626284
2025-08-26,1135.061410778992
2025-08-27,1130.7245299332294
2025-08-28,1121.5836487866543
2025-08-29,1120.420942408353
2025-09-01,1112.3428571272452
2025-09-02,1115.1808407631322
2025-09-03,1110.5481880766677
2025-09-04,1112.654381397688
2025-09-05,1112.8440864173301
2025-09-08,1104.1962819035177
2025-09-09,1107.5504346941589
2025-09-10,1104.3253922549807
2025-09-11,1103.7635023733264
2025-09-12,1107.3998916059027
2025-09-15,1108.7587084413651
2025-09-16,1114.3678129130772
2025-09-17,1119.9974190422527
2025-09-18,1130.1829564376596
2025-09-19,1131.51820144955
2025-09-22,1137.077074297624
2025-09-23,1134.6509584965945
2025-09-24,1157.07540011305
2025-09-25,1144.7442004039783
2025-09-26,1147.0306436831736
2025-09-29,1153.753757684436
2025-09-30,1159.702402074015
2025-10-01,1162.4658636261577
2025-10-02,1160.1289905936478
2025-10-03,1160.2605603337238
2025-10-06,1166.790059817156
2025-10-07,1167.0644640888745
2025-10-08,1167.604420486658
2025-10-09,1168.3203654403333
2025-10-10,1167.394660536875
2025-10-13,1165.410610252397
2025-10-14,1168.1516993443408
2025-10-15,1171.858185790551
2025-10-16,1177.2746447403479
2025-10-17,1175.5097934605835
2025-10-20,1171.6494348290566
2025-10-21,1167.6443080863667
2025-10-22,1171.862383259749
2025-10-23,1174.009203597404
2025-10-24,1176.0042585795882
2025-10-27,1174.50155298821
2025-10-28,1178.373191720833
2025-10-29,1185.2689446288803
2025-10-30,1182.0154988269817
2025-10-31,1176.572401946943
2025-11-03,1163.4532047726289
2025-11-04,1159.1043144181183
2025-11-05,1147.7586994966339
2025-11-06,1151.6407989742638
2025-11-07,1153.0393587817966
2025-11-10,1147.2323396032252
2025-11-11,1153.6334177288693
2025-11-12,1149.132446178637
2025-11-13,1140.9569884281666
2025-11-14,1138.9600648341066
2025-11-17,1129.461652994797
2025-11-18,1129.265447518604
2025-11-19,1122.9885971587878
2025-11-20,1124.8644996740304
2025-11-21,1120.1396401200918
2025-11-24,1113.1272287966385
2025-11-25,1103.868493162585
2025-11-26,1102.5627747506928
2025-11-27,1100.5108435682794
2025-11-28,1101.987821398312
2025-12-01,1096.3373745984368
2025-12-02,1096.649251621852
2025-12-03,1106.0558571727554
2025-12-04,1112.1546711309152
2025-12-05,1115.308887990389
2025-12-08,1116.7691194948522
2025-12-09,1123.8321137094003
2025-12-10,1126.5566176284992
2025-12-11,1130.9253598623436
2025-12-12,1130.3718444098142
2025-12-15,1119.2928084833648
2025-12-16,1112.1447550547784
2025-12-17,1107.055838998689
2025-12-18,1110.4220581642771
2025-12-19,1108.966794803199
2025-12-22,1121.9184822330703
2025-12-23,1126.1379481678118
2025-12-24,1122.6151347833454
2025-12-25,1119.9828992143002
2025-12-26,1119.9628908418947
2025-12-29,1119.2165871831216
2025-12-30,1106.2158989481272
2025-12-31,1113.1961449520927
2026-01-01,1116.0504029282934
2026-01-02,1118.4700369537522
2026-01-05,1109.0269714476872
2026-01-06,1111.38776951922
2026-01-07,1125.4977062784214
2026-01-08,1124.518212410295
2026-01-09,1122.551923330023
2026-01-12,1140.0433780165074
2026-01-13,1154.4634881566894
2026-01-14,1154.802700528053
2026-01-15,1146.1663712910997
2026-01-16,1149.3385868761995
2026-01-19,1158.3250590475525
2026-01-20,1159.8158466637583
2026-01-21,1162.1217890994992
2026-01-22,1179.5578804664385
2026-01-23,1178.8770828357272
2026-01-26,1184.7341317657365
2026-01-27,1195.309291928233
2026-01-28,1201.2901523800576
2026-01-29,1191.3355375737829
2026-01-30,1187.084268657934
2026-02-02,1191.9832619088545
2026-02-03,1200.4198555256664
2026-02-04,1202.9673810180084
2026-02-05,1193.6099579249092
2026-02-06,1194.6806634167106
2026-02-09,1200.4222010970657
2026-02-10,1201.7340359611658
2026-02-11,1198.612216527825
2026-02-12,1205.5701358593215
2026-02-13,1205.1699474389013
2026-02-16,1199.089026315168
2026-02-17,1193.8714604335385
2026-02-18,1205.1163437803687
2026-02-19,1182.6257923818807
2026-02-20,1181.2420781124833
2026-02-23,1190.2655778615156
2026-02-24,1184.4306061460445
2026-02-25,1181.586696194629
2026-02-26,1168.6898466433356
2026-02-27,1159.6015151944016
2026-03-02,1136.9117551393272
2026-03-03,1141.7191890150787
2026-03-04,1135.5825548882137
2026-03-05,1139.193147228227
2026-03-06,1130.614427387279
2026-03-09,1120.9137602260475
2026-03-10,1137.429298190872
2026-03-11,1131.205667592836
2026-03-12,1117.0209371016379
2026-03-13,1111.0109291059653
2026-03-16,1108.3708223481462
2026-03-17,1115.9323847782277
2026-03-18,1117.7415414740515
2026-03-19,1117.8287239816186
2026-03-20,1117.6012285135644
2026-03-23,1109.7394803201648
2026-03-24,1113.9317200873077
2026-03-25,1136.6560445380817
2026-03-26,1125.4101744420577
2026-03-27,1124.3588520147603
2026-03-30,1122.4661167757845
2026-03-31,1129.2165930976014
2026-04-01,1140.7058327269624
2026-04-02,1138.439555846074
2026-04-03,1140.5687968855657
2026-04-06,1144.8425198773728
2026-04-07,1130.0448343065407
2026-04-08,1171.8888596963452
2026-04-09,1167.2203662813945
2026-04-10,1169.4860355410656
2026-04-13,1173.910071271166
2026-04-14,1179.827000164554
2026-04-15,1190.8628797408367
2026-04-16,1193.3501054363405
2026-04-17,1195.4282831707694
2026-04-20,1178.9619851663228
2026-04-21,1179.6562883317683
2026-04-22,1169.1944638192622
2026-04-23,1159.2016574425643
2026-04-24,1161.4990397984761
2026-04-27,1165.7049204985603
2026-04-28,1165.3852729487344
2026-04-29,1169.7161491114073
2026-04-30,1157.6043156256517
2026-05-01,1158.7340727340036
2026-05-04,1156.0982976515038
2026-05-05,1148.0096801415282
2026-05-06,1156.1186576352957
2026-05-07,1163.2684518743406
2026-05-08,1161.4258500957187
2026-05-11,1161.57044025911
2026-05-12,1148.164198768235
2026-05-13,1146.3532172785797
2026-05-14,1144.4489144149018
2026-05-15,1143.0682779066228
2026-05-18,1130.973978517638
2026-05-19,1135.27045646058
2026-05-20,1132.903028592183
2026-05-21,1138.0545555369852
2026-05-22,1139.751867671413
2026-05-25,1147.2296800452218
2026-05-26,1147.1063570295871
2026-05-27,1147.0610469416151
2026-05-28,1147.0645576805393
2026-05-29,1147.1444121449013
2026-06-01,1138.686988269591
2026-06-02,1138.6421423205302
2026-06-03,1135.3634839433478
2026-06-04,1134.246567937332
2026-06-05,1135.3932455400297
2026-06-08,1126.1493529802694
2026-06-09,1141.688700350625
2026-06-10,1133.5094932117113
2026-06-11,1134.4143961391867
2026-06-12,1149.2924695526528
2026-06-15,1159.6824714261334
2026-06-16,1169.2753091011587
2026-06-17,1172.7018819399143
2026-06-18,1179.2331010846704
2026-06-19,1173.3886098601536
2026-06-22,1169.3674741320172
2026-06-23,1163.4905139550815
2026-06-24,1157.8132756639816
2026-06-25,1147.2953563326757
2026-06-26,1147.7489678782401
2026-06-29,1137.6219263239716
2026-06-30,1133.5381718521623
2026-07-01,1140.1085533011762
2026-07-02,1137.110672259835
2026-07-03,1140.6510317815384
2026-07-06,1142.2611351174519
2026-07-07,1145.058960797662
2026-07-08,1140.3915534185476
2026-07-09,1137.202976569439
2026-07-10,1140.3342095974363
2026-07-13,1136.791691088692
2026-07-14,1128.3227574861492
2026-07-15,1127.4073324939855
2026-07-16,1127.0417092453158
2026-07-17,1124.8548292713897
2026-07-20,1124.2974027383839
2026-07-21,1124.1000652408395
2026-07-22,1127.9552396472427
2026-07-23,1132.9419714377987
2026-07-24,1132.006827895697
2026-07-27,1134.7595036141358
2026-07-28,1128.9261335147432
2026-07-29,1121.8231813627617
2026-07-30,1126.7393831462834
2026-07-31,1127.16006317459
