Date,EM FAR EAST MINIMUM VOLATILITY (USD)
2001-06-01,992.7661362664177
2001-06-04,995.4143626970852
2001-06-05,995.4939811675445
2001-06-06,1001.6390498142588
2001-06-07,1000.2190912697903
2001-06-08,1015.9779056999213
2001-06-11,1016.1957156999289
2001-06-12,1017.8840282517419
2001-06-13,1016.3308623367689
2001-06-14,1005.802353790818
2001-06-15,1008.9183146368247
2001-06-18,995.0527702219173
2001-06-19,993.2207929072888
2001-06-20,989.0280912350618
2001-06-21,991.0009253882496
2001-06-22,988.8636371475102
2001-06-25,989.6953713881891
2001-06-26,980.2703656037339
2001-06-27,983.2432269748557
2001-06-28,973.2643238618894
2001-06-29,990.7537610767924
2001-07-02,988.0319054408379
2001-07-03,986.8314891282412
2001-07-04,979.5802639311801
2001-07-05,982.0422255010963
2001-07-06,980.7102031668832
2001-07-09,969.9893703366688
2001-07-10,966.6401311749405
2001-07-11,948.5605219121478
2001-07-12,952.4831731237584
2001-07-13,940.3910901693607
2001-07-16,929.6968317119268
2001-07-17,926.4517563550384
2001-07-18,914.195142557673
2001-07-19,911.665735066914
2001-07-20,912.0199897056686
2001-07-23,899.1119778477484
2001-07-24,889.0078670779494
2001-07-25,896.0028489035967
2001-07-26,912.3523947174107
2001-07-27,919.158763727423
2001-07-30,914.5661355011875
2001-07-31,919.4123235375575
2001-08-01,926.1026693810626
2001-08-02,940.0569408873286
2001-08-03,944.7591140040053
2001-08-06,934.2855604823523
2001-08-07,934.454294162451
2001-08-08,944.2322082021701
2001-08-09,930.3314250003633
2001-08-10,933.5954463209044
2001-08-13,942.1484073268263
2001-08-14,957.2923476870383
2001-08-15,962.1852257580841
2001-08-16,968.6754451614448
2001-08-17,962.2229300434794
2001-08-20,950.9119877731933
2001-08-21,952.726450554062
2001-08-22,949.1371913370548
2001-08-23,948.3199122447661
2001-08-24,942.4439852380314
2001-08-27,960.3267492576542
2001-08-28,953.0942077076141
2001-08-29,959.7758292929298
2001-08-30,958.775554287458
2001-08-31,951.4519714678926
2001-09-03,946.7042376279871
2001-09-04,955.2752054892782
2001-09-05,948.6397013019159
2001-09-06,943.981123535456
2001-09-07,941.845619946011
2001-09-10,936.4954321990496
2001-09-11,924.4766828868829
2001-09-12,891.9711756848889
2001-09-13,881.2677536839101
2001-09-14,851.4953349911954
2001-09-17,828.290055021612
2001-09-18,833.8304982443657
2001-09-19,847.9965967954236
2001-09-20,838.3727061545618
2001-09-21,819.3989965869102
2001-09-24,817.7148528600194
2001-09-25,809.179513874702
2001-09-26,814.8189054938955
2001-09-27,817.040572571121
2001-09-28,830.0291745335286
2001-10-01,827.301484070099
2001-10-02,815.5884414767795
2001-10-03,815.4079322137015
2001-10-04,829.8971155147399
2001-10-05,835.4931536053664
2001-10-08,821.3268816272755
2001-10-09,837.3998746735333
2001-10-10,833.6428841936767
2001-10-11,851.2145310081895
2001-10-12,850.2498968156829
2001-10-15,846.2875377511923
2001-10-16,856.0263153718378
2001-10-17,859.8670035996388
2001-10-18,854.7338784599215
2001-10-19,856.4433389742256
2001-10-22,858.4750501428629
2001-10-23,862.7351420599767
2001-10-24,877.7057814086445
2001-10-25,880.1606921445982
2001-10-26,881.4138700909821
2001-10-29,878.7619511941429
2001-10-30,863.3586654309872
2001-10-31,864.6029202182293
2001-11-01,865.0116799427506
2001-11-02,872.5824093618849
2001-11-05,880.4078989855906
2001-11-06,879.9828259975512
2001-11-07,882.019888729849
2001-11-08,890.4754718996858
2001-11-09,896.5275699963051
2001-11-12,901.8603161835188
2001-11-13,900.0591703975571
2001-11-14,916.1348831282918
2001-11-15,931.1301515305671
2001-11-16,938.8316109888034
2001-11-19,948.3258308384261
2001-11-20,941.4072980212503
2001-11-21,951.4753829093528
2001-11-22,956.2488810302668
2001-11-23,973.4451120399751
2001-11-26,995.0441205693564
2001-11-27,988.3217753587567
2001-11-28,958.602885657887
2001-11-29,961.3527366919031
2001-11-30,967.5042920360331
2001-12-03,983.4562889845529
2001-12-04,989.3393748594746
2001-12-05,1016.412239840618
2001-12-06,1035.1798329581777
2001-12-07,1053.0548740641673
2001-12-10,1038.567605805935
2001-12-11,1032.5710616941733
2001-12-12,1057.67025121543
2001-12-13,1046.219239659836
2001-12-14,1044.7779414530562
2001-12-17,1034.5756861710067
2001-12-18,1023.4090563273298
2001-12-19,1014.0771260871279
2001-12-20,1030.3026552970366
2001-12-21,1006.5782795796996
2001-12-24,1012.5147673118546
2001-12-25,1024.7122846543912
2001-12-26,1025.80183808402
2001-12-27,1029.0441528322278
2001-12-28,1047.8595055977278
2001-12-31,1063.851848625523
2002-01-01,1063.851848625523
2002-01-02,1080.213875416912
2002-01-03,1079.792974643284
2002-01-04,1098.0582139811097
2002-01-07,1121.3229452242142
2002-01-08,1105.3071551208059
2002-01-09,1114.7446627456545
2002-01-10,1099.5581631922707
2002-01-11,1087.741849738411
2002-01-14,1088.6936676660184
2002-01-15,1072.4631530696552
2002-01-16,1063.9153108019425
2002-01-17,1067.6838747577208
2002-01-18,1070.5368977302887
2002-01-21,1093.9807287253582
2002-01-22,1089.9399826643705
2002-01-23,1101.8563137748095
2002-01-24,1112.3412667349817
2002-01-25,1136.045484355014
2002-01-28,1145.815075986344
2002-01-29,1137.065038077161
2002-01-30,1119.4421245166677
2002-01-31,1134.3557664356897
2002-02-01,1128.13590376434
2002-02-04,1122.518964165467
2002-02-05,1124.6226334035387
2002-02-06,1130.8523691945436
2002-02-07,1120.146049483844
2002-02-08,1127.7488716284129
2002-02-11,1128.9372303507898
2002-02-12,1130.0995144727276
2002-02-13,1131.6476906456871
2002-02-14,1167.0170869476992
2002-02-15,1167.6031100434923
2002-02-18,1173.2209235105101
2002-02-19,1161.7435581250304
2002-02-20,1150.9140311450485
2002-02-21,1148.8283527097942
2002-02-22,1145.972356454172
2002-02-25,1134.5174840320612
2002-02-26,1134.5339759193132
2002-02-27,1160.6145736531396
2002-02-28,1161.3546004941018
2002-03-01,1164.46174208762
2002-03-04,1191.9276754931811
2002-03-05,1204.0709989221664
2002-03-06,1216.3391534801174
2002-03-07,1212.709397362706
2002-03-08,1209.9084796847646
2002-03-11,1226.4344790432465
2002-03-12,1236.5154174877905
2002-03-13,1229.7487458910168
2002-03-14,1233.6692109691257
2002-03-15,1227.3638137646076
2002-03-18,1231.6068372609973
2002-03-19,1235.865100882876
2002-03-20,1242.8357355677635
2002-03-21,1243.8955017263354
2002-03-22,1260.717533743969
2002-03-25,1253.050798629719
2002-03-26,1257.4605116406876
2002-03-27,1265.0901212788026
2002-03-28,1266.552002726497
2002-03-29,1263.6453498385838
2002-04-01,1254.1223538417096
2002-04-02,1274.620678973922
2002-04-03,1283.7698013263132
2002-04-04,1283.771257034181
2002-04-05,1287.491749719892
2002-04-08,1280.4565244821035
2002-04-09,1259.558459643184
2002-04-10,1239.2883760929456
2002-04-11,1245.1532528861178
2002-04-12,1258.2127225139625
2002-04-15,1274.8140115823117
2002-04-16,1282.7822039775115
2002-04-17,1314.1768937484771
2002-04-18,1322.946548274852
2002-04-19,1326.1136989745335
2002-04-22,1324.9817514587774
2002-04-23,1323.168502522703
2002-04-24,1317.1580586294785
2002-04-25,1287.6949911294478
2002-04-26,1289.2454108103186
2002-04-29,1269.1947823055266
2002-04-30,1263.8640573247706
2002-05-01,1264.3430961739525
2002-05-02,1268.6830918310984
2002-05-03,1277.0146416854436
2002-05-06,1243.980869288135
2002-05-07,1242.641729900156
2002-05-08,1253.3540542643275
2002-05-09,1254.098209989276
2002-05-10,1245.4852446739858
2002-05-13,1243.0967416062458
2002-05-14,1252.2552805264302
2002-05-15,1278.9523627798817
2002-05-16,1273.964112353574
2002-05-17,1292.3549561886202
2002-05-20,1276.8564505713427
2002-05-21,1248.4648462642263
2002-05-22,1271.0421050437503
2002-05-23,1260.989908497921
2002-05-24,1278.0098317508666
2002-05-27,1280.4416861986322
2002-05-28,1278.440690236132
2002-05-29,1273.7857168005032
2002-05-30,1271.4502701963215
2002-05-31,1247.7947309599244
2002-06-03,1251.7032205821545
2002-06-04,1252.1203335070782
2002-06-05,1256.6932689023179
2002-06-06,1258.540307050619
2002-06-07,1240.542209535876
2002-06-10,1255.0921051493606
2002-06-11,1251.6056878493748
2002-06-12,1249.789505959462
2002-06-13,1261.1000388336693
2002-06-14,1254.2379614006054
2002-06-17,1243.6390058540605
2002-06-18,1238.216470056081
2002-06-19,1204.8727070566931
2002-06-20,1214.989727522413
2002-06-21,1218.9518186191408
2002-06-24,1213.8315158873706
2002-06-25,1194.5817131689391
2002-06-26,1150.7851820214116
2002-06-27,1153.5470076325364
2002-06-28,1184.3189673410568
2002-07-01,1171.53148103172
2002-07-02,1179.385900687834
2002-07-03,1187.1397455845793
2002-07-04,1208.939118526834
2002-07-05,1226.3540926241049
2002-07-08,1234.5775209178944
2002-07-09,1251.7315658674268
2002-07-10,1244.7919201306042
2002-07-11,1219.5299507130603
2002-07-12,1251.360659860601
2002-07-15,1244.9914038401248
2002-07-16,1231.6039059932157
2002-07-17,1226.0006319500355
2002-07-18,1227.339308761771
2002-07-19,1212.4539422300288
2002-07-22,1178.5404016161108
2002-07-23,1201.7927251886385
2002-07-24,1172.453614188313
2002-07-25,1175.9812840961768
2002-07-26,1136.1680858209447
2002-07-29,1135.1875673051873
2002-07-30,1171.6289947438308
2002-07-31,1168.122293233738
2002-08-01,1163.4235433497377
2002-08-02,1155.0405174859034
2002-08-05,1110.5484426810544
2002-08-06,1095.9936362709661
2002-08-07,1110.7800957283598
2002-08-08,1112.1667706669177
2002-08-09,1132.786515102263
2002-08-12,1135.676805734363
2002-08-13,1144.9336811611045
2002-08-14,1159.1953950822167
2002-08-15,1163.1390705546423
2002-08-16,1171.0691855470884
2002-08-19,1162.6382904765396
2002-08-20,1178.2158030331989
2002-08-21,1178.8676059981124
2002-08-22,1184.2174123199952
2002-08-23,1176.2640380738756
2002-08-26,1168.5342243202158
2002-08-27,1160.4843706123984
2002-08-28,1154.361458607299
2002-08-29,1151.7403207919433
2002-08-30,1155.9150626333817
2002-09-02,1153.3896587006495
2002-09-03,1141.6443422127286
2002-09-04,1128.2646323570073
2002-09-05,1121.9035603125667
2002-09-06,1109.0764264460202
2002-09-09,1108.3164693165957
2002-09-10,1130.3177203009748
2002-09-11,1135.104521590092
2002-09-12,1143.3657186296116
2002-09-13,1120.4475749351232
2002-09-16,1093.1649306976212
2002-09-17,1123.0439119878342
2002-09-18,1096.9835276565018
2002-09-19,1098.5527538097456
2002-09-20,1090.6371636644596
2002-09-23,1063.0090646479243
2002-09-24,1050.2478682275041
2002-09-25,1033.5571883726834
2002-09-26,1039.2844362207677
2002-09-27,1043.914956320301
2002-09-30,1034.9787589710056
2002-10-01,1036.333993073012
2002-10-02,1036.5953935190664
2002-10-03,1029.052581116702
2002-10-04,1026.6276789068409
2002-10-07,995.3969662854032
2002-10-08,996.9013954317583
2002-10-09,983.0559865140674
2002-10-10,955.4292003494895
2002-10-11,950.3446076684791
2002-10-14,968.9850251622062
2002-10-15,995.6109640843273
2002-10-16,1017.0303144144564
2002-10-17,1031.1618268234197
2002-10-18,1057.3970547486804
2002-10-21,1045.6187442714265
2002-10-22,1028.1327073695031
2002-10-23,1064.725453164415
2002-10-24,1056.2552304353867
2002-10-25,1054.4724048133744
2002-10-28,1070.0492259216908
2002-10-29,1065.4360544564
2002-10-30,1051.9312535075078
2002-10-31,1061.1088496382827
2002-11-01,1043.3674631596868
2002-11-04,1069.0707234131703
2002-11-05,1064.7424576036767
2002-11-06,1084.2292753548384
2002-11-07,1090.484588226075
2002-11-08,1094.7746145437882
2002-11-11,1076.5516577444935
2002-11-12,1072.8950294428935
2002-11-13,1072.657849598039
2002-11-14,1068.462806233606
2002-11-15,1093.8298523655549
2002-11-18,1085.4274137105224
2002-11-19,1082.6809580375905
2002-11-20,1078.3867315321488
2002-11-21,1079.6686010394187
2002-11-22,1092.3855851393373
2002-11-25,1101.7594600184236
2002-11-26,1098.9808213041592
2002-11-27,1094.864720597822
2002-11-28,1099.426909675797
2002-11-29,1107.7463632247843
2002-12-02,1108.9735364326864
2002-12-03,1120.9574153926046
2002-12-04,1104.1736105305615
2002-12-05,1109.0358031094806
2002-12-06,1108.2676274672694
2002-12-09,1116.5069283393661
2002-12-10,1102.4115387361828
2002-12-11,1097.8314562256066
2002-12-12,1109.2021875055916
2002-12-13,1103.1989446838666
2002-12-16,1094.955399066575
2002-12-17,1105.1028731919603
2002-12-18,1103.4221792564115
2002-12-19,1104.2987640372132
2002-12-20,1111.7559308298473
2002-12-23,1098.8477855002564
2002-12-24,1089.20358271622
2002-12-25,1086.3835685826064
2002-12-26,1091.235360659359
2002-12-27,1077.3705520162641
2002-12-30,1052.857292227943
2002-12-31,1054.2459432599321
2003-01-01,1054.2459432599321
2003-01-02,1057.1205593819714
2003-01-03,1077.5839232030314
2003-01-06,1089.0954869560317
2003-01-07,1083.793058897801
2003-01-08,1094.293268808026
2003-01-09,1086.9349892476725
2003-01-10,1093.970693812224
2003-01-13,1120.1957335002144
2003-01-14,1128.3318167320392
2003-01-15,1131.9371347215283
2003-01-16,1122.6234539387772
2003-01-17,1115.5240612995838
2003-01-20,1114.5707086963278
2003-01-21,1112.0427424066972
2003-01-22,1106.1516713301864
2003-01-23,1112.674961463141
2003-01-24,1100.696590763519
2003-01-27,1085.5310340977187
2003-01-28,1091.9173371530342
2003-01-29,1085.834075217596
2003-01-30,1090.6557366354193
2003-01-31,1093.0345755737153
2003-02-03,1093.0982390806391
2003-02-04,1097.1663849253769
2003-02-05,1098.9273787800091
2003-02-06,1077.2711128065448
2003-02-07,1060.8408389260533
2003-02-10,1053.8995607759184
2003-02-11,1048.8075283283354
2003-02-12,1057.5608916452884
2003-02-13,1042.4098109001202
2003-02-14,1041.402043043499
2003-02-17,1070.2415991947728
2003-02-18,1069.885582229454
2003-02-19,1064.215461471099
2003-02-20,1064.545796004002
2003-02-21,1062.5497527622601
2003-02-24,1073.4092458194423
2003-02-25,1053.2966286626104
2003-02-26,1048.3033405027213
2003-02-27,1044.2651694292733
2003-02-28,1037.125270693913
2003-03-03,1050.9942768088006
2003-03-04,1040.6527601830119
2003-03-05,1017.9761208200143
2003-03-06,1008.0532774986588
2003-03-07,996.3595943705243
2003-03-10,984.7014415734744
2003-03-11,977.012977255509
2003-03-12,983.1395388072025
2003-03-13,986.3069621933523
2003-03-14,1000.2302441031744
2003-03-17,978.144684153454
2003-03-18,1005.2544225157691
2003-03-19,1003.9553375664598
2003-03-20,1032.0127831527811
2003-03-21,1034.7940738520338
2003-03-24,1028.4877305464056
2003-03-25,1016.3091503320971
2003-03-26,1019.3710113877514
2003-03-27,1021.235994669659
2003-03-28,1023.1848030538112
2003-03-31,1001.2148337326636
2003-04-01,1002.7592222679209
2003-04-02,1004.7429074194985
2003-04-03,1008.2540170058178
2003-04-04,1028.9948960420788
2003-04-07,1052.5729770379132
2003-04-08,1051.4150187346856
2003-04-09,1040.3095766005063
2003-04-10,1054.8517611578607
2003-04-11,1059.3640039268837
2003-04-14,1061.2548601963297
2003-04-15,1074.3439634394108
2003-04-16,1093.9267308077249
2003-04-17,1090.0660319474819
2003-04-18,1106.5168475404555
2003-04-21,1103.1875010507028
2003-04-22,1079.0353668106945
2003-04-23,1072.0165572024666
2003-04-24,1048.6699559607896
2003-04-25,1019.4668630938016
2003-04-28,1024.4715366379821
2003-04-29,1056.259147119412
2003-04-30,1055.2125058390345
2003-05-01,1055.2422496745562
2003-05-02,1057.9933288673915
2003-05-05,1061.0523249270389
2003-05-06,1069.119682064583
2003-05-07,1088.296374813414
2003-05-08,1082.4009187552056
2003-05-09,1084.047921102452
2003-05-12,1097.6150634858213
2003-05-13,1092.8627902840929
2003-05-14,1092.098772272949
2003-05-15,1102.661466486543
2003-05-16,1093.167721081279
2003-05-19,1085.1356582683577
2003-05-20,1089.8392059138175
2003-05-21,1088.7112323972387
2003-05-22,1092.8394841143318
2003-05-23,1112.413537308319
2003-05-26,1128.862537046829
2003-05-27,1121.6083229738213
2003-05-28,1131.3854405265656
2003-05-29,1137.52252638777
2003-05-30,1134.3416218371717
2003-06-02,1152.9216017136018
2003-06-03,1144.4965200600616
2003-06-04,1150.380943780234
2003-06-05,1157.2424826522831
2003-06-06,1155.8332380545608
2003-06-09,1169.5874812285224
2003-06-10,1168.8393421114856
2003-06-11,1169.1289262427042
2003-06-12,1182.943441647653
2003-06-13,1194.083570691463
2003-06-16,1189.88635535808
2003-06-17,1208.006905612127
2003-06-18,1208.5931677952196
2003-06-19,1212.3530016253105
2003-06-20,1209.0458432430123
2003-06-23,1196.3312360732052
2003-06-24,1188.6454447798271
2003-06-25,1202.8236022140752
2003-06-26,1202.005429522235
2003-06-27,1207.586878007694
2003-06-30,1201.467011289658
2003-07-01,1216.3502048685154
2003-07-02,1232.759458070074
2003-07-03,1239.5352159720035
2003-07-04,1247.388809790517
2003-07-07,1269.6815359486075
2003-07-08,1277.9500607192815
2003-07-09,1279.684600158891
2003-07-10,1268.1831881972848
2003-07-11,1270.3025636808084
2003-07-14,1292.39323057779
2003-07-15,1288.1688820276786
2003-07-16,1293.377417846224
2003-07-17,1277.3162352963748
2003-07-18,1265.2778232376922
2003-07-21,1263.4024323400133
2003-07-22,1262.5756659743215
2003-07-23,1261.6097485091086
2003-07-24,1278.4864779381212
2003-07-25,1286.6781261737406
2003-07-28,1300.3951170830483
2003-07-29,1300.9584181789776
2003-07-30,1294.8639245253742
2003-07-31,1297.4764001339074
2003-08-01,1313.0519228546332
2003-08-04,1306.082299791813
2003-08-05,1292.5261333082235
2003-08-06,1280.7974174530812
2003-08-07,1280.2986607200164
2003-08-08,1278.6824056754795
2003-08-11,1288.6962638355203
2003-08-12,1292.3579968364459
2003-08-13,1314.4703666546977
2003-08-14,1322.296690692221
2003-08-15,1325.6295774503665
2003-08-18,1328.9931137751569
2003-08-19,1332.501327344614
2003-08-20,1335.031767842692
2003-08-21,1353.0704579159794
2003-08-22,1356.3540178192363
2003-08-25,1354.819843712169
2003-08-26,1336.2387922239668
2003-08-27,1339.244596728255
2003-08-28,1337.2069471054772
2003-08-29,1357.178583187149
2003-09-01,1368.2102389591769
2003-09-02,1370.391450083719
2003-09-03,1376.0469588116075
2003-09-04,1374.7495527894957
2003-09-05,1379.0180364252665
2003-09-08,1380.2437079238439
2003-09-09,1378.2131483046871
2003-09-10,1368.169190197839
2003-09-11,1371.0670112271496
2003-09-12,1374.7506408767067
2003-09-15,1365.6915442138231
2003-09-16,1379.0706637699757
2003-09-17,1378.9976026360198
2003-09-18,1369.250399855437
2003-09-19,1361.719127637827
2003-09-22,1344.095409101424
2003-09-23,1353.74145976137
2003-09-24,1371.1491839552039
2003-09-25,1356.7420286735633
2003-09-26,1345.1766761291922
2003-09-29,1341.1092688619096
2003-09-30,1342.0215091218408
2003-10-01,1350.1712653122333
2003-10-02,1368.9773230806059
2003-10-03,1371.8602768502326
2003-10-06,1383.6179058157625
2003-10-07,1392.9600193500496
2003-10-08,1397.3043849587034
2003-10-09,1421.4178380820945
2003-10-10,1441.747494775533
2003-10-13,1445.93830416473
2003-10-14,1435.8882848746446
2003-10-15,1433.4920787268277
2003-10-16,1457.1385880679884
2003-10-17,1449.4756039627327
2003-10-20,1463.2356897701952
2003-10-21,1459.6351667935241
2003-10-22,1465.2009569396848
2003-10-23,1431.569321130705
2003-10-24,1427.4220492402383
2003-10-27,1441.6222928133377
2003-10-28,1468.1076701736038
2003-10-29,1469.6532958740577
2003-10-30,1479.7698107426704
2003-10-31,1477.8466935314073
2003-11-03,1489.6038594600338
2003-11-04,1498.6883463061113
2003-11-05,1506.4884968038964
2003-11-06,1487.4511551977832
2003-11-07,1495.2003717242922
2003-11-10,1488.0411782157996
2003-11-11,1471.7273976704878
2003-11-12,1474.8219732530247
2003-11-13,1492.9630336980636
2003-11-14,1490.561412206725
2003-11-17,1462.9255745172627
2003-11-18,1464.9753201935905
2003-11-19,1435.8202425721902
2003-11-20,1424.3167599012233
2003-11-21,1425.40042747793
2003-11-24,1412.8665824808488
2003-11-25,1430.7307026353324
2003-11-26,1443.2417705795474
2003-11-27,1434.520989335932
2003-11-28,1456.8772947388547
2003-12-01,1477.8755817838326
2003-12-02,1481.3690132715678
2003-12-03,1484.3505882058444
2003-12-04,1485.0841044297904
2003-12-05,1474.2299293856463
2003-12-08,1471.5406043338376
2003-12-09,1487.1648838156161
2003-12-10,1496.328230734244
2003-12-11,1502.1557729409408
2003-12-12,1513.3065855981886
2003-12-15,1520.2312496413035
2003-12-16,1509.4619505599
2003-12-17,1492.1813216421988
2003-12-18,1503.6954885523226
2003-12-19,1513.7479001636884
2003-12-22,1521.0479744973982
2003-12-23,1519.204179142668
2003-12-24,1516.5095599337417
2003-12-25,1517.1614220219167
2003-12-26,1519.3076570576293
2003-12-29,1525.9955501993315
2003-12-30,1553.703659367769
2003-12-31,1561.7424193627921
2004-01-01,1561.7424193627921
2004-01-02,1588.6908475027649
2004-01-05,1606.0225618215488
2004-01-06,1600.4204949058028
2004-01-07,1599.5521185984262
2004-01-08,1602.1437878921897
2004-01-09,1627.998105222031
2004-01-12,1622.5977579525834
2004-01-13,1614.0940613764556
2004-01-14,1618.6752615609585
2004-01-15,1606.4250871364895
2004-01-16,1603.0575542331503
2004-01-19,1617.8531088635227
2004-01-20,1629.3304151030002
2004-01-21,1633.392462188907
2004-01-22,1633.3360598257248
2004-01-23,1636.4235880062574
2004-01-26,1633.9133312312424
2004-01-27,1641.940510991378
2004-01-28,1638.1605245622377
2004-01-29,1625.2255814182063
2004-01-30,1625.1919269437512
2004-02-02,1617.0287410590472
2004-02-03,1609.4181512458567
2004-02-04,1607.206955747429
2004-02-05,1612.1035464180475
2004-02-06,1630.5522509604853
2004-02-09,1654.8406261479688
2004-02-10,1653.0712677787553
2004-02-11,1666.1527712655204
2004-02-12,1674.88522385843
2004-02-13,1686.2830051106253
2004-02-16,1688.4443941173063
2004-02-17,1698.837257397678
2004-02-18,1700.1346364556007
2004-02-19,1695.0401609246255
2004-02-20,1690.1638914290243
2004-02-23,1681.181924304784
2004-02-24,1667.854179538603
2004-02-25,1670.8701268776124
2004-02-26,1680.4033921587438
2004-02-27,1692.4306749113246
2004-03-01,1703.1470096987375
2004-03-02,1721.6548235292096
2004-03-03,1705.3093574104057
2004-03-04,1719.3763496475392
2004-03-05,1715.0654308221813
2004-03-08,1710.4431102634078
2004-03-09,1713.614074088044
2004-03-10,1688.932617526622
2004-03-11,1675.591465182588
2004-03-12,1650.220233858207
2004-03-15,1650.8467709681242
2004-03-16,1647.4893918506043
2004-03-17,1673.9986109132967
2004-03-18,1686.267538295136
2004-03-19,1697.0663898477183
2004-03-22,1647.726753856515
2004-03-23,1639.7576814929578
2004-03-24,1650.3056616771476
2004-03-25,1633.9011543635452
2004-03-26,1643.2807447879204
2004-03-29,1665.1830268282815
2004-03-30,1669.8987014629474
2004-03-31,1687.2767077347726
2004-04-01,1693.9375874788784
2004-04-02,1703.2240713644867
2004-04-05,1712.7448779434765
2004-04-06,1720.2735006338855
2004-04-07,1728.2021794460707
2004-04-08,1733.9860431792463
2004-04-09,1720.6799142424863
2004-04-12,1740.2112140763445
2004-04-13,1738.994380253765
2004-04-14,1720.1936303933435
2004-04-15,1712.1457359581498
2004-04-16,1697.9825172801297
2004-04-19,1705.6711661225759
2004-04-20,1712.5658659654637
2004-04-21,1702.1775082163429
2004-04-22,1691.863654761724
2004-04-23,1714.3941411782107
2004-04-26,1688.515534601412
2004-04-27,1683.4550382275459
2004-04-28,1668.1816501979554
2004-04-29,1617.8575020160301
2004-04-30,1584.94060530936
2004-05-03,1585.412729904407
2004-05-04,1603.5688819532195
2004-05-05,1584.7076418022014
2004-05-06,1570.2418984731714
2004-05-07,1572.523744041505
2004-05-10,1493.6937233225733
2004-05-11,1497.9178229184638
2004-05-12,1532.6996439942889
2004-05-13,1501.431225566852
2004-05-14,1464.9625493293458
2004-05-17,1407.5706149310604
2004-05-18,1428.3384928778632
2004-05-19,1500.4684446406393
2004-05-20,1486.8107395982881
2004-05-21,1519.1848298541008
2004-05-24,1524.707762435675
2004-05-25,1519.5146434434737
2004-05-26,1525.3950146233694
2004-05-27,1554.8941382717733
2004-05-28,1569.1542458206532
2004-05-31,1557.5648319741124
2004-06-01,1566.1574314068466
2004-06-02,1551.577112539667
2004-06-03,1509.367766610318
2004-06-04,1520.9616486178488
2004-06-07,1569.951062583466
2004-06-08,1573.8325108497922
2004-06-09,1565.4815555836974
2004-06-10,1547.6146028701319
2004-06-11,1519.110541924143
2004-06-14,1496.008998149841
2004-06-15,1505.3402714226575
2004-06-16,1509.3320127691086
2004-06-17,1518.308795948418
2004-06-18,1496.995891713964
2004-06-21,1505.5638436431566
2004-06-22,1500.199562973861
2004-06-23,1506.7139286975766
2004-06-24,1539.9105961907733
2004-06-25,1553.7763537696414
2004-06-28,1540.5428874150498
2004-06-29,1547.1804309762122
2004-06-30,1555.395455959598
2004-07-01,1559.0296843304973
2004-07-02,1539.4687556875542
2004-07-05,1541.2674934299607
2004-07-06,1553.5329599733338
2004-07-07,1557.7088851911371
2004-07-08,1534.3942639090867
2004-07-09,1542.3191983306867
2004-07-12,1538.9149245111737
2004-07-13,1531.2116027650745
2004-07-14,1510.6654757590225
2004-07-15,1498.6648040783575
2004-07-16,1506.9100796529249
2004-07-19,1523.8902162927766
2004-07-20,1504.118507187288
2004-07-21,1529.4066675308877
2004-07-22,1514.8145053151748
2004-07-23,1505.897148075225
2004-07-26,1503.0404032255717
2004-07-27,1508.7576702571134
2004-07-28,1512.849500877103
2004-07-29,1497.5815475270697
2004-07-30,1509.8149174532393
2004-08-02,1491.9096132998725
2004-08-03,1493.6246837861547
2004-08-04,1491.7252755678232
2004-08-05,1515.0383298470344
2004-08-06,1501.908543831799
2004-08-09,1508.6577640759654
2004-08-10,1508.330838872735
2004-08-11,1505.6264694866463
2004-08-12,1512.8997193138084
2004-08-13,1515.8041057240612
2004-08-16,1507.5727564354154
2004-08-17,1501.9158359120613
2004-08-18,1515.0338657585169
2004-08-19,1541.3765860518097
2004-08-20,1542.1807999853318
2004-08-23,1543.3079983050184
2004-08-24,1543.1575126317546
2004-08-25,1553.3666517042448
2004-08-26,1570.2206865005553
2004-08-27,1570.9749068169533
2004-08-30,1570.518825912408
2004-08-31,1567.679005746512
2004-09-01,1590.994809435918
2004-09-02,1599.281156582006
2004-09-03,1592.4864913386405
2004-09-06,1599.0671948120078
2004-09-07,1601.2695693296628
2004-09-08,1600.6842840637635
2004-09-09,1606.5510809462007
2004-09-10,1615.4228887312465
2004-09-13,1634.3065251025246
2004-09-14,1631.0824120505133
2004-09-15,1630.7717720186859
2004-09-16,1645.6849040994
2004-09-17,1639.8162721298713
2004-09-20,1657.4995622382355
2004-09-21,1665.748388545977
2004-09-22,1649.8473677230133
2004-09-23,1643.10057684782
2004-09-24,1639.906254202326
2004-09-27,1633.7493332627855
2004-09-28,1629.2548113343248
2004-09-29,1626.2639203825674
2004-09-30,1637.6315477447192
2004-10-01,1658.5481477715202
2004-10-04,1699.3153194625145
2004-10-05,1694.6715897012518
2004-10-06,1688.1946275193907
2004-10-07,1695.1127953807097
2004-10-08,1696.9213248104243
2004-10-11,1696.8627962679413
2004-10-12,1670.742494933679
2004-10-13,1665.0813713377236
2004-10-14,1646.4432419213156
2004-10-15,1640.5336098642122
2004-10-18,1643.7383783793694
2004-10-19,1653.3819256539973
2004-10-20,1629.0517570911475
2004-10-21,1622.7363489943389
2004-10-22,1633.102118036846
2004-10-25,1615.7672133915744
2004-10-26,1614.3416064586288
2004-10-27,1617.3234894411614
2004-10-28,1643.2825347382034
2004-10-29,1653.4897613110809
2004-11-01,1650.7584605313932
2004-11-02,1674.8116107886458
2004-11-03,1693.3155756424776
2004-11-04,1687.068071347343
2004-11-05,1701.978876880283
2004-11-08,1696.9972551745568
2004-11-09,1698.9331581361266
2004-11-10,1711.6230374600696
2004-11-11,1706.1057116908528
2004-11-12,1727.0790134917886
2004-11-15,1744.5540349830242
2004-11-16,1736.4759392845792
2004-11-17,1766.2555439067428
2004-11-18,1766.4425827808327
2004-11-19,1756.995989333255
2004-11-22,1735.4485447620507
2004-11-23,1753.241849308845
2004-11-24,1773.8821844728902
2004-11-25,1772.3066584512253
2004-11-26,1764.6880505296317
2004-11-29,1779.2468220826056
2004-11-30,1795.7717843515463
2004-12-01,1790.3125229239022
2004-12-02,1810.0346528501561
2004-12-03,1798.8827328446062
2004-12-06,1799.5410634958541
2004-12-07,1790.3866806003725
2004-12-08,1772.6938891463865
2004-12-09,1764.547865596218
2004-12-10,1741.9782475343072
2004-12-13,1742.030659506496
2004-12-14,1752.3334032892471
2004-12-15,1771.7785502137024
2004-12-16,1780.5644597174798
2004-12-17,1779.596545107977
2004-12-20,1792.7434090852357
2004-12-21,1789.3742093319959
2004-12-22,1793.6298224246643
2004-12-23,1795.791070327587
2004-12-24,1800.948809680373
2004-12-27,1799.17541383799
2004-12-28,1809.3528402866905
2004-12-29,1817.5281697048697
2004-12-30,1824.4657484925067
2004-12-31,1834.033417196907
2005-01-03,1827.8680240249882
2005-01-04,1814.4628849330315
2005-01-05,1795.914693468552
2005-01-06,1782.2579193233696
2005-01-07,1783.0047438363574
2005-01-10,1782.2980916161325
2005-01-11,1800.809530844866
2005-01-12,1799.786742668398
2005-01-13,1811.954350272961
2005-01-14,1813.2673831767186
2005-01-17,1829.87981273325
2005-01-18,1824.661252921069
2005-01-19,1830.5043956633065
2005-01-20,1821.5787922674904
2005-01-21,1817.7300904770668
2005-01-24,1818.0267327366778
2005-01-25,1815.2701133461585
2005-01-26,1830.6483832234594
2005-01-27,1831.409509879135
2005-01-28,1835.4776433690602
2005-01-31,1847.8607825225622
2005-02-01,1841.845352453969
2005-02-02,1849.00027446782
2005-02-03,1857.5366725849976
2005-02-04,1859.5374792890761
2005-02-07,1873.962617114234
2005-02-08,1874.128326965646
2005-02-09,1873.1260711018622
2005-02-10,1867.3420175677984
2005-02-11,1871.0802459358986
2005-02-14,1899.8368110592398
2005-02-15,1904.3361175081081
2005-02-16,1901.106560583608
2005-02-17,1896.0520820931172
2005-02-18,1908.2877623180173
2005-02-21,1909.941352662976
2005-02-22,1919.3583730294479
2005-02-23,1915.8468974266032
2005-02-24,1930.6392890563911
2005-02-25,1941.9702342550563
2005-02-28,1960.074265578394
2005-03-01,1964.7110351202705
2005-03-02,1949.5946986584556
2005-03-03,1956.357693846636
2005-03-04,1954.3361735787319
2005-03-07,1961.786604962901
2005-03-08,1961.9238187086294
2005-03-09,1982.9977988622559
2005-03-10,1970.9128168545576
2005-03-11,1988.2246824654944
2005-03-14,1977.8271960709726
2005-03-15,1943.0755334744456
2005-03-16,1950.3305716644352
2005-03-17,1944.3243661203396
2005-03-18,1945.0027755967067
2005-03-21,1940.7055513267878
2005-03-22,1924.9631388742857
2005-03-23,1910.2176755924997
2005-03-24,1891.368435134261
2005-03-25,1901.934138001144
2005-03-28,1903.5775254993046
2005-03-29,1875.1951280720466
2005-03-30,1868.7248149384418
2005-03-31,1888.4823087550556
2005-04-01,1911.004390221834
2005-04-04,1902.7563933896943
2005-04-05,1901.8510042346318
2005-04-06,1906.2641302696804
2005-04-07,1901.7626757340895
2005-04-08,1909.4398186545209
2005-04-11,1907.7229192621937
2005-04-12,1906.5677642194419
2005-04-13,1917.02264686339
2005-04-14,1883.3207168412087
2005-04-15,1863.4146393914025
2005-04-18,1822.783001140038
2005-04-19,1839.1080674974583
2005-04-20,1849.1311791676073
2005-04-21,1851.701286188735
2005-04-22,1865.2013017763113
2005-04-25,1867.3930232639436
2005-04-26,1872.577004018582
2005-04-27,1858.8405989643165
2005-04-28,1861.3963019041673
2005-04-29,1865.9377014909692
2005-05-02,1868.4499487453822
2005-05-03,1865.720431040301
2005-05-04,1886.7606838154836
2005-05-05,1902.0555228523028
2005-05-06,1911.782420486223
2005-05-09,1904.1901696190453
2005-05-10,1902.2585284117804
2005-05-11,1888.6405986331852
2005-05-12,1884.1697562916731
2005-05-13,1882.3916463861729
2005-05-16,1876.0936306297733
2005-05-17,1872.8570545762584
2005-05-18,1871.645712411899
2005-05-19,1895.5724739913169
2005-05-20,1892.7438766772902
2005-05-23,1883.7849946939984
2005-05-24,1889.6781510762314
2005-05-25,1874.164751084913
2005-05-26,1876.3561966493453
2005-05-27,1895.0318508144894
2005-05-30,1903.1621881052524
2005-05-31,1899.7234416275962
2005-06-01,1889.039180312994
2005-06-02,1897.1055039763687
2005-06-03,1909.5017056719769
2005-06-06,1919.286699685987
2005-06-07,1918.3014593482549
2005-06-08,1924.9307045363673
2005-06-09,1923.7391075352473
2005-06-10,1935.3727185741313
2005-06-13,1937.9301513169512
2005-06-14,1938.6316700098669
2005-06-15,1954.6172541188866
2005-06-16,1956.476486219516
2005-06-17,1960.467019235601
2005-06-20,1956.121185261845
2005-06-21,1951.8211441030453
2005-06-22,1974.1103766769058
2005-06-23,1982.12495187686
2005-06-24,1972.5693400736923
2005-06-27,1958.4354641134812
2005-06-28,1964.5159767547264
2005-06-29,1955.119750409873
2005-06-30,1956.2957855268826
2005-07-01,1962.3887939363622
2005-07-04,1954.021241879836
2005-07-05,1941.4026522012628
2005-07-06,1944.2609907652059
2005-07-07,1940.4819778056665
2005-07-08,1932.4170904120863
2005-07-11,1966.3891823582362
2005-07-12,1983.3655714265578
2005-07-13,1989.5027774884313
2005-07-14,2006.342848619366
2005-07-15,1989.5507895806986
2005-07-18,1992.6064844768348
2005-07-19,2000.6506677717334
2005-07-20,2012.4128941798967
2005-07-21,2022.4978870368063
2005-07-22,2046.3518542219992
2005-07-25,2057.584865112789
2005-07-26,2047.5581502225734
2005-07-27,2044.5769792528658
2005-07-28,2060.184430391038
2005-07-29,2061.861846541851
2005-08-01,2067.3323080038535
2005-08-02,2088.113324174576
2005-08-03,2103.886503192554
2005-08-04,2099.747554799619
2005-08-05,2088.401165494619
2005-08-08,2086.5879686473077
2005-08-09,2091.6928192185633
2005-08-10,2098.312099928584
2005-08-11,2111.568624494672
2005-08-12,2118.069600632312
2005-08-15,2101.395338762313
2005-08-16,2084.661138090506
2005-08-17,2078.317744065843
2005-08-18,2059.68082442801
2005-08-19,2050.5964887849927
2005-08-22,2080.363794008496
2005-08-23,2072.390387777602
2005-08-24,2045.2378413451406
2005-08-25,2046.869247835773
2005-08-26,2047.3005633734765
2005-08-29,2017.7579310719705
2005-08-30,2016.8283605954114
2005-08-31,2015.092377913803
2005-09-01,2040.1362071037252
2005-09-02,2056.2973791295626
2005-09-05,2056.068793999447
2005-09-06,2058.560932031479
2005-09-07,2068.226233005182
2005-09-08,2068.5057644251583
2005-09-09,2073.8381974745894
2005-09-12,2086.6022437987763
2005-09-13,2084.726404130444
2005-09-14,2084.7911914740585
2005-09-15,2079.826302627519
2005-09-16,2075.1836425947445
2005-09-19,2074.3587616359873
2005-09-20,2100.8298303678557
2005-09-21,2104.002020142056
2005-09-22,2096.6977200387937
2005-09-23,2073.349311253247
2005-09-26,2086.1063182797307
2005-09-27,2085.7436416812066
2005-09-28,2094.3303368550437
2005-09-29,2121.593576881775
2005-09-30,2127.0114175776857
2005-10-03,2120.780288065193
2005-10-04,2133.0248039867743
2005-10-05,2126.5164544499007
2005-10-06,2097.942992510962
2005-10-07,2096.5016985292605
2005-10-10,2115.2966992531806
2005-10-11,2118.6639765515433
2005-10-12,2093.0655669531557
2005-10-13,2070.1284038651565
2005-10-14,2062.25879784433
2005-10-17,2043.3443308553026
2005-10-18,2048.9799980466432
2005-10-19,2004.0626295640536
2005-10-20,2011.4736721984327
2005-10-21,2020.9958022091025
2005-10-24,2012.616316503102
2005-10-25,2015.5326682938733
2005-10-26,2028.1412563100557
2005-10-27,2018.204828281756
2005-10-28,1994.043058625798
2005-10-31,2019.6051708804675
2005-11-01,2044.1410324563417
2005-11-02,2070.12196580581
2005-11-03,2070.446089128012
2005-11-04,2077.2511717059388
2005-11-07,2064.2243933844475
2005-11-08,2063.125751207333
2005-11-09,2086.1076532479906
2005-11-10,2090.5226529756706
2005-11-11,2116.576591951924
2005-11-14,2115.8774084391807
2005-11-15,2111.6213518778277
2005-11-16,2114.292375324071
2005-11-17,2119.8880045083083
2005-11-18,2144.609229262891
2005-11-21,2142.990646913779
2005-11-22,2127.9730344668706
2005-11-23,2171.387159700975
2005-11-24,2170.663464320334
2005-11-25,2166.685595546494
2005-11-28,2169.071322962614
2005-11-29,2156.016736716056
2005-11-30,2174.107245343666
2005-12-01,2173.814692336184
2005-12-02,2177.996577497234
2005-12-05,2188.3131448173153
2005-12-06,2189.383276255343
2005-12-07,2203.466245552751
2005-12-08,2199.777617465996
2005-12-09,2202.170973865998
2005-12-12,2218.7852352007217
2005-12-13,2223.9433901450047
2005-12-14,2227.660990612057
2005-12-15,2226.70166717372
2005-12-16,2218.239586902536
2005-12-19,2239.7146506926083
2005-12-20,2244.4326540946613
2005-12-21,2253.22693572204
2005-12-22,2246.1922426309998
2005-12-23,2262.8160760672827
2005-12-26,2270.2030867969925
2005-12-27,2275.5887724847876
2005-12-28,2262.159102515869
2005-12-29,2282.152489966569
2005-12-30,2275.3179926298253
2006-01-02,2270.1975433794732
2006-01-03,2300.4493448645844
2006-01-04,2344.1943246345404
2006-01-05,2369.1054331400164
2006-01-06,2373.3264593784043
2006-01-09,2402.0492560706234
2006-01-10,2385.95347585897
2006-01-11,2384.804095131769
2006-01-12,2407.074323542826
2006-01-13,2400.070993768529
2006-01-16,2410.745702873356
2006-01-17,2382.991732240121
2006-01-18,2344.189188037914
2006-01-19,2367.1561401909166
2006-01-20,2348.843071459565
2006-01-23,2333.8893204256606
2006-01-24,2360.620187865476
2006-01-25,2387.8055544281274
2006-01-26,2384.377761067643
2006-01-27,2410.320456557277
2006-01-30,2409.232381708525
2006-01-31,2426.2831179045625
2006-02-01,2430.1200395571523
2006-02-02,2414.168914036594
2006-02-03,2388.7968662680123
2006-02-06,2418.3948777183073
2006-02-07,2409.32912677042
2006-02-08,2369.1594808873547
2006-02-09,2375.5897772262856
2006-02-10,2392.7038901536703
2006-02-13,2374.2873374755654
2006-02-14,2394.5657280308656
2006-02-15,2378.4622945246224
2006-02-16,2384.6463420175546
2006-02-17,2404.1079930766814
2006-02-20,2423.722172265291
2006-02-21,2414.7314519147044
2006-02-22,2399.067322785686
2006-02-23,2420.5126959537274
2006-02-24,2433.5322135752713
2006-02-27,2444.1174073394545
2006-02-28,2435.2602586067133
2006-03-01,2439.969722591972
2006-03-02,2444.497234085783
2006-03-03,2412.861716442574
2006-03-06,2420.254430698057
2006-03-07,2383.900072106158
2006-03-08,2365.2224965385435
2006-03-09,2371.511162335245
2006-03-10,2373.091964591058
2006-03-13,2390.08737970815
2006-03-14,2386.8512681487946
2006-03-15,2404.798452028149
2006-03-16,2407.1753189946016
2006-03-17,2416.078472793167
2006-03-20,2428.9021076082354
2006-03-21,2423.9060435603474
2006-03-22,2386.524070721107
2006-03-23,2393.50652921534
2006-03-24,2396.2538990362527
2006-03-27,2416.0524801378233
2006-03-28,2414.4161899059286
2006-03-29,2418.023792584125
2006-03-30,2431.012225782218
2006-03-31,2448.667253379771
2006-04-03,2466.757287993953
2006-04-04,2491.9398632091224
2006-04-05,2509.7360747569255
2006-04-06,2546.0976571927627
2006-04-07,2552.6627607165424
2006-04-10,2545.7630764987284
2006-04-11,2529.4087124904795
2006-04-12,2510.769706679961
2006-04-13,2524.443318591015
2006-04-14,2548.508478283105
2006-04-17,2558.4694890014002
2006-04-18,2575.643479738673
2006-04-19,2609.563275372475
2006-04-20,2613.1349156421825
2006-04-21,2621.2395533522767
2006-04-24,2606.9368429532187
2006-04-25,2585.582034839347
2006-04-26,2611.6909236159054
2006-04-27,2612.8613991073225
2006-04-28,2603.30463958179
2006-05-01,2605.07828242465
2006-05-02,2638.39308909032
2006-05-03,2652.864252737201
2006-05-04,2661.6962213124484
2006-05-05,2667.1658270310827
2006-05-08,2718.2108315840255
2006-05-09,2706.712346518331
2006-05-10,2709.695079366384
2006-05-11,2705.6857113270553
2006-05-12,2677.5586133821266
2006-05-15,2605.539043703413
2006-05-16,2566.027034997458
2006-05-17,2599.2103902969525
2006-05-18,2523.3821427809085
2006-05-19,2535.8635903479844
2006-05-22,2467.940491085761
2006-05-23,2465.8325435044144
2006-05-24,2460.808096262811
2006-05-25,2423.1302277629707
2006-05-26,2462.8755924339202
2006-05-29,2470.10527217246
2006-05-30,2450.5114691505014
2006-05-31,2448.801015771839
2006-06-01,2433.700040247118
2006-06-02,2458.570838467794
2006-06-05,2444.0881358666315
2006-06-06,2438.255232745477
2006-06-07,2384.600850580836
2006-06-08,2301.407541448741
2006-06-09,2311.5837895499885
2006-06-12,2305.22597071827
2006-06-13,2248.921440414881
2006-06-14,2256.8891833136704
2006-06-15,2268.0419702337813
2006-06-16,2343.539374477342
2006-06-19,2323.5538783755733
2006-06-20,2282.6298082941103
2006-06-21,2277.608969669298
2006-06-22,2314.060885323888
2006-06-23,2299.914690552202
2006-06-26,2310.507452000936
2006-06-27,2323.422852994201
2006-06-28,2318.506116298796
2006-06-29,2347.8741163081386
2006-06-30,2419.65907455848
2006-07-03,2425.686974774877
2006-07-04,2436.4032818968562
2006-07-05,2409.0277017238113
2006-07-06,2400.6032673954924
2006-07-07,2413.5879226224747
2006-07-10,2434.635124815591
2006-07-11,2426.0049854160748
2006-07-12,2422.2847597439686
2006-07-13,2395.778189600489
2006-07-14,2344.3772210389147
2006-07-17,2319.072178134209
2006-07-18,2309.0321410252604
2006-07-19,2310.5026819733407
2006-07-20,2373.7173644021127
2006-07-21,2374.5504180078383
2006-07-24,2357.1900681056363
2006-07-25,2382.1596498836043
2006-07-26,2382.927331385325
2006-07-27,2417.174031818425
2006-07-28,2419.024363337953
2006-07-31,2418.5428909872494
2006-08-01,2406.849027417861
2006-08-02,2409.3342584385828
2006-08-03,2410.681169930651
2006-08-04,2413.334135882697
2006-08-07,2413.812314664611
2006-08-08,2438.922236650405
2006-08-09,2462.443434042402
2006-08-10,2457.9748976148626
2006-08-11,2449.373058895173
2006-08-14,2454.9920539664495
2006-08-15,2451.8932597471644
2006-08-16,2474.8075138473355
2006-08-17,2482.0954079243825
2006-08-18,2479.0277344928622
2006-08-21,2449.0298033829954
2006-08-22,2470.287754088506
2006-08-23,2462.454519706029
2006-08-24,2444.396882697993
2006-08-25,2442.775211852403
2006-08-28,2431.3352725492077
2006-08-29,2452.6933051021715
2006-08-30,2464.117820628525
2006-08-31,2472.0500440406227
2006-09-01,2488.516470347655
2006-09-04,2519.207573164049
2006-09-05,2522.919156384709
2006-09-06,2509.9555877689627
2006-09-07,2498.6066118924878
2006-09-08,2497.9712732827343
2006-09-11,2481.1435183201916
2006-09-12,2475.0053463448935
2006-09-13,2488.8778913621286
2006-09-14,2499.1139546735308
2006-09-15,2508.2535511861743
2006-09-18,2548.2936784594385
2006-09-19,2552.5470690110483
2006-09-20,2545.394221491935
2006-09-21,2559.2214835347622
2006-09-22,2542.459332564342
2006-09-25,2550.939610191904
2006-09-26,2536.512955134421
2006-09-27,2559.8922266021495
2006-09-28,2564.4133069315794
2006-09-29,2561.0474615320627
2006-10-02,2569.697847404568
2006-10-03,2573.077779818638
2006-10-04,2544.670696294321
2006-10-05,2564.403909870635
2006-10-06,2562.4434443942637
2006-10-09,2531.9517727028797
2006-10-10,2545.346246081637
2006-10-11,2539.1512380394547
2006-10-12,2546.362860863399
2006-10-13,2573.3965975079504
2006-10-16,2583.4536225292723
2006-10-17,2577.2231878529183
2006-10-18,2579.2805300797413
2006-10-19,2577.535580985384
2006-10-20,2594.240042983191
2006-10-23,2588.6030134582097
2006-10-24,2602.1699551256497
2006-10-25,2611.984802243786
2006-10-26,2628.494547233136
2006-10-27,2630.7204812308373
2006-10-30,2621.899195251976
2006-10-31,2636.065101302645
2006-11-01,2657.1380764324354
2006-11-02,2683.1834196090767
2006-11-03,2700.4703779799647
2006-11-06,2693.720729145217
2006-11-07,2714.766616990139
2006-11-08,2708.1444277214428
2006-11-09,2732.1896782033923
2006-11-10,2735.7550045435596
2006-11-13,2731.1274669719896
2006-11-14,2754.6230132969235
2006-11-15,2755.497046267083
2006-11-16,2763.750428579103
2006-11-17,2764.5485391256084
2006-11-20,2754.3581060785777
2006-11-21,2764.949033856158
2006-11-22,2800.525863459197
2006-11-23,2807.7236768853018
2006-11-24,2811.633743478476
2006-11-27,2827.482171311966
2006-11-28,2789.306209747296
2006-11-29,2824.001456145249
2006-11-30,2854.783839436542
2006-12-01,2863.1740442496002
2006-12-04,2864.2112243724705
2006-12-05,2884.136658432088
2006-12-06,2904.587022857807
2006-12-07,2906.864671793704
2006-12-08,2879.150238291428
2006-12-11,2880.468951825846
2006-12-12,2867.627125347723
2006-12-13,2862.7168300497324
2006-12-14,2893.9114863753616
2006-12-15,2908.2679949277535
2006-12-18,2921.0415093157476
2006-12-19,2871.2245244459223
2006-12-20,2926.7456379884306
2006-12-21,2922.3945245318055
2006-12-22,2933.338738697461
2006-12-25,2932.1540418206523
2006-12-26,2936.381996567345
2006-12-27,2964.4613175019763
2006-12-28,2982.093450309267
2006-12-29,2997.450053481651
2007-01-01,2997.450053481651
2007-01-02,3034.270095798767
2007-01-03,3027.005361979635
2007-01-04,2985.650572056876
2007-01-05,2965.3065067265793
2007-01-08,2939.2189567089627
2007-01-09,2938.5804560190813
2007-01-10,2900.0839713790792
2007-01-11,2898.7065222699166
2007-01-12,2941.786709947071
2007-01-15,2981.4711201842415
2007-01-16,2993.068131607116
2007-01-17,2981.001388520832
2007-01-18,2995.851907088789
2007-01-19,2980.1698129577067
2007-01-22,2990.055807589195
2007-01-23,2992.1225226455317
2007-01-24,3028.7889163754558
2007-01-25,3010.2535818346105
2007-01-26,2975.113200605862
2007-01-29,2956.5898307148996
2007-01-30,2966.827258895404
2007-01-31,2953.1992923760395
2007-02-01,2970.5830053815343
2007-02-02,3003.5294936216615
2007-02-05,3014.2914510026076
2007-02-06,3036.2484718069622
2007-02-07,3040.180929150497
2007-02-08,3045.8704506478043
2007-02-09,3053.592739334475
2007-02-12,3035.899873759706
2007-02-13,3015.7283992957223
2007-02-14,3046.8390882645454
2007-02-15,3066.460782318823
2007-02-16,3069.703630916617
2007-02-19,3064.397516260077
2007-02-20,3066.110676296651
2007-02-21,3075.2303814697602
2007-02-22,3082.7060226854755
2007-02-23,3083.6428214158204
2007-02-26,3078.465775750057
2007-02-27,3033.5591838516834
2007-02-28,2978.776274238309
2007-03-01,2941.5841709701735
2007-03-02,2926.665588485079
2007-03-05,2817.1024336964456
2007-03-06,2861.5401577437033
2007-03-07,2878.168277061381
2007-03-08,2917.697785975316
2007-03-09,2918.9984283925332
2007-03-12,2950.1982223783325
2007-03-13,2948.678725530907
2007-03-14,2893.595653785046
2007-03-15,2929.8172512262618
2007-03-16,2934.8133281329992
2007-03-19,2952.992209064897
2007-03-20,2965.983196380755
2007-03-21,2984.3500711519923
2007-03-22,3010.9084502099727
2007-03-23,3003.3275114146086
2007-03-26,3014.7856279808907
2007-03-27,3010.8143443724484
2007-03-28,2988.591370850179
2007-03-29,3007.6112567259156
2007-03-30,3021.0196093957675
2007-04-02,3030.616899287738
2007-04-03,3045.1832643598336
2007-04-04,3083.9707376966735
2007-04-05,3090.567625464699
2007-04-06,3091.241792831627
2007-04-09,3102.7295445383115
2007-04-10,3109.9171838071557
2007-04-11,3128.7475802751937
2007-04-12,3139.349043800042
2007-04-13,3134.749212443658
2007-04-16,3169.0376082482603
2007-04-17,3173.3408358556003
2007-04-18,3179.908069797244
2007-04-19,3123.8786836623126
2007-04-20,3155.471658278567
2007-04-23,3175.5738339536433
2007-04-24,3174.008351261507
2007-04-25,3157.7850212349563
2007-04-26,3175.3529975077267
2007-04-27,3164.510048752101
2007-04-30,3152.815077835328
2007-05-01,3151.5336275496875
2007-05-02,3167.0682869920715
2007-05-03,3196.968206205593
2007-05-04,3233.3043845502802
2007-05-07,3257.2051027671187
2007-05-08,3252.294030256612
2007-05-09,3268.3272618500923
2007-05-10,3283.516854766056
2007-05-11,3263.0104665751974
2007-05-14,3315.036067842564
2007-05-15,3297.875291456517
2007-05-16,3322.73270678137
2007-05-17,3342.649334882553
2007-05-18,3329.0451574349195
2007-05-21,3345.1311861642653
2007-05-22,3350.658321844773
2007-05-23,3347.4170596051795
2007-05-24,3333.081163871109
2007-05-25,3318.445687743655
2007-05-28,3341.800467501327
2007-05-29,3346.289229640126
2007-05-30,3311.635619674895
2007-05-31,3355.780926298432
2007-06-01,3389.3535928439355
2007-06-04,3411.2020419106543
2007-06-05,3424.3743509398482
2007-06-06,3421.4622023754614
2007-06-07,3426.7563931634218
2007-06-08,3394.583445203455
2007-06-11,3402.4651269672117
2007-06-12,3422.074854556588
2007-06-13,3404.104946881933
2007-06-14,3463.6172820819975
2007-06-15,3497.443730075207
2007-06-18,3548.7479801754484
2007-06-19,3547.09833970775
2007-06-20,3581.041173808948
2007-06-21,3605.589622402061
2007-06-22,3589.3473329317003
2007-06-25,3580.5905929849014
2007-06-26,3564.499904559128
2007-06-27,3538.716697700843
2007-06-28,3567.7228629425467
2007-06-29,3570.738002025454
2007-07-02,3602.2679730900113
2007-07-03,3659.2154410414632
2007-07-04,3684.835672571686
2007-07-05,3695.9019862202963
2007-07-06,3705.6282874358985
2007-07-09,3758.5982177578376
2007-07-10,3780.9916701588063
2007-07-11,3744.162235299793
2007-07-12,3775.661313926076
2007-07-13,3836.9521161534144
2007-07-16,3812.953097274133
2007-07-17,3818.7671118500793
2007-07-18,3791.478525197675
2007-07-19,3808.518561806625
2007-07-20,3867.0979226918876
2007-07-23,3885.0298596478337
2007-07-24,3909.8240346478383
2007-07-25,3902.9830701661667
2007-07-26,3859.3109373098982
2007-07-27,3711.927541538578
2007-07-30,3717.0656110344553
2007-07-31,3801.8767756223383
2007-08-01,3653.0441042603106
2007-08-02,3656.6331096531612
2007-08-03,3694.9187743935913
2007-08-06,3615.6202187215595
2007-08-07,3608.1317623106606
2007-08-08,3697.7812889454035
2007-08-09,3704.937232205182
2007-08-10,3585.2813401994244
2007-08-13,3608.461067936058
2007-08-14,3588.355493230878
2007-08-15,3503.12853615265
2007-08-16,3317.4117614561774
2007-08-17,3244.0678842126154
2007-08-20,3433.7589777375406
2007-08-21,3445.5275572650703
2007-08-22,3495.7480965531804
2007-08-23,3586.9643164084323
2007-08-24,3575.1561837321387
2007-08-27,3631.9409859182197
2007-08-28,3640.8369859481913
2007-08-29,3602.9146094697194
2007-08-30,3662.701041426172
2007-08-31,3747.957020367213
2007-09-03,3758.826037550654
2007-09-04,3740.2935652702927
2007-09-05,3737.310533482857
2007-09-06,3767.5758002037505
2007-09-07,3772.390140074496
2007-09-10,3726.8883748707276
2007-09-11,3728.0259679739356
2007-09-12,3733.3035816626502
2007-09-13,3753.159915786924
2007-09-14,3800.443387557647
2007-09-17,3780.0142966788644
2007-09-18,3768.2021604385914
2007-09-19,3869.2291151729382
2007-09-20,3911.7186003463303
2007-09-21,3939.2332794558547
2007-09-24,3984.2512001557407
2007-09-25,3970.9644483076377
2007-09-26,3996.8928388843606
2007-09-27,4075.821364815639
2007-09-28,4098.847668017967
2007-10-01,4124.784575671302
2007-10-02,4227.864642876381
2007-10-03,4200.354427007921
2007-10-04,4155.811411440297
2007-10-05,4202.997936772021
2007-10-08,4234.425103406633
2007-10-09,4235.058155749825
2007-10-10,4290.11211109672
2007-10-11,4355.800912334783
2007-10-12,4290.912678114602
2007-10-15,4343.988947369191
2007-10-16,4316.12644080338
2007-10-17,4307.979323192257
2007-10-18,4340.800559618217
2007-10-19,4329.782806982919
2007-10-22,4207.888002255788
2007-10-23,4293.977307149275
2007-10-24,4288.063724342243
2007-10-25,4365.0025652762715
2007-10-26,4423.887194688445
2007-10-29,4509.557983482541
2007-10-30,4507.691249501995
2007-10-31,4505.884954862229
2007-11-01,4493.822052313292
2007-11-02,4398.350485053732
2007-11-05,4326.509115411351
2007-11-06,4376.970976340434
2007-11-07,4389.843982184675
2007-11-08,4264.577011161642
2007-11-09,4295.21270422794
2007-11-12,4140.690495820969
2007-11-13,4129.03108416109
2007-11-14,4245.396054601905
2007-11-15,4194.075958185038
2007-11-16,4106.167851113936
2007-11-19,4063.16910832445
2007-11-20,4049.547795474702
2007-11-21,3918.594473771207
2007-11-22,3895.559463328841
2007-11-23,3877.1761781236078
2007-11-26,4007.2301030849558
2007-11-27,3967.618321996721
2007-11-28,3943.229681908986
2007-11-29,4049.2068383930077
2007-11-30,4082.4662112081164
2007-12-03,4087.6828213753984
2007-12-04,4112.413650499872
2007-12-05,4151.016189290264
2007-12-06,4181.661530124811
2007-12-07,4166.049399392869
2007-12-10,4114.318795235887
2007-12-11,4160.4611647378915
2007-12-12,4102.942001613882
2007-12-13,4032.8174595231867
2007-12-14,3983.1126055430423
2007-12-17,3868.240701178442
2007-12-18,3861.4076217457896
2007-12-19,3896.875002172462
2007-12-20,3869.1159083186785
2007-12-21,3939.105149504565
2007-12-24,4003.104911838246
2007-12-25,4012.885807842446
2007-12-26,4009.7949025506605
2007-12-27,4029.1721055462776
2007-12-28,4021.359453427111
2007-12-31,4045.3824975819557
2008-01-01,4045.3824975819557
2008-01-02,3978.0825979477095
2008-01-03,3935.045741567096
2008-01-04,3970.426948183716
2008-01-07,3892.979334440984
2008-01-08,3926.6703580020003
2008-01-09,3981.8136525715486
2008-01-10,3947.7262146352014
2008-01-11,3922.0685469381783
2008-01-14,3916.336309465078
2008-01-15,3904.098979766553
2008-01-16,3760.8562524699173
2008-01-17,3771.160930126013
2008-01-18,3783.8682190476143
2008-01-21,3664.388621503106
2008-01-22,3436.240168223822
2008-01-23,3533.814188073828
2008-01-24,3552.650568708554
2008-01-25,3679.303455986036
2008-01-28,3555.189557159931
2008-01-29,3589.535809989268
2008-01-30,3539.643057452598
2008-01-31,3557.681948060937
2008-02-01,3632.1440155424884
2008-02-04,3719.649177561893
2008-02-05,3729.347215641746
2008-02-06,3654.550395763317
2008-02-07,3653.209772956522
2008-02-08,3656.7001884612664
2008-02-11,3584.322997175845
2008-02-12,3598.2319774965495
2008-02-13,3617.6293424069117
2008-02-14,3727.6135605462705
2008-02-15,3728.0022170353773
2008-02-18,3708.3840031646914
2008-02-19,3763.893662740412
2008-02-20,3705.9995177528576
2008-02-21,3729.2670319202307
2008-02-22,3701.0746356771438
2008-02-25,3740.537706910186
2008-02-26,3750.66297348788
2008-02-27,3821.266192553037
2008-02-28,3834.6065868885944
2008-02-29,3809.5612628206336
2008-03-03,3715.652262214106
2008-03-04,3716.5856196306486
2008-03-05,3705.6398846850275
2008-03-06,3760.727597609995
2008-03-07,3686.457465772027
2008-03-10,3583.968813188748
2008-03-11,3615.580749657997
2008-03-12,3652.7443101203203
2008-03-13,3532.818098730776
2008-03-14,3500.0549011241146
2008-03-17,3368.8392255005415
2008-03-18,3396.083028770607
2008-03-19,3464.1822872711423
2008-03-20,3443.6366377797867
2008-03-21,3472.420660968966
2008-03-24,3547.0637589313806
2008-03-25,3633.348138491737
2008-03-26,3644.861434162971
2008-03-27,3629.464975496867
2008-03-28,3676.3973905796124
2008-03-31,3645.671128315885
2008-04-01,3637.2868815635825
2008-04-02,3716.303511743994
2008-04-03,3730.0692246431113
2008-04-04,3729.9130535470754
2008-04-07,3771.1840803858104
2008-04-08,3739.667034094249
2008-04-09,3712.480552273995
2008-04-10,3773.5436890692895
2008-04-11,3814.0406394566285
2008-04-14,3743.1491828322937
2008-04-15,3746.512014289194
2008-04-16,3777.3328976082607
2008-04-17,3807.2070376396273
2008-04-18,3789.7195830701703
2008-04-21,3826.71147826799
2008-04-22,3827.5818008191522
2008-04-23,3867.9573381409023
2008-04-24,3906.1965770041916
2008-04-25,3891.501898655242
2008-04-28,3917.5119864101675
2008-04-29,3893.4326612815594
2008-04-30,3890.5713227613046
2008-05-01,3890.750167751643
2008-05-02,3920.223657986978
2008-05-05,3909.150861866136
2008-05-06,3907.8691470738167
2008-05-07,3866.5508980801415
2008-05-08,3796.7467641159046
2008-05-09,3784.085693594103
2008-05-12,3779.931109095489
2008-05-13,3819.7156850877354
2008-05-14,3806.03424059065
2008-05-15,3857.3878398042507
2008-05-16,3890.1959209202846
2008-05-19,3910.3433494156434
2008-05-20,3841.654970677967
2008-05-21,3841.715703019267
2008-05-22,3811.2147803434227
2008-05-23,3761.005805132353
2008-05-26,3703.527913945432
2008-05-27,3740.5384523883604
2008-05-28,3707.1452955407262
2008-05-29,3733.8803091436166
2008-05-30,3743.1771127132038
2008-06-02,3774.015400552859
2008-06-03,3715.8387137047894
2008-06-04,3709.210661908445
2008-06-05,3702.896849897272
2008-06-06,3718.597584657836
2008-06-09,3673.5614127196013
2008-06-10,3579.244832451163
2008-06-11,3570.1267222583924
2008-06-12,3501.0260680415204
2008-06-13,3490.744726276026
2008-06-16,3543.3156046873864
2008-06-17,3560.2912479533675
2008-06-18,3573.5034078880876
2008-06-19,3496.0769426711404
2008-06-20,3486.2251811215688
2008-06-23,3453.621970217708
2008-06-24,3429.672368146537
2008-06-25,3467.706178157562
2008-06-26,3452.3459717351034
2008-06-27,3377.462178751442
2008-06-30,3383.284059878376
2008-07-01,3364.060210619574
2008-07-02,3322.085104538014
2008-07-03,3275.271262419909
2008-07-04,3235.5464468365794
2008-07-07,3280.291343662659
2008-07-08,3204.1677522144346
2008-07-09,3259.9251567654414
2008-07-10,3269.4631273362675
2008-07-11,3320.031306130104
2008-07-14,3287.7893367378865
2008-07-15,3172.609492929286
2008-07-16,3154.9742818844147
2008-07-17,3209.7466675285486
2008-07-18,3179.7921007318528
2008-07-21,3267.1144167806524
2008-07-22,3265.6415914588733
2008-07-23,3352.2162119011346
2008-07-24,3376.03016565316
2008-07-25,3325.6195139471947
2008-07-28,3327.010124926862
2008-07-29,3264.7127368162537
2008-07-30,3292.096114787505
2008-07-31,3303.3432134688683
2008-08-01,3292.0369687449374
2008-08-04,3264.244393169635
2008-08-05,3221.373108050331
2008-08-06,3277.425745075582
2008-08-07,3268.2128938176643
2008-08-08,3251.4530016693498
2008-08-11,3266.845944624278
2008-08-12,3234.1956796745208
2008-08-13,3204.174090411553
2008-08-14,3214.3642611787227
2008-08-15,3187.4596005342905
2008-08-18,3147.543992834903
2008-08-19,3110.552392613505
2008-08-20,3140.9537269419707
2008-08-21,3093.883089413239
2008-08-22,3090.0663741764606
2008-08-25,3117.260401028231
2008-08-26,3085.35255173253
2008-08-27,3132.08764112953
2008-08-28,3110.9713025600918
2008-08-29,3132.918597853738
2008-09-01,3047.290320849233
2008-09-02,3011.1170609004307
2008-09-03,2966.430031694525
2008-09-04,2956.674869430577
2008-09-05,2907.5099209759287
2008-09-08,3037.5509722902466
2008-09-09,2964.7786057416297
2008-09-10,2948.485897230893
2008-09-11,2853.8685078836666
2008-09-12,2878.4108907042205
2008-09-15,2840.6396302467074
2008-09-16,2678.6335433580075
2008-09-17,2691.1575081527412
2008-09-18,2620.8976706138615
2008-09-19,2794.679068430945
2008-09-22,2828.6550070659346
2008-09-23,2794.6193513111357
2008-09-24,2794.3233820333026
2008-09-25,2790.107011690439
2008-09-26,2759.091949338453
2008-09-29,2694.9708064200654
2008-09-30,2663.298108583545
2008-10-01,2679.0426415228535
2008-10-02,2671.228418584062
2008-10-03,2650.590450208694
2008-10-06,2508.989383643535
2008-10-07,2478.540190779983
2008-10-08,2289.737749208138
2008-10-09,2303.823572101458
2008-10-10,2243.5625984831763
2008-10-13,2353.039147070867
2008-10-14,2480.5868124570575
2008-10-15,2403.910845772674
2008-10-16,2226.55465018184
2008-10-17,2185.564198883156
2008-10-20,2232.5071009985827
2008-10-21,2209.608640417062
2008-10-22,2107.5169541064947
2008-10-23,2015.801763129036
2008-10-24,1899.3578742332306
2008-10-27,1798.9552388803272
2008-10-28,1834.9763832087274
2008-10-29,1844.2367898634295
2008-10-30,2081.6814762602417
2008-10-31,2095.845166815213
2008-11-03,2174.1601048653997
2008-11-04,2185.621046792769
2008-11-05,2231.0564280871813
2008-11-06,2095.137387675509
2008-11-07,2120.4506537447264
2008-11-10,2164.8837609519214
2008-11-11,2115.3260104477595
2008-11-12,2088.5277606910527
2008-11-13,2022.528593829797
2008-11-14,2036.2484100834936
2008-11-17,2031.189407367969
2008-11-18,1954.4719905928027
2008-11-19,1939.9280189645922
2008-11-20,1846.3866855077254
2008-11-21,1878.4515616635276
2008-11-24,1854.4890087098559
2008-11-25,1907.867222645586
2008-11-26,1943.5477806582373
2008-11-27,1984.6278403911115
2008-11-28,2004.2528097908373
2008-12-01,2012.2873268418361
2008-12-02,1945.9158763849186
2008-12-03,1959.5619076118815
2008-12-04,1940.5695603337222
2008-12-05,1957.023428335917
2008-12-08,2063.6350033617578
2008-12-09,2062.0377803034025
2008-12-10,2153.6455815462914
2008-12-11,2165.0329844376015
2008-12-12,2074.1852248107143
2008-12-15,2120.2087110571692
2008-12-16,2141.5639846940417
2008-12-17,2204.9409289913037
2008-12-18,2245.696743520316
2008-12-19,2234.525211119639
2008-12-22,2170.9283664132854
2008-12-23,2116.8585813963973
2008-12-24,2121.1573858061142
2008-12-25,2122.6456835354447
2008-12-26,2120.7842592929514
2008-12-29,2142.862905386236
2008-12-30,2175.7632330491474
2008-12-31,2185.2030296121243
2009-01-01,2185.2030296121243
2009-01-02,2191.650109291082
2009-01-05,2242.5209443571184
2009-01-06,2245.964567686239
2009-01-07,2235.646155143373
2009-01-08,2140.5218163611803
2009-01-09,2124.1276006839958
2009-01-12,2081.8109305720413
2009-01-13,2073.9343717683373
2009-01-14,2098.7901473451707
2009-01-15,2009.9745104323554
2009-01-16,2043.761943402213
2009-01-19,2050.1912796992847
2009-01-20,2002.2613369762757
2009-01-21,1977.2175954740567
2009-01-22,1990.4235126208762
2009-01-23,1966.2212154913818
2009-01-26,1967.7644116080373
2009-01-27,1970.4191744841103
2009-01-28,1999.6756600055105
2009-01-29,2021.186841263586
2009-01-30,2027.8927830535151
2009-02-02,1989.7844568959902
2009-02-03,2009.904421833498
2009-02-04,2042.6337033814546
2009-02-05,2044.7783183729675
2009-02-06,2089.517958289706
2009-02-09,2093.9359264893374
2009-02-10,2096.8712321641156
2009-02-11,2072.791037254154
2009-02-12,2041.669732981233
2009-02-13,2081.2497546912814
2009-02-16,2059.9924903284254
2009-02-17,1992.035553310832
2009-02-18,1986.7290210494095
2009-02-19,1991.6924449914304
2009-02-20,1941.3007433123844
2009-02-23,1980.910546894535
2009-02-24,1940.2284847559656
2009-02-25,1970.3262993108758
2009-02-26,1951.502209716806
2009-02-27,1943.2579723542906
2009-03-02,1872.85668281968
2009-03-03,1882.7518000795114
2009-03-04,1922.5469969225935
2009-03-05,1936.1433706152277
2009-03-06,1937.0312171035068
2009-03-09,1929.8721257634738
2009-03-10,1965.4445420098639
2009-03-11,2009.0655080033841
2009-03-12,1996.7425141380043
2009-03-13,2032.6237265113862
2009-03-16,2076.927989383716
2009-03-17,2099.2570059949903
2009-03-18,2108.1409272147134
2009-03-19,2130.981309397446
2009-03-20,2104.308089349243
2009-03-23,2174.8067005436565
2009-03-24,2209.5913675011675
2009-03-25,2212.675820991431
2009-03-26,2266.067147185786
2009-03-27,2264.4567637950913
2009-03-30,2170.006549641777
2009-03-31,2195.3830746672456
2009-04-01,2221.1589744956386
2009-04-02,2316.0894925039565
2009-04-03,2314.488117842753
2009-04-06,2358.425359626261
2009-04-07,2335.0210737433786
2009-04-08,2273.7800580949825
2009-04-09,2347.058201238948
2009-04-10,2370.0067390598447
2009-04-13,2377.496696154666
2009-04-14,2418.101333415289
2009-04-15,2414.0551827488716
2009-04-16,2426.559376702933
2009-04-17,2393.7685699824374
2009-04-20,2416.440492212178
2009-04-21,2401.7200089404796
2009-04-22,2386.66477691798
2009-04-23,2410.6127085428266
2009-04-24,2424.080934709083
2009-04-27,2370.15649428834
2009-04-28,2328.188097905183
2009-04-29,2386.7123263839367
2009-04-30,2503.9248506757926
2009-05-01,2504.3170952603637
2009-05-04,2607.3537147637376
2009-05-05,2610.2672617696862
2009-05-06,2638.0083044958756
2009-05-07,2650.0687734035346
2009-05-08,2673.658457097526
2009-05-11,2671.027114078248
2009-05-12,2641.250269249306
2009-05-13,2646.8345593138065
2009-05-14,2590.7249196312428
2009-05-15,2639.419507433313
2009-05-18,2657.317898428888
2009-05-19,2715.977448122976
2009-05-20,2728.7869094099697
2009-05-21,2707.245548150607
2009-05-22,2703.267571362741
2009-05-25,2708.465657390978
2009-05-26,2675.9383356173153
2009-05-27,2734.0587215539836
2009-05-28,2751.3319464472684
2009-05-29,2772.969910596204
2009-06-01,2853.085734922115
2009-06-02,2823.8040674475524
2009-06-03,2835.481301469521
2009-06-04,2801.21020686702
2009-06-05,2825.3166088269145
2009-06-08,2791.895346541463
2009-06-09,2765.4772356235126
2009-06-10,2837.417357311805
2009-06-11,2846.634387515938
2009-06-12,2841.9189093139626
2009-06-15,2804.7540481174415
2009-06-16,2782.212367970006
2009-06-17,2770.344980943806
2009-06-18,2732.581020705971
2009-06-19,2763.0680820137973
2009-06-22,2780.421890379873
2009-06-23,2723.8151657822605
2009-06-24,2776.385333011182
2009-06-25,2810.4221830797946
2009-06-26,2835.7166825581867
2009-06-29,2831.6544585240617
2009-06-30,2841.3817736233755
2009-07-01,2872.1652588570355
2009-07-02,2882.902152669897
2009-07-03,2887.1950751104505
2009-07-06,2875.0580970799465
2009-07-07,2871.8847594470203
2009-07-08,2861.3470814620996
2009-07-09,2881.054038507354
2009-07-10,2873.5622057522096
2009-07-13,2791.2763915106716
2009-07-14,2850.370510564083
2009-07-15,2912.4578795675156
2009-07-16,2929.188137546451
2009-07-17,2957.403081245088
2009-07-20,3027.0446173759137
2009-07-21,3023.6821540646806
2009-07-22,3014.070995259427
2009-07-23,3056.91150808356
2009-07-24,3071.2684701360195
2009-07-27,3110.7107398871276
2009-07-28,3147.985467378402
2009-07-29,3098.4831595577753
2009-07-30,3098.300698038754
2009-07-31,3136.776256544468
2009-08-03,3171.694960654995
2009-08-04,3151.4060993378853
2009-08-05,3117.4637856635773
2009-08-06,3136.2719739807285
2009-08-07,3103.6289580654284
2009-08-10,3124.163095029705
2009-08-11,3132.839777993595
2009-08-12,3085.9369115227755
2009-08-13,3122.7007106625306
2009-08-14,3132.2670234121993
2009-08-17,3043.468898022423
2009-08-18,3038.956917089861
2009-08-19,3014.8683562852448
2009-08-20,3050.4589132574624
2009-08-21,3052.657793869179
2009-08-24,3118.3127995888826
2009-08-25,3097.702170918562
2009-08-26,3093.570343351684
2009-08-27,3081.393621023104
2009-08-28,3098.084848004692
2009-08-31,3075.458466299146
2009-09-01,3114.4985602810802
2009-09-02,3087.494682858194
2009-09-03,3120.174973812392
2009-09-04,3165.5756040318793
2009-09-07,3198.9577355623073
2009-09-08,3236.9476204570988
2009-09-09,3216.59453847673
2009-09-10,3252.2529576425954
2009-09-11,3270.264650072358
2009-09-14,3243.7119501053903
2009-09-15,3263.7303887405915
2009-09-16,3316.4890063793064
2009-09-17,3344.5694145158795
2009-09-18,3342.876255932366
2009-09-21,3322.9339763175317
2009-09-22,3336.4449515233323
2009-09-23,3337.4663649757144
2009-09-24,3313.424632397781
2009-09-25,3315.4041335274296
2009-09-28,3261.7257501866306
2009-09-29,3316.3031902505413
2009-09-30,3324.931137146742
2009-10-01,3323.4223477111095
2009-10-02,3282.358805524731
2009-10-05,3288.8670936683225
2009-10-06,3331.789006806488
2009-10-07,3354.491140198212
2009-10-08,3369.7088813580253
2009-10-09,3385.175935543138
2009-10-12,3376.0679266154802
2009-10-13,3379.4317588355643
2009-10-14,3423.4165869069648
2009-10-15,3432.211043076637
2009-10-16,3417.1567308393046
2009-10-19,3434.592756279537
2009-10-20,3443.5725921048693
2009-10-21,3418.4560594789464
2009-10-22,3382.3775914270145
2009-10-23,3421.041244632585
2009-10-26,3438.1952827140026
2009-10-27,3421.08577018389
2009-10-28,3360.3115031898005
2009-10-29,3300.1417248942735
2009-10-30,3328.547769287498
2009-11-02,3317.4898267930757
2009-11-03,3292.529544729662
2009-11-04,3349.697816157756
2009-11-05,3341.4798614100982
2009-11-06,3382.888822196694
2009-11-09,3422.3297115932437
2009-11-10,3434.189760598758
2009-11-11,3461.648740870185
2009-11-12,3441.500825691369
2009-11-13,3463.2105954078083
2009-11-16,3507.9035102309
2009-11-17,3506.367598811433
2009-11-18,3510.6571876326184
2009-11-19,3486.3404055157407
2009-11-20,3460.975045925501
2009-11-23,3478.5905167704045
2009-11-24,3462.100497039333
2009-11-25,3489.3514687266115
2009-11-26,3461.4286863965253
2009-11-27,3342.1643128077126
2009-11-30,3404.2158902699653
2009-12-01,3457.4187747123215
2009-12-02,3477.2075200109834
2009-12-03,3497.5975475206606
2009-12-04,3490.7832691800368
2009-12-07,3491.8065859916046
2009-12-08,3476.8663357103433
2009-12-09,3454.8657955444087
2009-12-10,3451.6803238402076
2009-12-11,3479.736974328361
2009-12-14,3499.5708833004715
2009-12-15,3488.6112704587813
2009-12-16,3462.5426258620864
2009-12-17,3425.396986973436
2009-12-18,3409.173276950941
2009-12-21,3395.254154009966
2009-12-22,3422.2522340985633
2009-12-23,3441.957708264324
2009-12-24,3477.7480857746204
2009-12-25,3479.912947151983
2009-12-28,3496.8011089776282
2009-12-29,3494.7113566381654
2009-12-30,3507.973835875933
2009-12-31,3542.6708549626296
2010-01-01,3542.6708549626296
2010-01-04,3562.6295586016963
2010-01-05,3590.215255688259
2010-01-06,3610.0334159493273
2010-01-07,3575.8614464738293
2010-01-08,3583.706917665256
2010-01-11,3609.8522462368583
2010-01-12,3611.293554608606
2010-01-13,3565.0821542330414
2010-01-14,3584.2151881079103
2010-01-15,3590.6907697099427
2010-01-18,3589.420034773388
2010-01-19,3584.084771043446
2010-01-20,3559.6716337732105
2010-01-21,3522.759820942267
2010-01-22,3472.6082852391974
2010-01-25,3450.8018054712197
2010-01-26,3364.0046306515296
2010-01-27,3362.826539355014
2010-01-28,3404.7165326724503
2010-01-29,3378.842922785729
2010-02-01,3361.3664339951006
2010-02-02,3359.9504166377615
2010-02-03,3414.7775693470335
2010-02-04,3390.827839868415
2010-02-05,3272.855990187613
2010-02-08,3257.27252143733
2010-02-09,3285.714880100649
2010-02-10,3307.2384615651413
2010-02-11,3339.904681153453
2010-02-12,3350.3325520898984
2010-02-15,3346.6936230054484
2010-02-16,3349.667386136654
2010-02-17,3386.7201839940894
2010-02-18,3369.1281963445404
2010-02-19,3328.3740347343687
2010-02-22,3389.1905222278006
2010-02-23,3404.912283420766
2010-02-24,3380.624159192247
2010-02-25,3346.165694003115
2010-02-26,3372.7442465927325
2010-03-01,3416.192766307155
2010-03-02,3437.0138056836313
2010-03-03,3458.073632242883
2010-03-04,3430.131754053497
2010-03-05,3467.2045262545735
2010-03-08,3525.2602188972214
2010-03-09,3526.1295214103193
2010-03-10,3537.0858431558577
2010-03-11,3528.9958848616993
2010-03-12,3536.078524258865
2010-03-15,3498.146253439553
2010-03-16,3510.2217996010368
2010-03-17,3577.85154805159
2010-03-18,3562.790111741089
2010-03-19,3575.2576033352234
2010-03-22,3541.358176982695
2010-03-23,3546.464157764756
2010-03-24,3549.7354844143533
2010-03-25,3551.856627062679
2010-03-26,3567.861385395135
2010-03-29,3587.0717831308048
2010-03-30,3608.3168807830307
2010-03-31,3596.6428312124863
2010-04-01,3644.0835117444803
2010-04-02,3643.972356050656
2010-04-05,3659.2388233121574
2010-04-06,3673.931628006973
2010-04-07,3712.38139605481
2010-04-08,3691.931212424697
2010-04-09,3712.686968042872
2010-04-12,3689.834084514495
2010-04-13,3667.6631507866664
2010-04-14,3699.1310578640937
2010-04-15,3708.056897531628
2010-04-16,3667.437377989593
2010-04-19,3594.7690063757846
2010-04-20,3643.3670276951534
2010-04-21,3670.7297484329556
2010-04-22,3662.027818303002
2010-04-23,3662.1903879564516
2010-04-26,3721.3241270930894
2010-04-27,3696.1242638444005
2010-04-28,3642.185980558459
2010-04-29,3636.0508070303085
2010-04-30,3678.9193319318515
2010-05-03,3644.161849417465
2010-05-04,3651.7687882113196
2010-05-05,3590.1352076044745
2010-05-06,3507.7280953136465
2010-05-07,3462.327311723495
2010-05-10,3536.5266906690613
2010-05-11,3512.0074787935378
2010-05-12,3510.553917608436
2010-05-13,3576.6849201255045
2010-05-14,3570.2651046348988
2010-05-17,3485.0955143689057
2010-05-18,3500.6454570864425
2010-05-19,3445.933793791707
2010-05-20,3376.882945406259
2010-05-21,3350.5771482486534
2010-05-24,3352.0029664762174
2010-05-25,3230.1293333091207
2010-05-26,3292.097365361465
2010-05-27,3344.2010291392885
2010-05-28,3406.756030558631
2010-05-31,3441.570037775122
2010-06-01,3378.56995205141
2010-06-02,3371.75570926001
2010-06-03,3450.3172411094224
2010-06-04,3452.1632999550743
2010-06-07,3362.7925913106387
2010-06-08,3371.753492618304
2010-06-09,3360.8986002320635
2010-06-10,3368.8700505682414
2010-06-11,3414.375425195592
2010-06-14,3463.6441513764034
2010-06-15,3472.2779443670765
2010-06-16,3493.5934111031506
2010-06-17,3509.539934115717
2010-06-18,3535.5923578943043
2010-06-21,3639.9905997427854
2010-06-22,3615.3227193431335
2010-06-23,3608.2880294343863
2010-06-24,3594.622919311225
2010-06-25,3555.3462858498524
2010-06-28,3579.0782428047646
2010-06-29,3527.8042522323376
2010-06-30,3519.075978578182
2010-07-01,3490.3826185762673
2010-07-02,3475.114360772894
2010-07-05,3486.336296690094
2010-07-06,3533.940057212404
2010-07-07,3526.114059810928
2010-07-08,3570.4999407685864
2010-07-09,3622.693487937012
2010-07-12,3623.5022652436905
2010-07-13,3613.2830338059043
2010-07-14,3648.257522427187
2010-07-15,3631.521617744908
2010-07-16,3623.003311247291
2010-07-19,3607.857339489919
2010-07-20,3634.3591863421643
2010-07-21,3654.2175158787595
2010-07-22,3638.753317842397
2010-07-23,3672.623530945937
2010-07-26,3679.754170622126
2010-07-27,3695.0881692465314
2010-07-28,3710.487858790436
2010-07-29,3713.529428052456
2010-07-30,3712.897883814931
2010-08-02,3773.819354431897
2010-08-03,3784.752001897802
2010-08-04,3783.745570255869
2010-08-05,3786.103422581388
2010-08-06,3796.409531268287
2010-08-09,3821.4491391013107
2010-08-10,3779.026660228564
2010-08-11,3735.131002731182
2010-08-12,3688.5886054862244
2010-08-13,3715.2572647160223
2010-08-16,3721.450545986358
2010-08-17,3741.5991109257825
2010-08-18,3762.54251610492
2010-08-19,3785.854276205979
2010-08-20,3774.5447220970805
2010-08-23,3770.775455728938
2010-08-24,3752.192776010065
2010-08-25,3708.22737739481
2010-08-26,3715.353564815698
2010-08-27,3726.8563658394687
2010-08-30,3755.5289250230676
2010-08-31,3730.914285900978
2010-09-01,3780.31424050774
2010-09-02,3816.4707528791414
2010-09-03,3837.5245198706225
2010-09-06,3858.0065527567435
2010-09-07,3849.799604906388
2010-09-08,3835.644942986181
2010-09-09,3854.595616756258
2010-09-10,3872.8102565744293
2010-09-13,3931.0468863935703
2010-09-14,3925.8285032150743
2010-09-15,3931.643042172971
2010-09-16,3920.309265342178
2010-09-17,3947.768749143217
2010-09-20,3957.216601191177
2010-09-21,3970.1234364150832
2010-09-22,3977.504762928308
2010-09-23,3980.409835772126
2010-09-24,3991.2217056747054
2010-09-27,4034.9058160505865
2010-09-28,4025.6768019186775
2010-09-29,4057.2555135256675
2010-09-30,4063.208061707641
2010-10-01,4082.4198790203072
2010-10-04,4095.584958338693
2010-10-05,4083.851478198127
2010-10-06,4131.447726049792
2010-10-07,4136.1686826947225
2010-10-08,4103.034911302164
2010-10-11,4110.892765551761
2010-10-12,4066.55207869528
2010-10-13,4117.5766184166205
2010-10-14,4177.069416991254
2010-10-15,4177.010217454611
2010-10-18,4117.859733198984
2010-10-19,4105.72819661536
2010-10-20,4105.162153579136
2010-10-21,4132.819514808858
2010-10-22,4143.504780616541
2010-10-25,4182.483352096582
2010-10-26,4189.921506811239
2010-10-27,4150.346610096291
2010-10-28,4167.826571103049
2010-10-29,4152.989495715115
2010-11-01,4217.7629515384415
2010-11-02,4222.14952710125
2010-11-03,4257.590569661345
2010-11-04,4293.65478981251
2010-11-05,4310.510159991027
2010-11-08,4301.297951014235
2010-11-09,4298.992761930538
2010-11-10,4298.769103539082
2010-11-11,4260.21008475847
2010-11-12,4188.441956768165
2010-11-15,4167.07182065998
2010-11-16,4160.165193054356
2010-11-17,4091.697293015683
2010-11-18,4145.252876356189
2010-11-19,4176.268764211614
2010-11-22,4202.185249069135
2010-11-23,4132.630854144461
2010-11-24,4117.511400497566
2010-11-25,4129.676901762281
2010-11-26,4081.3235177350393
2010-11-29,4107.505517512787
2010-11-30,4071.5620625022266
2010-12-01,4131.346187144404
2010-12-02,4183.955419420556
2010-12-03,4190.864470661656
2010-12-06,4203.22851409509
2010-12-07,4215.6921435246095
2010-12-08,4184.733438819527
2010-12-09,4215.2112958539565
2010-12-10,4187.456609987188
2010-12-13,4195.93925856191
2010-12-14,4216.532025576855
2010-12-15,4183.446575816049
2010-12-16,4162.809470667107
2010-12-17,4178.326298776751
2010-12-20,4150.8166331634775
2010-12-21,4179.993507644957
2010-12-22,4186.4003014201
2010-12-23,4194.604607622124
2010-12-24,4187.361449358387
2010-12-27,4202.493721660577
2010-12-28,4198.540999957938
2010-12-29,4225.932998666169
2010-12-30,4253.8257338482645
2010-12-31,4265.193849941881
2011-01-03,4305.11076301565
2011-01-04,4319.173231121848
2011-01-05,4299.774271201889
2011-01-06,4297.983328642986
2011-01-07,4277.876550404084
2011-01-10,4247.674239105615
2011-01-11,4259.371967905639
2011-01-12,4274.286910891592
2011-01-13,4292.826185173964
2011-01-14,4292.64674733064
2011-01-17,4257.166658241014
2011-01-18,4259.564164115348
2011-01-19,4286.725129209386
2011-01-20,4229.681748734432
2011-01-21,4192.779168291678
2011-01-24,4174.372085945347
2011-01-25,4195.740902332436
2011-01-26,4212.73783799823
2011-01-27,4228.41763771484
2011-01-28,4217.024006859249
2011-01-31,4183.9933502054155
2011-02-01,4186.394751958897
2011-02-02,4220.35661693508
2011-02-03,4220.321395686802
2011-02-04,4221.874967925897
2011-02-07,4225.152445210077
2011-02-08,4214.144497451891
2011-02-09,4173.007514922879
2011-02-10,4073.7739332339897
2011-02-11,4026.4297228373125
2011-02-14,4079.995573603565
2011-02-15,4072.6655956686477
2011-02-16,4086.1057254816506
2011-02-17,4102.394524496495
2011-02-18,4155.815844293684
2011-02-21,4155.47201186703
2011-02-22,4070.781609353852
2011-02-23,4057.0636504168724
2011-02-24,4008.756740056209
2011-02-25,4042.2847229342287
2011-02-28,4062.666103900199
2011-03-01,4103.374462238213
2011-03-02,4080.6434305278126
2011-03-03,4143.284471529042
2011-03-04,4209.244694214072
2011-03-07,4183.8743165089145
2011-03-08,4208.117757925471
2011-03-09,4210.693591378173
2011-03-10,4170.361087915062
2011-03-11,4115.528322473598
2011-03-14,4129.34151191566
2011-03-15,4039.605922541781
2011-03-16,4073.4071406157045
2011-03-17,4023.684062696279
2011-03-18,4046.9796024319076
2011-03-21,4091.6446277831246
2011-03-22,4115.536517611698
2011-03-23,4130.804612211625
2011-03-24,4158.058127122932
2011-03-25,4192.239794644082
2011-03-28,4178.811767766765
2011-03-29,4191.498174538721
2011-03-30,4242.901926665176
2011-03-31,4272.914935894443
2011-04-01,4313.335717360228
2011-04-04,4336.9850527217695
2011-04-05,4336.846941824387
2011-04-06,4369.216701165845
2011-04-07,4373.517061257895
2011-04-08,4384.538754949792
2011-04-11,4372.261137882542
2011-04-12,4313.253315432567
2011-04-13,4348.521019278965
2011-04-14,4353.738790145736
2011-04-15,4346.275404595307
2011-04-18,4351.397693949955
2011-04-19,4329.608151592873
2011-04-20,4417.052191526209
2011-04-21,4460.263859037967
2011-04-22,4454.5031814509875
2011-04-25,4452.323699699546
2011-04-26,4432.72110391578
2011-04-27,4453.111696203184
2011-04-28,4450.6524700875625
2011-04-29,4445.275262026604
2011-05-02,4467.253083116202
2011-05-03,4445.199829082443
2011-05-04,4416.434300877998
2011-05-05,4414.269315811748
2011-05-06,4396.135799983347
2011-05-09,4408.252554239631
2011-05-10,4420.236722095118
2011-05-11,4442.114567346151
2011-05-12,4375.308763528418
2011-05-13,4388.6057232539115
2011-05-16,4351.95588052717
2011-05-17,4356.360726769029
2011-05-18,4379.561590048428
2011-05-19,4370.41346157247
2011-05-20,4387.861400580147
2011-05-23,4291.732666151782
2011-05-24,4319.694672443906
2011-05-25,4289.686410229605
2011-05-26,4340.812059912877
2011-05-27,4371.976297218287
2011-05-30,4368.74871509534
2011-05-31,4428.2162742724495
2011-06-01,4449.3519026900485
2011-06-02,4405.165133130784
2011-06-03,4411.008924104786
2011-06-06,4404.705709013191
2011-06-07,4403.033161609904
2011-06-08,4362.3910648183
2011-06-09,4327.162999793575
2011-06-10,4295.04866545889
2011-06-13,4282.967956380813
2011-06-14,4314.611652888059
2011-06-15,4324.8094296779145
2011-06-16,4250.259810372818
2011-06-17,4245.59674248551
2011-06-20,4226.877976409692
2011-06-21,4274.954047825225
2011-06-22,4293.530099930761
2011-06-23,4256.488977384161
2011-06-24,4301.557289985212
2011-06-27,4267.881142952999
2011-06-28,4278.462384998251
2011-06-29,4314.907452654285
2011-06-30,4373.92397388544
2011-07-01,4396.3506227987855
2011-07-04,4459.164561442406
2011-07-05,4460.572913286712
2011-07-06,4455.255878752935
2011-07-07,4460.0158606717505
2011-07-08,4480.705947747953
2011-07-11,4438.167130249215
2011-07-12,4338.8570801611295
2011-07-13,4387.9107677905085
2011-07-14,4390.3746539563235
2011-07-15,4401.9072366601085
2011-07-18,4384.256794072208
2011-07-19,4390.380257279665
2011-07-20,4444.715812602225
2011-07-21,4435.838294644452
2011-07-22,4483.387986611862
2011-07-25,4448.145998450837
2011-07-26,4489.107674730907
2011-07-27,4500.051006002977
2011-07-28,4487.3644137376
2011-07-29,4462.0000823875525
2011-08-01,4515.717912705982
2011-08-02,4458.784484413628
2011-08-03,4382.408628565259
2011-08-04,4353.276464978855
2011-08-05,4201.45605160079
2011-08-08,4062.4056937813675
2011-08-09,3930.0489811758002
2011-08-10,3997.3665429472644
2011-08-11,4012.2419578678673
2011-08-12,4007.844147579498
2011-08-15,4083.3776089831613
2011-08-16,4119.057564743871
2011-08-17,4128.903970987156
2011-08-18,4111.441876509908
2011-08-19,3996.706041066868
2011-08-22,3972.1484071577374
2011-08-23,4040.884021432918
2011-08-24,3989.652478267792
2011-08-25,3990.5457448764773
2011-08-26,3990.020232576913
2011-08-29,4040.8857931274733
2011-08-30,4068.912019868543
2011-08-31,4140.979250631254
2011-09-01,4149.899476839061
2011-09-02,4136.124701056342
2011-09-05,4045.16749845513
2011-09-06,4004.9189925825135
2011-09-07,4087.7586913533682
2011-09-08,4087.7577108516393
2011-09-09,4062.4534339967645
2011-09-12,3992.6948059827064
2011-09-13,3951.355699482184
2011-09-14,3871.2966901835343
2011-09-15,3910.4877953194227
2011-09-16,3966.5841783335604
2011-09-19,3874.9260970189225
2011-09-20,3876.0929390826386
2011-09-21,3876.854160004914
2011-09-22,3706.8928073684847
2011-09-23,3611.518880553952
2011-09-26,3518.829954928647
2011-09-27,3661.1309512429852
2011-09-28,3680.846692655072
2011-09-29,3691.6266912983942
2011-09-30,3675.0456224974537
2011-10-03,3562.6593512855156
2011-10-04,3503.7109217110383
2011-10-05,3505.2199641838715
2011-10-06,3616.3685295348982
2011-10-07,3677.241443299359
2011-10-10,3689.663643450211
2011-10-11,3767.587201084172
2011-10-12,3784.4214730362955
2011-10-13,3834.3130450127424
2011-10-14,3826.0058416676425
2011-10-17,3908.186617457427
2011-10-18,3815.4130904379317
2011-10-19,3852.669990868291
2011-10-20,3773.269272989458
2011-10-21,3773.180871170018
2011-10-24,3884.702729627552
2011-10-25,3925.7223665421216
2011-10-26,3940.4757268683525
2011-10-27,4015.150052411327
2011-10-28,4060.6778052856152
2011-10-31,4032.532184126539
2011-11-01,3971.7882972637353
2011-11-02,3979.075660472909
2011-11-03,3930.465596320393
2011-11-04,4030.347524838207
2011-11-07,4018.2593074092733
2011-11-08,4021.372294877441
2011-11-09,4047.723242411105
2011-11-10,3896.9290765960964
2011-11-11,3942.3053429272327
2011-11-14,4010.506449228677
2011-11-15,3999.141727631909
2011-11-16,3946.782120454869
2011-11-17,3947.0530554531206
2011-11-18,3858.770528958915
2011-11-21,3805.3380847217695
2011-11-22,3815.712809169765
2011-11-23,3748.8042225905074
2011-11-24,3763.7592056832673
2011-11-25,3718.1881129363483
2011-11-28,3778.801503960625
2011-11-29,3836.4919210780013
2011-11-30,3830.9517990079066
2011-12-01,3957.9223655871087
2011-12-02,3969.194052682873
2011-12-05,3972.2827923893396
2011-12-06,3929.8117152832256
2011-12-07,3980.101256184248
2011-12-08,3972.3758089174353
2011-12-09,3893.93234834609
2011-12-12,3917.532970948699
2011-12-13,3882.6967027990436
2011-12-14,3876.2911393487307
2011-12-15,3813.6478521751455
2011-12-16,3852.688013493735
2011-12-19,3786.36069171575
2011-12-20,3805.896697770773
2011-12-21,3914.6088148939807
2011-12-22,3912.6559989922102
2011-12-23,3956.955156015253
2011-12-26,3945.9580736912185
2011-12-27,3926.092062136613
2011-12-28,3904.403319498586
2011-12-29,3908.016838552022
2011-12-30,3916.3317963798895
2012-01-02,3902.3976148850284
2012-01-03,3958.3058113024376
2012-01-04,3949.7546745424143
2012-01-05,3949.1968910050887
2012-01-06,3911.967727825274
2012-01-09,3924.8235344657537
2012-01-10,3972.499965379643
2012-01-11,3968.817919617243
2012-01-12,3973.555648725994
2012-01-13,3995.6469794827917
2012-01-16,3945.35217871867
2012-01-17,4023.6673580826055
2012-01-18,4023.433088656352
2012-01-19,4055.7638954254694
2012-01-20,4073.7568459286604
2012-01-23,4076.3214953196066
2012-01-24,4078.7800735720657
2012-01-25,4086.5249591755523
2012-01-26,4115.732112925964
2012-01-27,4128.297358851391
2012-01-30,4101.595872952656
2012-01-31,4166.3613138710325
2012-02-01,4153.983574725504
2012-02-02,4219.835182975597
2012-02-03,4224.316307456409
2012-02-06,4224.218930462865
2012-02-07,4231.49739524209
2012-02-08,4280.471886726789
2012-02-09,4275.848251890671
2012-02-10,4219.747127729832
2012-02-13,4234.965076790801
2012-02-14,4216.504543684655
2012-02-15,4269.045961064786
2012-02-16,4227.256467138587
2012-02-17,4263.881471611956
2012-02-20,4268.014811440407
2012-02-21,4271.7374781319595
2012-02-22,4305.09729692389
2012-02-23,4291.031760973447
2012-02-24,4304.942556632368
2012-02-27,4272.01688864877
2012-02-28,4304.141929748295
2012-02-29,4370.11290196357
2012-03-01,4344.41528819025
2012-03-02,4372.333444040167
2012-03-05,4320.110505172413
2012-03-06,4280.397672048583
2012-03-07,4257.85647199054
2012-03-08,4308.043944599761
2012-03-09,4335.042967828473
2012-03-12,4321.65562967609
2012-03-13,4359.215396221709
2012-03-14,4384.254019560656
2012-03-15,4383.702537761578
2012-03-16,4385.5845611168
2012-03-19,4386.7346610545
2012-03-20,4351.596814071562
2012-03-21,4342.7862159156475
2012-03-22,4355.601191684271
2012-03-23,4335.9495932330055
2012-03-26,4307.8365231860025
2012-03-27,4362.156638297729
2012-03-28,4346.7253548690705
2012-03-29,4316.024439727963
2012-03-30,4358.477083988829
2012-04-02,4362.981211149968
2012-04-03,4389.73566018325
2012-04-04,4361.676643508261
2012-04-05,4344.33728096629
2012-04-06,4344.23856510791
2012-04-09,4311.3354176729545
2012-04-10,4296.8666238531
2012-04-11,4286.116391322535
2012-04-12,4300.361518719533
2012-04-13,4340.011196577764
2012-04-16,4316.2074285246135
2012-04-17,4299.763783660731
2012-04-18,4322.968669697835
2012-04-19,4346.908948388949
2012-04-20,4345.721849826151
2012-04-23,4331.131028342834
2012-04-24,4326.545442975966
2012-04-25,4337.273977954812
2012-04-26,4356.992715635192
2012-04-27,4365.080859296068
2012-04-30,4418.102000937176
2012-05-01,4418.1985432104475
2012-05-02,4450.372189767573
2012-05-03,4443.4087675350775
2012-05-04,4430.153479984325
2012-05-07,4357.128126831404
2012-05-08,4378.132496151541
2012-05-09,4334.242633889112
2012-05-10,4325.156256570443
2012-05-11,4294.7870695586425
2012-05-14,4267.865766972951
2012-05-15,4262.742929894471
2012-05-16,4148.485768818261
2012-05-17,4186.4043197636465
2012-05-18,4101.186943743413
2012-05-21,4113.885552653574
2012-05-22,4156.960502317556
2012-05-23,4105.225671365508
2012-05-24,4086.641583529995
2012-05-25,4082.99629005059
2012-05-28,4102.309305490356
2012-05-29,4162.910327354724
2012-05-30,4118.690065337931
2012-05-31,4134.410955084544
2012-06-01,4105.553955740309
2012-06-04,4040.525013986891
2012-06-05,4060.244293979342
2012-06-06,4105.4273397876095
2012-06-07,4154.143005245405
2012-06-08,4122.903361129109
2012-06-11,4179.219001003291
2012-06-12,4163.178944113931
2012-06-13,4187.958182869782
2012-06-14,4169.08248914867
2012-06-15,4183.789330474752
2012-06-18,4245.529973445126
2012-06-19,4256.323860847268
2012-06-20,4279.92644653801
2012-06-21,4241.871535031265
2012-06-22,4191.839919884108
2012-06-25,4171.312609159075
2012-06-26,4173.620157774206
2012-06-27,4207.965049849727
2012-06-28,4197.274122557801
2012-06-29,4265.71281771164
2012-07-02,4276.343601200318
2012-07-03,4326.509696876772
2012-07-04,4323.180033930333
2012-07-05,4329.927375011488
2012-07-06,4315.22175599838
2012-07-09,4276.420548034135
2012-07-10,4283.462630989226
2012-07-11,4289.335832686496
2012-07-12,4213.218432578624
2012-07-13,4243.6326993746125
2012-07-16,4259.280009552592
2012-07-17,4288.2844370448265
2012-07-18,4264.40605850631
2012-07-19,4302.007865077933
2012-07-20,4304.340299590865
2012-07-23,4234.620396442651
2012-07-24,4231.742552887786
2012-07-25,4203.506942224983
2012-07-26,4198.649381547947
2012-07-27,4290.63881908357
2012-07-30,4314.812486978626
2012-07-31,4380.337656456915
2012-08-01,4398.490796187236
2012-08-02,4381.954448033229
2012-08-03,4368.603805824024
2012-08-06,4400.652842170419
2012-08-07,4386.241927685254
2012-08-08,4394.931742046364
2012-08-09,4443.916032973073
2012-08-10,4432.685728221061
2012-08-13,4420.559860271842
2012-08-14,4468.354875996906
2012-08-15,4454.640940583047
2012-08-16,4453.532316621604
2012-08-17,4434.44421315693
2012-08-20,4437.916252351215
2012-08-21,4463.659869309441
2012-08-22,4447.535003105521
2012-08-23,4489.370772223271
2012-08-24,4446.206132425399
2012-08-27,4436.138264741857
2012-08-28,4420.883411241645
2012-08-29,4425.360309510338
2012-08-30,4406.460194240715
2012-08-31,4423.583802898805
2012-09-03,4441.442616697904
2012-09-04,4427.241115844111
2012-09-05,4374.561806293586
2012-09-06,4392.336232248051
2012-09-07,4451.083913666702
2012-09-10,4452.819720290189
2012-09-11,4457.027707675258
2012-09-12,4500.203501255469
2012-09-13,4502.7666041740595
2012-09-14,4604.970387625564
2012-09-17,4575.965277318426
2012-09-18,4552.307310752571
2012-09-19,4590.50799725212
2012-09-20,4551.312106946424
2012-09-21,4590.378725315715
2012-09-24,4582.28207651103
2012-09-25,4580.453952750282
2012-09-26,4546.444595054433
2012-09-27,4569.5067026955685
2012-09-28,4633.9516265297625
2012-10-01,4610.24412712776
2012-10-02,4619.2276134291105
2012-10-03,4623.074963966583
2012-10-04,4650.198309551466
2012-10-05,4660.350173957175
2012-10-08,4635.550357736265
2012-10-09,4641.509598954464
2012-10-10,4625.81609838186
2012-10-11,4611.066199665295
2012-10-12,4637.03627738739
2012-10-15,4634.0742561242705
2012-10-16,4648.059664789225
2012-10-17,4664.250918528413
2012-10-18,4664.043218696448
2012-10-19,4647.800433424618
2012-10-22,4650.926855448394
2012-10-23,4648.890996965549
2012-10-24,4638.498491717873
2012-10-25,4665.777883455433
2012-10-26,4625.630262275266
2012-10-29,4625.1932506361445
2012-10-30,4650.310682480767
2012-10-31,4657.2926333936
2012-11-01,4673.81126566567
2012-11-02,4683.347658748594
2012-11-05,4681.322818969037
2012-11-06,4688.711501887908
2012-11-07,4702.06619079298
2012-11-08,4658.234341337815
2012-11-09,4658.386518331719
2012-11-12,4662.469765281222
2012-11-13,4632.63158445716
2012-11-14,4644.25677489963
2012-11-15,4610.747617335952
2012-11-16,4596.504003150378
2012-11-19,4617.682007966153
2012-11-20,4639.653089605453
2012-11-21,4650.692553086933
2012-11-22,4668.504208957875
2012-11-23,4705.340937904203
2012-11-26,4720.583194114511
2012-11-27,4709.374272245414
2012-11-28,4695.504561399807
2012-11-29,4730.56807430938
2012-11-30,4757.364840956264
2012-12-03,4755.713156273617
2012-12-04,4750.803526071617
2012-12-05,4784.207983764917
2012-12-06,4774.436853874289
2012-12-07,4785.999603542688
2012-12-10,4788.654120964182
2012-12-11,4798.18070255319
2012-12-12,4824.708221787296
2012-12-13,4835.6020954365595
2012-12-14,4829.036615878997
2012-12-17,4812.788951124656
2012-12-18,4832.381588673899
2012-12-19,4848.75126278159
2012-12-20,4838.33172603826
2012-12-21,4805.99617727607
2012-12-24,4817.853415378321
2012-12-25,4826.365178884468
2012-12-26,4829.12190703691
2012-12-27,4836.867700000861
2012-12-28,4853.424110500025
2012-12-31,4858.684012708268
2013-01-01,4858.684012708268
2013-01-02,4926.748686498229
2013-01-03,4939.675064804542
2013-01-04,4939.246867701159
2013-01-07,4947.114333867753
2013-01-08,4935.262295622247
2013-01-09,4939.538477520625
2013-01-10,4948.140953996849
2013-01-11,4949.70441157187
2013-01-14,4981.518008140006
2013-01-15,4975.83162933689
2013-01-16,4953.657516437257
2013-01-17,4958.216651737762
2013-01-18,5013.554981555085
2013-01-21,4998.713161321012
2013-01-22,5002.506237723966
2013-01-23,4994.388142537858
2013-01-24,4980.601039079578
2013-01-25,4968.888154980479
2013-01-28,4950.263680668382
2013-01-29,4976.387923308723
2013-01-30,4987.033133724701
2013-01-31,4972.754832801514
2013-02-01,4981.872092450629
2013-02-04,5033.705895032284
2013-02-05,5002.7106115343395
2013-02-06,4998.484638436576
2013-02-07,4991.247709471209
2013-02-08,4976.330191091396
2013-02-11,4974.197089316266
2013-02-12,4972.244166492436
2013-02-13,5006.760946409282
2013-02-14,5022.961476459816
2013-02-15,5033.1790084188715
2013-02-18,5040.136216305037
2013-02-19,5017.443804578167
2013-02-20,5069.26233973168
2013-02-21,5014.765759682438
2013-02-22,5030.211417035157
2013-02-25,5028.552911362526
2013-02-26,4982.479227342902
2013-02-27,4996.590453907829
2013-02-28,5060.895997333337
2013-03-01,5064.981995550588
2013-03-04,5034.707702374765
2013-03-05,5064.937694115092
2013-03-06,5098.255937829105
2013-03-07,5071.197469001559
2013-03-08,5101.482100488254
2013-03-11,5080.205817574561
2013-03-12,5058.338776998999
2013-03-13,5047.11595085829
2013-03-14,5036.348317174633
2013-03-15,5001.4950413973675
2013-03-18,4956.994148799161
2013-03-19,4967.892268175365
2013-03-20,4960.965304999921
2013-03-21,4953.5125502434
2013-03-22,4938.749016863601
2013-03-25,4993.156478588362
2013-03-26,5007.65972013079
2013-03-27,5043.661423292383
2013-03-28,5025.522340250297
2013-03-29,5041.993877904517
2013-04-01,5029.245251880418
2013-04-02,5032.888717368918
2013-04-03,5035.167167693862
2013-04-04,5020.2158605006625
2013-04-05,4959.937442568843
2013-04-08,4914.9612332104625
2013-04-09,4932.688982544028
2013-04-10,4964.252399306955
2013-04-11,5013.736111950956
2013-04-12,5014.956456145749
2013-04-15,4983.220922703385
2013-04-16,5008.564433453236
2013-04-17,5011.730153244122
2013-04-18,4985.247442728785
2013-04-19,5043.4092354259155
2013-04-22,5061.867455577458
2013-04-23,5027.264090140595
2013-04-24,5078.241949393415
2013-04-25,5103.549383576963
2013-04-26,5107.929459563652
2013-04-29,5130.332806036697
2013-04-30,5175.476014193258
2013-05-01,5174.403234670259
2013-05-02,5169.280845587211
2013-05-03,5192.180130274495
2013-05-06,5233.439674744374
2013-05-07,5252.014381247925
2013-05-08,5302.59558013612
2013-05-09,5303.323377516344
2013-05-10,5251.2037054048515
2013-05-13,5227.610812330093
2013-05-14,5230.638560761503
2013-05-15,5247.320974415644
2013-05-16,5262.514875617713
2013-05-17,5269.105709871692
2013-05-20,5282.654008513659
2013-05-21,5285.994641407372
2013-05-22,5260.366284630757
2013-05-23,5166.007775317378
2013-05-24,5169.346974532905
2013-05-27,5172.073159027275
2013-05-28,5207.599113853321
2013-05-29,5192.2457659307065
2013-05-30,5151.04321319565
2013-05-31,5121.867818967173
2013-06-03,5080.762085687667
2013-06-04,5094.123822939296
2013-06-05,5083.200811435753
2013-06-06,5062.913666239467
2013-06-07,5049.906529544658
2013-06-10,5034.408901050088
2013-06-11,4954.911933215206
2013-06-12,4958.97833049894
2013-06-13,4851.918720130752
2013-06-14,4911.278496756744
2013-06-17,4940.467917835066
2013-06-18,4935.388710088166
2013-06-19,4914.260368903401
2013-06-20,4789.997165110995
2013-06-21,4730.199915545183
2013-06-24,4653.377368654596
2013-06-25,4634.53673330336
2013-06-26,4742.539409089361
2013-06-27,4818.142759201617
2013-06-28,4940.210149162814
2013-07-01,4936.501718906521
2013-07-02,4914.600412104793
2013-07-03,4838.81805431597
2013-07-04,4865.263790632728
2013-07-05,4896.042420537452
2013-07-08,4811.843265928808
2013-07-09,4853.102488294577
2013-07-10,4883.248338288953
2013-07-11,4999.694657945138
2013-07-12,5007.616513316585
2013-07-15,5015.0273319434755
2013-07-16,5020.1709040258065
2013-07-17,5025.927571986025
2013-07-18,5012.515133474791
2013-07-19,4983.990054962569
2013-07-22,4991.41265600454
2013-07-23,5075.491683177985
2013-07-24,5071.3266751005785
2013-07-25,5049.811898049475
2013-07-26,5067.779446882606
2013-07-29,5013.279631686723
2013-07-30,5029.409862938124
2013-07-31,5000.717644406283
2013-08-01,5010.366085446386
2013-08-02,5004.413994898668
2013-08-05,5029.599425290022
2013-08-06,4999.244831327409
2013-08-07,4954.19743458488
2013-08-08,4965.17504433053
2013-08-09,4959.463205777102
2013-08-12,4999.83830042718
2013-08-13,5060.23298106787
2013-08-14,5052.337239430741
2013-08-15,5025.771014669236
2013-08-16,5026.345056588783
2013-08-19,4985.984717965488
2013-08-20,4923.265824898506
2013-08-21,4905.861168092299
2013-08-22,4860.013271980588
2013-08-23,4868.636492673203
2013-08-26,4883.73656564938
2013-08-27,4844.5883016138705
2013-08-28,4796.2612183829115
2013-08-29,4876.371599153052
2013-08-30,4941.862526195608
2013-09-02,4967.64009220711
2013-09-03,4987.773588993248
2013-09-04,4957.4028844057075
2013-09-05,5009.451735296763
2013-09-06,5009.186505732914
2013-09-09,5092.4737896158695
2013-09-10,5150.195364005705
2013-09-11,5170.989883790326
2013-09-12,5167.1602936867275
2013-09-13,5145.028802661829
2013-09-16,5201.804830220789
2013-09-17,5216.009773797287
2013-09-18,5192.5306635128645
2013-09-19,5266.658718461361
2013-09-20,5256.444202440376
2013-09-23,5296.9195591641055
2013-09-24,5267.214032516448
2013-09-25,5266.333234401865
2013-09-26,5236.735464383604
2013-09-27,5247.584136903104
2013-09-30,5195.873452494368
2013-10-01,5215.403985049218
2013-10-02,5246.415413783556
2013-10-03,5310.505640892864
2013-10-04,5330.888296685052
2013-10-07,5309.478036496999
2013-10-08,5323.408702599004
2013-10-09,5304.617880010357
2013-10-10,5310.036020163202
2013-10-11,5345.505013826208
2013-10-14,5322.2001930998995
2013-10-15,5371.879101030791
2013-10-16,5343.922242495563
2013-10-17,5362.653231278093
2013-10-18,5398.826325041508
2013-10-21,5403.255572908375
2013-10-22,5402.544838561374
2013-10-23,5390.221573569983
2013-10-24,5394.198336254435
2013-10-25,5357.886172130322
2013-10-28,5383.927837381643
2013-10-29,5385.737783107788
2013-10-30,5445.044857866967
2013-10-31,5404.651823371218
2013-11-01,5399.702186609044
2013-11-04,5365.103326397684
2013-11-05,5357.809014812507
2013-11-06,5363.789860647966
2013-11-07,5340.787214829285
2013-11-08,5285.971934950961
2013-11-11,5258.448607242622
2013-11-12,5267.6607407733745
2013-11-13,5194.925719960757
2013-11-14,5241.519643422373
2013-11-15,5286.197508698633
2013-11-18,5353.037145846961
2013-11-19,5383.778276442253
2013-11-20,5361.764578530824
2013-11-21,5309.030837279043
2013-11-22,5319.061041397586
2013-11-25,5329.2117221747985
2013-11-26,5341.400469484768
2013-11-27,5358.834247221965
2013-11-28,5396.20763701603
2013-11-29,5429.9814997243075
2013-12-02,5452.529553798544
2013-12-03,5417.542001146391
2013-12-04,5382.316924688462
2013-12-05,5365.431079735067
2013-12-06,5366.272834159485
2013-12-09,5417.483323667887
2013-12-10,5402.0710523099215
2013-12-11,5375.559664281069
2013-12-12,5323.9116776431665
2013-12-13,5323.296321807792
2013-12-16,5296.745162283796
2013-12-17,5326.15118835552
2013-12-18,5330.470432173292
2013-12-19,5321.607366612915
2013-12-20,5288.29588922743
2013-12-23,5308.444604109766
2013-12-24,5331.006831898396
2013-12-25,5335.544405604763
2013-12-26,5338.327815418441
2013-12-27,5359.4620640014655
2013-12-30,5389.979938097698
2013-12-31,5405.495514494394
2014-01-01,5405.495514494394
2014-01-02,5377.882929953074
2014-01-03,5295.140316596761
2014-01-06,5271.225926852882
2014-01-07,5257.102317979465
2014-01-08,5286.40835907866
2014-01-09,5256.860486963349
2014-01-10,5260.889119343627
2014-01-13,5303.6018870770895
2014-01-14,5280.34800273252
2014-01-15,5292.5137305278395
2014-01-16,5297.7985900874955
2014-01-17,5292.557366502001
2014-01-20,5273.986355330579
2014-01-21,5284.065984423111
2014-01-22,5308.225083712047
2014-01-23,5272.627456860885
2014-01-24,5231.501097649075
2014-01-27,5111.757803541624
2014-01-28,5134.245842318758
2014-01-29,5199.062941193299
2014-01-30,5186.668280684337
2014-01-31,5188.070666371327
2014-02-03,5164.323023403267
2014-02-04,5078.165640634757
2014-02-05,5064.648541936447
2014-02-06,5090.950633327583
2014-02-07,5159.832122847173
2014-02-10,5150.934721245967
2014-02-11,5166.927564564391
2014-02-12,5223.635486537933
2014-02-13,5202.087253637689
2014-02-14,5235.51427234746
2014-02-17,5273.215802787388
2014-02-18,5265.902027401724
2014-02-19,5268.159023965987
2014-02-20,5231.989643236958
2014-02-21,5265.581907596262
2014-02-24,5234.488316660838
2014-02-25,5232.5425255571345
2014-02-26,5265.922225873633
2014-02-27,5300.843926300758
2014-02-28,5328.694327703697
2014-03-03,5294.162799039849
2014-03-04,5285.685022342152
2014-03-05,5301.843649397754
2014-03-06,5347.701770471205
2014-03-07,5352.297868607878
2014-03-10,5285.658376944023
2014-03-11,5319.807808491406
2014-03-12,5258.32548498207
2014-03-13,5284.920338954785
2014-03-14,5233.47319784862
2014-03-17,5249.6488033074
2014-03-18,5278.969468988124
2014-03-19,5259.123541159209
2014-03-20,5197.1888874422975
2014-03-21,5192.0329398779295
2014-03-24,5235.336235160901
2014-03-25,5231.593930574207
2014-03-26,5268.790303283618
2014-03-27,5281.312421373582
2014-03-28,5319.4036849601025
2014-03-31,5364.575374995558
2014-04-01,5412.412689022319
2014-04-02,5408.427988558277
2014-04-03,5390.0689472063505
2014-04-04,5374.694519831861
2014-04-07,5388.887566267355
2014-04-08,5412.270300212451
2014-04-09,5475.54634801343
2014-04-10,5514.389565675694
2014-04-11,5493.577225158796
2014-04-14,5471.925062692859
2014-04-15,5462.679413208423
2014-04-16,5455.928440209974
2014-04-17,5470.55370869673
2014-04-18,5476.247987122537
2014-04-21,5469.244285355674
2014-04-22,5476.181489716859
2014-04-23,5455.879126964248
2014-04-24,5456.4988890212035
2014-04-25,5401.003272427456
2014-04-28,5388.255468216493
2014-04-29,5431.515623916456
2014-04-30,5426.721401884186
2014-05-01,5426.682637535055
2014-05-02,5473.172721592902
2014-05-05,5461.486605785476
2014-05-06,5465.150503408865
2014-05-07,5448.744332969754
2014-05-08,5453.466997215609
2014-05-09,5461.667810941676
2014-05-12,5465.437703372566
2014-05-13,5487.650534968296
2014-05-14,5547.913504333609
2014-05-15,5548.24275984321
2014-05-16,5560.890651851712
2014-05-19,5585.304476152829
2014-05-20,5572.206789497645
2014-05-21,5561.752776718535
2014-05-22,5624.779419611776
2014-05-23,5627.416072939489
2014-05-26,5616.479994784543
2014-05-27,5607.332999477349
2014-05-28,5653.9246183790665
2014-05-29,5635.574383259263
2014-05-30,5615.376231804996
2014-06-02,5612.650685453035
2014-06-03,5659.17859937873
2014-06-04,5637.320285766169
2014-06-05,5642.635622660512
2014-06-06,5637.209141317855
2014-06-09,5666.680634528322
2014-06-10,5707.584676796441
2014-06-11,5698.8269131609395
2014-06-12,5693.617636433495
2014-06-13,5681.938968924512
2014-06-16,5668.294662938929
2014-06-17,5674.6466983535465
2014-06-18,5667.910111613997
2014-06-19,5691.6668477525955
2014-06-20,5676.570578262164
2014-06-23,5660.543618167399
2014-06-24,5681.782663454816
2014-06-25,5671.5760060973635
2014-06-26,5735.945183752462
2014-06-27,5738.79753695428
2014-06-30,5774.597708041369
2014-07-01,5783.564531663926
2014-07-02,5825.3437033869595
2014-07-03,5835.252252135645
2014-07-04,5850.641666482258
2014-07-07,5861.820525258832
2014-07-08,5879.0733320011705
2014-07-09,5851.662665262734
2014-07-10,5869.387210211883
2014-07-11,5832.574974406015
2014-07-14,5850.569081839999
2014-07-15,5852.4091755391755
2014-07-16,5842.1021748439625
2014-07-17,5848.294344017179
2014-07-18,5834.274121709062
2014-07-21,5839.958414517608
2014-07-22,5883.531065853311
2014-07-23,5896.556469626035
2014-07-24,5884.3703163937425
2014-07-25,5871.483387965052
2014-07-28,5889.151521687019
2014-07-29,5895.248954041855
2014-07-30,5927.698066709568
2014-07-31,5896.832382077858
2014-08-01,5868.864314957936
2014-08-04,5907.960655686792
2014-08-05,5886.218246858356
2014-08-06,5891.287067614147
2014-08-07,5871.228831262229
2014-08-08,5839.902479968874
2014-08-11,5887.3314038799135
2014-08-12,5897.822068824758
2014-08-13,5949.912003721115
2014-08-14,5966.705113522293
2014-08-15,5978.709242435823
2014-08-18,5977.872687619587
2014-08-19,6033.085028478361
2014-08-20,6050.0447739892725
2014-08-21,6018.229373095053
2014-08-22,6068.903026336041
2014-08-25,6055.164141463748
2014-08-26,6047.225314262863
2014-08-27,6074.1855537394695
2014-08-28,6055.52428161072
2014-08-29,6026.225231582547
2014-09-01,6050.045016263617
2014-09-02,6022.392407381387
2014-09-03,6079.668689293153
2014-09-04,6077.730751148825
2014-09-05,6055.149965252977
2014-09-08,6072.628023047892
2014-09-09,6072.5626260518
2014-09-10,6025.291875075455
2014-09-11,5980.7842814623755
2014-09-12,5968.622440795976
2014-09-15,5927.072104660718
2014-09-16,5899.8025696324685
2014-09-17,5957.762504338049
2014-09-18,5942.77199322457
2014-09-19,5939.690706963984
2014-09-22,5897.492644324572
2014-09-23,5870.747677905498
2014-09-24,5898.971646558011
2014-09-25,5871.491683498605
2014-09-26,5854.372826189172
2014-09-29,5790.877425349103
2014-09-30,5780.019256923787
2014-10-01,5763.28340350329
2014-10-02,5744.152095196772
2014-10-03,5774.167956390089
2014-10-06,5761.525088123451
2014-10-07,5780.234988244896
2014-10-08,5734.804989846111
2014-10-09,5765.270214219073
2014-10-10,5717.214083818332
2014-10-13,5655.7609671701875
2014-10-14,5672.131772408653
2014-10-15,5672.131279724813
2014-10-16,5656.6948881433445
2014-10-17,5642.570026312191
2014-10-20,5695.520805215843
2014-10-21,5715.337219467426
2014-10-22,5772.271044659183
2014-10-23,5747.13538967705
2014-10-24,5731.500594047963
2014-10-27,5730.534135240689
2014-10-28,5765.660806911588
2014-10-29,5827.714716361776
2014-10-30,5810.603533005198
2014-10-31,5838.48837796652
2014-11-03,5819.762862614794
2014-11-04,5792.53982174795
2014-11-05,5754.905915974315
2014-11-06,5726.5652547175605
2014-11-07,5682.311111848814
2014-11-10,5728.807967594408
2014-11-11,5732.999122101101
2014-11-12,5705.172254940332
2014-11-13,5720.9844977975545
2014-11-14,5713.2852571374815
2014-11-17,5677.001728054608
2014-11-18,5696.140144292165
2014-11-19,5696.158723946762
2014-11-20,5688.155960393464
2014-11-21,5699.512586609
2014-11-24,5742.696326180904
2014-11-25,5766.329081999943
2014-11-26,5788.7598224423655
2014-11-27,5795.043797537691
2014-11-28,5779.723302047224
2014-12-01,5681.169440223492
2014-12-02,5700.998558458286
2014-12-03,5691.887683833771
2014-12-04,5715.829737121816
2014-12-05,5711.197659767848
2014-12-08,5681.290788960937
2014-12-09,5638.27580731013
2014-12-10,5650.55815822741
2014-12-11,5595.328972002605
2014-12-12,5610.943310842775
2014-12-15,5572.390594365861
2014-12-16,5537.048066359654
2014-12-17,5490.728875868476
2014-12-18,5532.597426621667
2014-12-19,5583.780675121645
2014-12-22,5621.537138904306
2014-12-23,5601.143777917551
2014-12-24,5603.779781015725
2014-12-25,5597.488249433811
2014-12-26,5617.7717251305585
2014-12-29,5642.9385952641605
2014-12-30,5634.020265089324
2014-12-31,5656.789648395929
2015-01-01,5656.78964839593
2015-01-02,5662.760554298493
2015-01-05,5613.162541378667
2015-01-06,5566.830402912864
2015-01-07,5572.00456947337
2015-01-08,5648.4621276023145
2015-01-09,5680.102344350148
2015-01-12,5683.215490091389
2015-01-13,5695.013963198119
2015-01-14,5675.519772204542
2015-01-15,5684.443774455343
2015-01-16,5674.69390195469
2015-01-19,5647.592753910305
2015-01-20,5663.095780544422
2015-01-21,5740.369860971773
2015-01-22,5761.353031856626
2015-01-23,5836.740212770991
2015-01-26,5845.430087970473
2015-01-27,5861.89596071251
2015-01-28,5846.239101018242
2015-01-29,5793.88531831025
2015-01-30,5775.736555774986
2015-02-02,5753.366956073349
2015-02-03,5779.931761910425
2015-02-04,5854.587529744648
2015-02-05,5832.904660058109
2015-02-06,5840.531455090301
2015-02-09,5785.595232727719
2015-02-10,5781.507459082324
2015-02-11,5774.377956726187
2015-02-12,5777.958305672337
2015-02-13,5836.242263028154
2015-02-16,5816.300887741364
2015-02-17,5808.512824360389
2015-02-18,5799.255867241749
2015-02-19,5798.252784337942
2015-02-20,5798.261666623122
2015-02-23,5803.704636262181
2015-02-24,5809.922716579313
2015-02-25,5855.24644174762
2015-02-26,5846.964042749707
2015-02-27,5836.1083684289215
2015-03-02,5842.904853393673
2015-03-03,5841.030192913706
2015-03-04,5844.885621747834
2015-03-05,5835.823263285456
2015-03-06,5858.91001696915
2015-03-09,5795.729009826991
2015-03-10,5760.004810975683
2015-03-11,5705.272443629721
2015-03-12,5722.781097326934
2015-03-13,5724.920353191428
2015-03-16,5719.553602547539
2015-03-17,5758.301968474984
2015-03-18,5794.510076479118
2015-03-19,5852.627515282684
2015-03-20,5834.3403608005765
2015-03-23,5854.502523505084
2015-03-24,5894.991935617011
2015-03-25,5893.669501254788
2015-03-26,5880.174071095742
2015-03-27,5855.579248582983
2015-03-30,5897.464516839244
2015-03-31,5937.461348268909
2015-04-01,5961.639592464251
2015-04-02,6010.971079345301
2015-04-03,6021.552422579305
2015-04-06,6035.363692631025
2015-04-07,6053.482519315588
2015-04-08,6138.6947974841
2015-04-09,6168.143830032285
2015-04-10,6200.389123066434
2015-04-13,6232.209273406578
2015-04-14,6186.5840395918285
2015-04-15,6168.207969171552
2015-04-16,6251.989723745771
2015-04-17,6263.162844248981
2015-04-20,6230.389578124361
2015-04-21,6271.392875062421
2015-04-22,6310.864195362167
2015-04-23,6369.991537865836
2015-04-24,6424.700106795777
2015-04-27,6466.042408631721
2015-04-28,6450.178453183073
2015-04-29,6410.974579283348
2015-04-30,6341.804112669343
2015-05-01,6341.887458405757
2015-05-04,6364.456262145904
2015-05-05,6333.273921848625
2015-05-06,6304.427301287562
2015-05-07,6197.624233519216
2015-05-08,6233.064135955578
2015-05-11,6259.257137132768
2015-05-12,6223.243063950785
2015-05-13,6251.175120210821
2015-05-14,6273.565104226223
2015-05-15,6295.629710523816
2015-05-18,6327.585083141407
2015-05-19,6336.99491258885
2015-05-20,6275.913914781706
2015-05-21,6235.271922607709
2015-05-22,6283.552904877682
2015-05-25,6275.996290594315
2015-05-26,6264.608061889484
2015-05-27,6223.088170510563
2015-05-28,6177.16930808837
2015-05-29,6167.183308409048
2015-06-01,6170.543720151185
2015-06-02,6122.594068221408
2015-06-03,6126.776565993662
2015-06-04,6066.527963589236
2015-06-05,6065.19351947701
2015-06-08,6021.2462589044335
2015-06-09,5943.809691357925
2015-06-10,5961.430812271184
2015-06-11,5972.046208287707
2015-06-12,5987.408391763503
2015-06-15,5939.266977633456
2015-06-16,5893.376840462796
2015-06-17,5913.1474875343165
2015-06-18,5944.635702966013
2015-06-19,5937.56859478927
2015-06-22,6000.155670648098
2015-06-23,6030.999714901673
2015-06-24,6049.996907247061
2015-06-25,6028.467143225718
2015-06-26,5980.814406175101
2015-06-29,5876.274814512435
2015-06-30,5942.294397802033
2015-07-01,5961.311834358655
2015-07-02,5934.398353036582
2015-07-03,5907.70150439954
2015-07-06,5776.491057112454
2015-07-07,5723.9861998580645
2015-07-08,5565.162984015259
2015-07-09,5640.681576497629
2015-07-10,5715.597832307082
2015-07-13,5774.214830476257
2015-07-14,5754.33941580306
2015-07-15,5758.545613553114
2015-07-16,5764.575264907558
2015-07-17,5779.496852155041
2015-07-20,5755.977404735504
2015-07-21,5780.713647439868
2015-07-22,5745.261885415375
2015-07-23,5736.402471567893
2015-07-24,5694.307630046306
2015-07-27,5571.938675289035
2015-07-28,5574.375821318311
2015-07-29,5584.630713566866
2015-07-30,5589.228050653933
2015-07-31,5628.654327811882
2015-08-03,5601.733596194011
2015-08-04,5591.713769421377
2015-08-05,5590.146312405199
2015-08-06,5545.9747299345845
2015-08-07,5528.696503869146
2015-08-10,5543.94059014003
2015-08-11,5489.166859350402
2015-08-12,5389.1605170353105
2015-08-13,5418.65778594233
2015-08-14,5407.95651186417
2015-08-17,5365.591314342299
2015-08-18,5316.752251573355
2015-08-19,5275.8199182691005
2015-08-20,5195.7187163165045
2015-08-21,5096.724123084641
2015-08-24,4866.27926137523
2015-08-25,4920.360735474962
2015-08-26,4945.9981631477385
2015-08-27,5079.405212456325
2015-08-28,5141.8133941940405
2015-08-31,5087.781430978566
2015-09-01,5019.597548183167
2015-09-02,4972.755632110698
2015-09-03,4962.950354199265
2015-09-04,4938.651080163099
2015-09-07,4893.7429141305865
2015-09-08,4939.486830883654
2015-09-09,5101.065502645857
2015-09-10,5089.198389902135
2015-09-11,5067.869616776638
2015-09-14,5096.075720832976
2015-09-15,5069.871494985321
2015-09-16,5137.27486963666
2015-09-17,5191.205844710424
2015-09-18,5216.0135395313255
2015-09-21,5138.471365674326
2015-09-22,5145.1975166821485
2015-09-23,5013.155031080235
2015-09-24,4997.687925225948
2015-09-25,4977.160746725943
2015-09-28,4964.3064113101045
2015-09-29,4920.997312079576
2015-09-30,5010.044673254489
2015-10-01,5036.666414596091
2015-10-02,5073.871434295094
2015-10-05,5143.671866179473
2015-10-06,5187.2983788733745
2015-10-07,5279.935123218502
2015-10-08,5260.338007197353
2015-10-09,5298.9611882544705
2015-10-12,5366.058222327035
2015-10-13,5338.259475712543
2015-10-14,5318.6739223310915
2015-10-15,5414.446886552486
2015-10-16,5421.901535537427
2015-10-19,5449.01944375351
2015-10-20,5434.102304240691
2015-10-21,5415.021022907247
2015-10-22,5397.640057529175
2015-10-23,5478.155155623474
2015-10-26,5487.303399661795
2015-10-27,5457.7372499170415
2015-10-28,5431.957374682292
2015-10-29,5350.280212071552
2015-10-30,5353.3242115887915
2015-11-02,5344.337351863166
2015-11-03,5392.849397900386
2015-11-04,5445.694878646797
2015-11-05,5428.676604539567
2015-11-06,5369.194499846962
2015-11-09,5321.273222529191
2015-11-10,5252.535053066946
2015-11-11,5224.307360395388
2015-11-12,5258.867900558619
2015-11-13,5199.3383227562335
2015-11-16,5126.748666059578
2015-11-17,5173.426110755858
2015-11-18,5147.132728997067
2015-11-19,5213.862707110006
2015-11-20,5244.341754082438
2015-11-23,5239.323015180734
2015-11-24,5252.672046551723
2015-11-25,5271.907485734589
2015-11-26,5277.399046880636
2015-11-27,5212.070147672671
2015-11-30,5153.353794704101
2015-12-01,5233.3570829656055
2015-12-02,5219.5851802743755
2015-12-03,5198.665798247727
2015-12-04,5176.255975310106
2015-12-07,5172.356603246677
2015-12-08,5112.055696657736
2015-12-09,5080.355896215703
2015-12-10,5074.7867024845045
2015-12-11,5030.165574427092
2015-12-14,4985.826989268318
2015-12-15,5005.255525910798
2015-12-16,5068.415760218936
2015-12-17,5124.458732993012
2015-12-18,5086.557078053871
2015-12-21,5097.43773965063
2015-12-22,5131.572579881273
2015-12-23,5167.582215771805
2015-12-24,5173.328774849826
2015-12-25,5177.0386671382175
2015-12-28,5150.955322166697
2015-12-29,5158.536751477586
2015-12-30,5136.6917133578245
2015-12-31,5153.3774215651
2016-01-01,5153.3774215651
2016-01-04,4997.040304185645
2016-01-05,4995.095674465674
2016-01-06,4952.60177478637
2016-01-07,4848.7420594659925
2016-01-08,4859.499978691482
2016-01-11,4745.699915136752
2016-01-12,4752.41938575223
2016-01-13,4793.69359301267
2016-01-14,4747.035336618427
2016-01-15,4704.333990420564
2016-01-18,4674.952586233704
2016-01-19,4722.209651540315
2016-01-20,4623.014995759299
2016-01-21,4554.821389304523
2016-01-22,4669.7157922614215
2016-01-25,4727.651026642917
2016-01-26,4658.016454984543
2016-01-27,4710.874168623116
2016-01-28,4731.180008951767
2016-01-29,4826.011035169436
2016-02-01,4852.71564988646
2016-02-02,4812.744292196389
2016-02-03,4728.838131067462
2016-02-04,4796.727394311905
2016-02-05,4807.356747209684
2016-02-08,4803.883318597557
2016-02-09,4795.4056627600385
2016-02-10,4801.105246426722
2016-02-11,4727.676635827629
2016-02-12,4686.536888689753
2016-02-15,4762.577060459177
2016-02-16,4806.438043181155
2016-02-17,4770.937503996368
2016-02-18,4843.496874077857
2016-02-19,4837.5237070660405
2016-02-22,4855.440361860373
2016-02-23,4838.4278441867045
2016-02-24,4801.143815046167
2016-02-25,4780.70585233886
2016-02-26,4827.354873417987
2016-02-29,4790.783931580243
2016-03-01,4838.841869826607
2016-03-02,4931.463259603842
2016-03-03,4968.76919215425
2016-03-04,4995.467765168666
2016-03-07,5011.336493855386
2016-03-08,4971.361382833983
2016-03-09,4959.535045060119
2016-03-10,4983.945730980805
2016-03-11,5035.940837033306
2016-03-14,5070.843449222789
2016-03-15,5030.389394447984
2016-03-16,5041.558869745039
2016-03-17,5131.320286593116
2016-03-18,5180.040523403841
2016-03-21,5186.21874565379
2016-03-22,5198.185266290892
2016-03-23,5179.801110977665
2016-03-24,5145.984141323955
2016-03-25,5134.899183668908
2016-03-28,5130.294850060592
2016-03-29,5128.325112528546
2016-03-30,5222.228407518744
2016-03-31,5246.79825221912
2016-04-01,5197.468136693781
2016-04-04,5204.345359082458
2016-04-05,5162.5191316112005
2016-04-06,5148.063100998218
2016-04-07,5152.993182029885
2016-04-08,5164.902370248777
2016-04-11,5182.623635963649
2016-04-12,5199.167132764684
2016-04-13,5262.952096145026
2016-04-14,5266.57476760864
2016-04-15,5298.236289739978
2016-04-18,5254.884503806804
2016-04-19,5288.437076736019
2016-04-20,5238.648941584551
2016-04-21,5283.651168581772
2016-04-22,5256.637267948409
2016-04-25,5234.939310414768
2016-04-26,5220.048727216204
2016-04-27,5214.316815810629
2016-04-28,5203.915636105393
2016-04-29,5176.50685439471
2016-05-02,5171.998495379331
2016-05-03,5136.971620331124
2016-05-04,5110.485820826117
2016-05-05,5076.124055693431
2016-05-06,5038.13064007248
2016-05-09,5029.957404977768
2016-05-10,5028.360525758305
2016-05-11,5038.23265215799
2016-05-12,5034.257963961681
2016-05-13,5015.673779985516
2016-05-16,5013.9764347313185
2016-05-17,5048.457672998223
2016-05-18,5029.932079858432
2016-05-19,4970.6725083308675
2016-05-20,4967.809434364559
2016-05-23,5005.644901596074
2016-05-24,4988.443349645572
2016-05-25,5060.900737885688
2016-05-26,5069.253886946982
2016-05-27,5104.894431057038
2016-05-30,5110.649164140494
2016-05-31,5122.934612037294
2016-06-01,5113.884219046623
2016-06-02,5121.941579387501
2016-06-03,5141.819434643862
2016-06-06,5182.555919226753
2016-06-07,5276.248799040329
2016-06-08,5291.209258968368
2016-06-09,5268.715674098371
2016-06-10,5211.888991793205
2016-06-13,5114.514598580747
2016-06-14,5112.902114774415
2016-06-15,5130.122867152324
2016-06-16,5085.149533939495
2016-06-17,5110.254619801267
2016-06-20,5172.03998816114
2016-06-21,5203.685334397591
2016-06-22,5223.055736589049
2016-06-23,5236.628675181356
2016-06-24,5108.836738034322
2016-06-27,5098.890287411259
2016-06-28,5123.222798057035
2016-06-29,5198.270234472475
2016-06-30,5276.932463323225
2016-07-01,5305.15416756097
2016-07-04,5319.1537969004785
2016-07-05,5271.274821757153
2016-07-06,5200.250442586062
2016-07-07,5254.586149549084
2016-07-08,5231.9502421262605
2016-07-11,5333.585256366076
2016-07-12,5364.867207926817
2016-07-13,5387.494231890076
2016-07-14,5413.917930886414
2016-07-15,5449.71571029367
2016-07-18,5457.517278890891
2016-07-19,5450.318061739144
2016-07-20,5447.370236824942
2016-07-21,5458.485156105303
2016-07-22,5433.145517389986
2016-07-25,5432.793705129578
2016-07-26,5454.2753318317755
2016-07-27,5469.515256611762
2016-07-28,5480.107573793503
2016-07-29,5426.0676732807615
2016-08-01,5510.392989506717
2016-08-02,5501.012087901233
2016-08-03,5447.497149377593
2016-08-04,5463.210259516521
2016-08-05,5516.709125618142
2016-08-08,5566.651791171958
2016-08-09,5585.403908165741
2016-08-10,5640.267494867144
2016-08-11,5650.1328907129755
2016-08-12,5652.324011227613
2016-08-15,5670.269446036764
2016-08-16,5689.816758423663
2016-08-17,5658.597045460947
2016-08-18,5685.643787216519
2016-08-19,5634.346800766558
2016-08-22,5607.971049357493
2016-08-23,5626.905377679765
2016-08-24,5603.466927842729
2016-08-25,5630.22989850735
2016-08-26,5653.782508990463
2016-08-29,5627.674763812551
2016-08-30,5650.619517998952
2016-08-31,5635.371423481559
2016-09-01,5628.973523575422
2016-09-02,5653.186610169539
2016-09-05,5723.790319166711
2016-09-06,5778.330983850853
2016-09-07,5794.32464641503
2016-09-08,5815.113280941483
2016-09-09,5746.052451029902
2016-09-12,5617.691917002553
2016-09-13,5606.010377296592
2016-09-14,5590.866856040116
2016-09-15,5608.902968868996
2016-09-16,5603.488929587866
2016-09-19,5683.724898709728
2016-09-20,5677.311822878489
2016-09-21,5714.163767118347
2016-09-22,5766.826677528746
2016-09-23,5764.448994721032
2016-09-26,5700.964373826425
2016-09-27,5742.705244645063
2016-09-28,5737.732783425125
2016-09-29,5767.463060751708
2016-09-30,5693.438916292281
2016-10-03,5736.6465368289855
2016-10-04,5754.53889817485
2016-10-05,5748.384571476048
2016-10-06,5755.457990447749
2016-10-07,5714.311749762153
2016-10-10,5725.042278018035
2016-10-11,5677.883868212038
2016-10-12,5651.673114170644
2016-10-13,5585.860007320775
2016-10-14,5606.986857504519
2016-10-17,5584.536641779331
2016-10-18,5651.193094221126
2016-10-19,5669.092596427134
2016-10-20,5663.864247900401
2016-10-21,5642.183683234297
2016-10-24,5678.87515920512
2016-10-25,5673.369731508677
2016-10-26,5635.674340334471
2016-10-27,5607.712260948568
2016-10-28,5590.677381170023
2016-10-31,5573.85335516288
2016-11-01,5593.77699644988
2016-11-02,5521.552553108167
2016-11-03,5507.88770309896
2016-11-04,5497.909691012623
2016-11-07,5533.2419319261135
2016-11-08,5575.036639887104
2016-11-09,5469.670032405039
2016-11-10,5499.185790237225
2016-11-11,5362.273746791004
2016-11-14,5287.536641463215
2016-11-15,5292.226081114676
2016-11-16,5308.233234192207
2016-11-17,5312.142171378091
2016-11-18,5309.972665081483
2016-11-21,5310.606704390748
2016-11-22,5355.03077235861
2016-11-23,5372.720191172741
2016-11-24,5343.381766469349
2016-11-25,5355.757811100944
2016-11-28,5395.284001258285
2016-11-29,5388.491109338658
2016-11-30,5384.934925140682
2016-12-01,5356.69717420923
2016-12-02,5323.097927062047
2016-12-05,5309.544253490576
2016-12-06,5342.124268829556
2016-12-07,5359.758121258022
2016-12-08,5419.818001329155
2016-12-09,5391.648966384665
2016-12-12,5343.542884706286
2016-12-13,5367.509229874628
2016-12-14,5365.14497377758
2016-12-15,5302.468783281479
2016-12-16,5283.202411395868
2016-12-19,5245.4411220591865
2016-12-20,5230.594251776046
2016-12-21,5211.801592370905
2016-12-22,5177.048820567979
2016-12-23,5161.2196684622695
2016-12-26,5167.76902569875
2016-12-27,5172.284511278628
2016-12-28,5217.525637012545
2016-12-29,5231.022925805469
2016-12-30,5266.710750214971
2017-01-02,5266.579799167379
2017-01-03,5272.774335595459
2017-01-04,5307.159801618002
2017-01-05,5387.543381856433
2017-01-06,5379.069454263108
2017-01-09,5354.945827552806
2017-01-10,5393.058813458332
2017-01-11,5404.04980371849
2017-01-12,5429.74761801793
2017-01-13,5446.267337110395
2017-01-16,5405.077003992217
2017-01-17,5435.43911423747
2017-01-18,5455.764537883118
2017-01-19,5441.293033297252
2017-01-20,5432.410060807335
2017-01-23,5473.0288298051055
2017-01-24,5481.430786084672
2017-01-25,5480.198881355269
2017-01-26,5512.190445145173
2017-01-27,5496.286484028423
2017-01-30,5491.181689171863
2017-01-31,5476.903155998509
2017-02-01,5479.566636447618
2017-02-02,5481.669268229269
2017-02-03,5503.155753673683
2017-02-06,5553.812142603651
2017-02-07,5555.442496336393
2017-02-08,5564.548764819215
2017-02-09,5582.878557732849
2017-02-10,5592.081061905457
2017-02-13,5627.594901241131
2017-02-14,5629.474405109265
2017-02-15,5651.26639973828
2017-02-16,5670.3990408218715
2017-02-17,5640.375992945684
2017-02-20,5651.132803650966
2017-02-21,5647.621628391614
2017-02-22,5686.975154833973
2017-02-23,5687.8821790465145
2017-02-24,5667.151805760448
2017-02-27,5649.435689276212
2017-02-28,5643.308058319018
2017-03-01,5635.79067602849
2017-03-02,5625.06915814362
2017-03-03,5585.972821551702
2017-03-06,5604.165695728327
2017-03-07,5630.419638988009
2017-03-08,5648.043467863753
2017-03-09,5601.100549086109
2017-03-10,5596.977083077904
2017-03-13,5676.077438900816
2017-03-14,5687.51493587803
2017-03-15,5697.649450688591
2017-03-16,5781.506351100537
2017-03-17,5816.129043826785
2017-03-20,5837.3094073661805
2017-03-21,5860.256089890065
2017-03-22,5825.427606994973
2017-03-23,5840.517336296004
2017-03-24,5792.263748286567
2017-03-27,5794.484674831758
2017-03-28,5815.785922923195
2017-03-29,5804.591270275563
2017-03-30,5795.015628784924
2017-03-31,5774.278117840193
2017-04-03,5802.231513388038
2017-04-04,5795.333576661784
2017-04-05,5835.768950229058
2017-04-06,5794.598200193349
2017-04-07,5795.810356020888
2017-04-10,5773.098938405316
2017-04-11,5742.809315639626
2017-04-12,5774.3811413743
2017-04-13,5818.545538737805
2017-04-14,5799.396378446656
2017-04-17,5796.907637329269
2017-04-18,5767.620777582203
2017-04-19,5752.8851769798275
2017-04-20,5783.071509319677
2017-04-21,5829.188727685664
2017-04-24,5850.582782914659
2017-04-25,5911.639718483021
2017-04-26,5922.8416266709
2017-04-27,5899.043206008529
2017-04-28,5895.331396485138
2017-05-01,5898.128847333091
2017-05-02,5934.352950709442
2017-05-03,5937.904525466169
2017-05-04,5937.270534380027
2017-05-05,5907.432859904378
2017-05-08,5958.279205672187
2017-05-09,5967.905534425007
2017-05-10,5968.815967762229
2017-05-11,5996.52697736371
2017-05-12,5973.560288047383
2017-05-15,5996.599218985341
2017-05-16,6020.996405189544
2017-05-17,6002.201555784256
2017-05-18,5958.322333548772
2017-05-19,5983.6293703334695
2017-05-22,6034.333956608925
2017-05-23,6024.872407968981
2017-05-24,6026.802339146014
2017-05-25,6081.4949008846415
2017-05-26,6085.306804456203
2017-05-29,6081.252801934789
2017-05-30,6073.969614583843
2017-05-31,6073.342055395181
2017-06-01,6091.566871401439
2017-06-02,6133.444008765762
2017-06-05,6150.580791163717
2017-06-06,6145.702030337599
2017-06-07,6173.1676905931845
2017-06-08,6188.315472718657
2017-06-09,6165.7829997432245
2017-06-12,6106.254189716843
2017-06-13,6116.660269179123
2017-06-14,6123.563134709844
2017-06-15,6088.942433414491
2017-06-16,6083.898332436153
2017-06-19,6145.639017921855
2017-06-20,6126.599279063567
2017-06-21,6109.124368574562
2017-06-22,6143.982204963481
2017-06-23,6165.382865579059
2017-06-26,6221.457412283655
2017-06-27,6211.979323333458
2017-06-28,6167.240771705922
2017-06-29,6183.960009559267
2017-06-30,6152.271182394244
2017-07-03,6162.248911379872
2017-07-04,6111.007252771076
2017-07-05,6149.574995505055
2017-07-06,6117.6384129778235
2017-07-07,6102.583316759125
2017-07-10,6115.458568938225
2017-07-11,6169.397105292428
2017-07-12,6196.929734985549
2017-07-13,6257.724576782495
2017-07-14,6263.873964136474
2017-07-17,6283.048276772095
2017-07-18,6314.4952086893845
2017-07-19,6335.098740571722
2017-07-20,6325.338064477712
2017-07-21,6333.823423383869
2017-07-24,6372.4175840961525
2017-07-25,6355.202327770356
2017-07-26,6325.259582046266
2017-07-27,6363.639752265717
2017-07-28,6317.9521496317075
2017-07-31,6325.920218004583
2017-08-01,6338.841200145933
2017-08-02,6362.191865311972
2017-08-03,6335.166162777312
2017-08-04,6354.920596543467
2017-08-07,6380.715480802453
2017-08-08,6396.805567723028
2017-08-09,6355.204319955003
2017-08-10,6292.463267493909
2017-08-11,6221.932061801745
2017-08-14,6266.04911048075
2017-08-15,6279.513600738904
2017-08-16,6314.387867989751
2017-08-17,6325.541022504823
2017-08-18,6300.516722677905
2017-08-21,6306.673875745268
2017-08-22,6353.653915687225
2017-08-23,6354.746422699331
2017-08-24,6396.435304911086
2017-08-25,6400.100787174317
2017-08-28,6409.826446558503
2017-08-29,6407.996895463451
2017-08-30,6450.659465664822
2017-08-31,6448.823762965211
2017-09-01,6461.954748855843
2017-09-04,6424.08701749229
2017-09-05,6435.971538419316
2017-09-06,6411.5688242975775
2017-09-07,6452.54972459694
2017-09-08,6478.62853222753
2017-09-11,6494.81134262614
2017-09-12,6525.858269861413
2017-09-13,6520.77544213337
2017-09-14,6523.631651390233
2017-09-15,6542.440712983097
2017-09-18,6620.42749010137
2017-09-19,6592.298090680449
2017-09-20,6607.468269897918
2017-09-21,6577.646118687509
2017-09-22,6538.860989304796
2017-09-25,6465.887515404774
2017-09-26,6445.516053235743
2017-09-27,6482.888790856882
2017-09-28,6442.274452405983
2017-09-29,6486.266967610565
2017-10-02,6493.286149180491
2017-10-03,6558.03424123989
2017-10-04,6559.894899501331
2017-10-05,6563.734552885213
2017-10-06,6587.591302856282
2017-10-09,6592.171343207074
2017-10-10,6650.545481146636
2017-10-11,6662.1108451211485
2017-10-12,6679.336445818976
2017-10-13,6704.177265989078
2017-10-16,6738.44709928033
2017-10-17,6709.7031515825465
2017-10-18,6704.59502888561
2017-10-19,6637.671689633752
2017-10-20,6682.712177512352
2017-10-23,6672.915423391706
2017-10-24,6651.616457128926
2017-10-25,6644.221724730246
2017-10-26,6621.972545356275
2017-10-27,6638.3723208870415
2017-10-30,6649.113855989878
2017-10-31,6695.680958070028
2017-11-01,6736.725436454494
2017-11-02,6712.220025791437
2017-11-03,6736.901442106033
2017-11-06,6768.747566766894
2017-11-07,6801.191642330586
2017-11-08,6795.171208173738
2017-11-09,6810.821810689992
2017-11-10,6791.857880106946
2017-11-13,6785.166622926287
2017-11-14,6771.21448432865
2017-11-15,6730.658394899576
2017-11-16,6783.195008954804
2017-11-17,6828.99082998272
2017-11-20,6818.1213514325755
2017-11-21,6883.263052392041
2017-11-22,6918.457019054844
2017-11-23,6884.5919118692955
2017-11-24,6901.479531990904
2017-11-27,6839.292322425324
2017-11-28,6866.8578054041045
2017-11-29,6842.498172218842
2017-11-30,6725.036961115291
2017-12-01,6722.738616114377
2017-12-04,6746.168593661423
2017-12-05,6735.131830478715
2017-12-06,6631.059246912643
2017-12-07,6652.7729305154235
2017-12-08,6696.799835523969
2017-12-11,6753.723481661326
2017-12-12,6733.048094215011
2017-12-13,6781.78121900283
2017-12-14,6798.307510581783
2017-12-15,6760.728819275016
2017-12-18,6779.403164451519
2017-12-19,6793.290878864208
2017-12-20,6797.2431792606185
2017-12-21,6797.2761159301135
2017-12-22,6843.472923224416
2017-12-25,6842.558084155375
2017-12-26,6820.504959765492
2017-12-27,6850.61983685394
2017-12-28,6907.8386536272155
2017-12-29,6931.110734459441
2018-01-01,6931.110734459441
2018-01-02,7034.0184219969
2018-01-03,7058.080499767204
2018-01-04,7087.9856616398765
2018-01-05,7135.097417820727
2018-01-08,7174.724213684673
2018-01-09,7173.745543492894
2018-01-10,7148.0897275310845
2018-01-11,7154.105637917393
2018-01-12,7203.065486082304
2018-01-15,7208.428306088535
2018-01-16,7258.441284691752
2018-01-17,7259.727807341507
2018-01-18,7290.517533990576
2018-01-19,7330.439983804115
2018-01-22,7346.201551702459
2018-01-23,7418.412418212571
2018-01-24,7431.7858842959085
2018-01-25,7451.68838099185
2018-01-26,7512.048820103504
2018-01-29,7491.719023545043
2018-01-30,7378.423480489468
2018-01-31,7417.545962997531
2018-02-01,7375.141713039722
2018-02-02,7350.290932026875
2018-02-05,7252.228671713672
2018-02-06,7021.871256091796
2018-02-07,7001.96434968103
2018-02-08,6957.873978040677
2018-02-09,6823.7902319287205
2018-02-12,6868.3363622551
2018-02-13,6938.794522772052
2018-02-14,7023.593881363561
2018-02-15,7086.46783864349
2018-02-16,7084.060173005105
2018-02-19,7121.8820723481695
2018-02-20,7090.820958200812
2018-02-21,7173.33926633818
2018-02-22,7122.010588836754
2018-02-23,7209.189614574634
2018-02-26,7236.622224126301
2018-02-27,7204.491088395068
2018-02-28,7136.26644936402
2018-03-01,7113.414395644404
2018-03-02,7067.987763108329
2018-03-05,6992.094076983017
2018-03-06,7092.5558709468605
2018-03-07,7077.989716424489
2018-03-08,7136.176849857778
2018-03-09,7193.718954122826
2018-03-12,7284.582940785765
2018-03-13,7309.099351577156
2018-03-14,7291.185809169664
2018-03-15,7302.367659420462
2018-03-16,7309.051112052974
2018-03-19,7267.015047481042
2018-03-20,7309.6982179856095
2018-03-21,7291.054864034364
2018-03-22,7259.91459991107
2018-03-23,7101.262888705295
2018-03-26,7152.656776916701
2018-03-27,7193.325310463171
2018-03-28,7090.789949175788
2018-03-29,7127.845913986456
2018-03-30,7156.37785240657
2018-04-02,7152.341625395615
2018-04-03,7161.823653270828
2018-04-04,7067.45857951443
2018-04-05,7098.133618023016
2018-04-06,7086.118890122813
2018-04-09,7149.4141665332545
2018-04-10,7227.847204131477
2018-04-11,7216.816382349546
2018-04-12,7209.807211691725
2018-04-13,7179.569828002923
2018-04-16,7139.385965390697
2018-04-17,7107.709266022055
2018-04-18,7146.371849338472
2018-04-19,7206.951830359278
2018-04-20,7118.154145435153
2018-04-23,7057.713906081294
2018-04-24,7044.2745619992
2018-04-25,6988.096781365517
2018-04-26,6971.438768352794
2018-04-27,7019.9112072793405
2018-04-30,7077.930431862944
2018-05-01,7081.184616496735
2018-05-02,7015.166708039834
2018-05-03,6964.014941454858
2018-05-04,6926.552241181797
2018-05-07,6968.6774817173
2018-05-08,7017.011994720226
2018-05-09,7013.2630569212115
2018-05-10,7058.40683345705
2018-05-11,7105.321875870969
2018-05-14,7164.020480210709
2018-05-15,7101.967096427319
2018-05-16,7117.022460381502
2018-05-17,7065.019380753714
2018-05-18,7073.834927202472
2018-05-21,7080.354105342012
2018-05-22,7083.708270166815
2018-05-23,7043.60923105384
2018-05-24,7064.75298753961
2018-05-25,7090.453649347961
2018-05-28,7118.3580709877115
2018-05-29,7075.293131722563
2018-05-30,6964.450703078024
2018-05-31,7055.458834013207
2018-06-01,7106.550730468819
2018-06-04,7171.9505057504175
2018-06-05,7187.514867087618
2018-06-06,7219.308910229642
2018-06-07,7248.843302879848
2018-06-08,7176.805106151136
2018-06-11,7183.994603623505
2018-06-12,7209.904402605792
2018-06-13,7165.045275533007
2018-06-14,7105.08178563285
2018-06-15,7045.975902390968
2018-06-18,7009.079659100301
2018-06-19,6860.342312715849
2018-06-20,6901.50789974335
2018-06-21,6818.559866902039
2018-06-22,6853.939040168695
2018-06-25,6764.271189421711
2018-06-26,6740.350584674931
2018-06-27,6653.1878134168155
2018-06-28,6617.017838486887
2018-06-29,6735.903929443052
2018-07-02,6695.905429432004
2018-07-03,6654.1795522059065
2018-07-04,6642.419552288795
2018-07-05,6614.752846664663
2018-07-06,6641.103108930979
2018-07-09,6751.878137250884
2018-07-10,6753.142603627691
2018-07-11,6694.507006846431
2018-07-12,6747.50257661138
2018-07-13,6788.680891548216
2018-07-16,6773.593125449573
2018-07-17,6757.173119726332
2018-07-18,6760.7777243627215
2018-07-19,6726.217353583396
2018-07-20,6754.505578589466
2018-07-23,6749.813215249975
2018-07-24,6772.5417267056955
2018-07-25,6812.333837730559
2018-07-26,6825.001035089093
2018-07-27,6836.870485102571
2018-07-30,6802.960688657269
2018-07-31,6803.993623125075
2018-08-01,6797.439335795027
2018-08-02,6697.317449321188
2018-08-03,6689.161709730531
2018-08-06,6688.821596176089
2018-08-07,6738.392983252929
2018-08-08,6749.431975835033
2018-08-09,6760.883759260716
2018-08-10,6703.868123485923
2018-08-13,6598.259288296899
2018-08-14,6579.333899402326
2018-08-15,6501.638173132228
2018-08-16,6482.9818489334875
2018-08-17,6506.660029697778
2018-08-20,6555.550372109183
2018-08-21,6638.26664787693
2018-08-22,6650.937586290049
2018-08-23,6658.925439312174
2018-08-24,6656.663552490862
2018-08-27,6747.021552444529
2018-08-28,6777.421421281622
2018-08-29,6793.370000075271
2018-08-30,6750.875427661842
2018-08-31,6743.775380490609
2018-09-03,6710.497277433834
2018-09-04,6722.249101891249
2018-09-05,6607.183823517661
2018-09-06,6586.6781794519275
2018-09-07,6593.376259534068
2018-09-10,6531.121155768749
2018-09-11,6497.950553497869
2018-09-12,6455.650901027589
2018-09-13,6530.632514153061
2018-09-14,6588.4984330585185
2018-09-17,6523.57322507166
2018-09-18,6546.668278502526
2018-09-19,6616.505617793805
2018-09-20,6641.155672508743
2018-09-21,6727.287754554354
2018-09-24,6673.031260202875
2018-09-25,6674.118660455677
2018-09-26,6701.405721515035
2018-09-27,6718.926707444246
2018-09-28,6746.070884396267
2018-10-01,6735.5215158836145
2018-10-02,6619.550321749259
2018-10-03,6609.877913297269
2018-10-04,6504.359508739556
2018-10-05,6437.521851561754
2018-10-08,6379.695369010743
2018-10-09,6373.387891990573
2018-10-10,6341.52686090589
2018-10-11,6140.458242460039
2018-10-12,6272.550945104781
2018-10-15,6204.254739671217
2018-10-16,6255.312444999665
2018-10-17,6264.2373390360935
2018-10-18,6216.617092007184
2018-10-19,6227.1846056364675
2018-10-22,6303.738143738571
2018-10-23,6180.914241079519
2018-10-24,6143.413692392121
2018-10-25,6110.704231453865
2018-10-26,6056.11648492319
2018-10-29,6026.320367941322
2018-10-30,6048.086897943271
2018-10-31,6175.099107086835
2018-11-01,6220.333088027626
2018-11-02,6362.83462945359
2018-11-05,6309.3778292997495
2018-11-06,6330.640652678996
2018-11-07,6358.142107919155
2018-11-08,6371.1744583283835
2018-11-09,6268.676046231485
2018-11-12,6228.93464771601
2018-11-13,6245.454507476646
2018-11-14,6242.670912466154
2018-11-15,6308.816840692407
2018-11-16,6323.673102751069
2018-11-19,6335.341868277913
2018-11-20,6267.3394832874565
2018-11-21,6264.491406103234
2018-11-22,6267.998974158723
2018-11-23,6251.875398365939
2018-11-26,6326.015270534966
2018-11-27,6330.59635439688
2018-11-28,6393.205437674021
2018-11-29,6396.071129676397
2018-11-30,6402.260314771609
2018-12-03,6513.339618203435
2018-12-04,6517.909926365651
2018-12-05,6465.228694467092
2018-12-06,6365.11352100651
2018-12-07,6353.920942565113
2018-12-10,6284.568220854608
2018-12-11,6290.526067884906
2018-12-12,6346.452583046209
2018-12-13,6402.555042984693
2018-12-14,6318.721384037079
2018-12-17,6289.556631938077
2018-12-18,6233.73998893989
2018-12-19,6274.549815407422
2018-12-20,6222.501117818633
2018-12-21,6218.034155685786
2018-12-24,6216.415774485032
2018-12-25,6197.999029103904
2018-12-26,6191.051489188697
2018-12-27,6209.87540455882
2018-12-28,6242.303731465731
2018-12-31,6263.998578492248
2019-01-01,6263.998578492248
2019-01-02,6176.58088827681
2019-01-03,6143.292800619531
2019-01-04,6217.440315318806
2019-01-07,6289.696760888799
2019-01-08,6274.875303032904
2019-01-09,6357.548609807143
2019-01-10,6393.460204735881
2019-01-11,6412.612984178099
2019-01-14,6357.074962043762
2019-01-15,6430.737001362014
2019-01-16,6439.508235748954
2019-01-17,6434.530274410756
2019-01-18,6498.494034518419
2019-01-21,6486.170935187267
2019-01-22,6460.804957406777
2019-01-23,6474.2865384843735
2019-01-24,6506.472455295728
2019-01-25,6575.217162429475
2019-01-28,6579.5468648141305
2019-01-29,6588.556341167914
2019-01-30,6605.892719060002
2019-01-31,6651.263616494638
2019-02-01,6668.031696887397
2019-02-04,6653.797582266155
2019-02-05,6666.693992072911
2019-02-06,6672.342064546679
2019-02-07,6655.273439474603
2019-02-08,6643.025094200847
2019-02-11,6640.066688150077
2019-02-12,6653.199495398358
2019-02-13,6695.08826940964
2019-02-14,6703.443175543834
2019-02-15,6619.698731101384
2019-02-18,6677.980099335768
2019-02-19,6659.7405975603715
2019-02-20,6731.927577075547
2019-02-21,6738.990970622059
2019-02-22,6772.798065867784
2019-02-25,6822.345625387731
2019-02-26,6807.1469518101885
2019-02-27,6797.512782911945
2019-02-28,6751.091192657361
2019-03-01,6767.029024865782
2019-03-04,6763.371559705973
2019-03-05,6763.222669418996
2019-03-06,6755.295418758181
2019-03-07,6714.274139943935
2019-03-08,6614.461784351902
2019-03-11,6651.160618952363
2019-03-12,6696.324047920529
2019-03-13,6690.369937577336
2019-03-14,6686.4848407266245
2019-03-15,6726.55712575556
2019-03-18,6792.130380997899
2019-03-19,6788.045498087384
2019-03-20,6781.796072254967
2019-03-21,6777.904301793149
2019-03-22,6780.764711766004
2019-03-25,6692.1155515219925
2019-03-26,6708.611377329869
2019-03-27,6700.1566552176755
2019-03-28,6706.480951553459
2019-03-29,6753.458383674477
2019-04-01,6796.4407088716835
2019-04-02,6788.419361438456
2019-04-03,6824.590068224312
2019-04-04,6831.849398552807
2019-04-05,6839.7203151673875
2019-04-08,6834.352282625446
2019-04-09,6852.695007696483
2019-04-10,6871.038765590806
2019-04-11,6813.407925365518
2019-04-12,6834.561197527951
2019-04-15,6833.721723671491
2019-04-16,6870.677264107307
2019-04-17,6887.909195409787
2019-04-18,6865.803708106884
2019-04-19,6867.230929482184
2019-04-22,6843.46419712725
2019-04-23,6852.3861966444065
2019-04-24,6831.581039806819
2019-04-25,6785.646089434893
2019-04-26,6777.805353102287
2019-04-29,6822.9293210510405
2019-04-30,6819.160117293729
2019-05-01,6814.406424502817
2019-05-02,6829.122939942809
2019-05-03,6839.388412639351
2019-05-06,6730.505743802543
2019-05-07,6724.546640625941
2019-05-08,6682.385017031807
2019-05-09,6554.583681009526
2019-05-10,6583.935216720777
2019-05-13,6512.656348404528
2019-05-14,6460.556999372907
2019-05-15,6476.337854125883
2019-05-16,6446.980264606745
2019-05-17,6372.107437628413
2019-05-20,6341.854874300391
2019-05-21,6362.5983693322705
2019-05-22,6345.471419161007
2019-05-23,6299.923229256396
2019-05-24,6308.32750460701
2019-05-27,6310.012974623133
2019-05-28,6291.399716420669
2019-05-29,6265.111819070022
2019-05-30,6304.075128866175
2019-05-31,6330.092760878557
2019-06-03,6377.833381341979
2019-06-04,6372.379180533149
2019-06-05,6381.11213981187
2019-06-06,6377.856389879628
2019-06-07,6383.329456026985
2019-06-10,6452.841465709118
2019-06-11,6487.265446304469
2019-06-12,6470.144065073007
2019-06-13,6459.282783882951
2019-06-14,6437.262994000675
2019-06-17,6411.35105635224
2019-06-18,6462.687753295751
2019-06-19,6568.991054281025
2019-06-20,6652.26028705081
2019-06-21,6651.747345196191
2019-06-24,6665.5834241646235
2019-06-25,6628.655255557079
2019-06-26,6635.966834232146
2019-06-27,6686.764900767468
2019-06-28,6676.2548505153445
2019-07-01,6706.376456974386
2019-07-02,6728.861642430678
2019-07-03,6701.951214253405
2019-07-04,6709.985820222142
2019-07-05,6706.378647214048
2019-07-08,6615.479741462252
2019-07-09,6590.415438908928
2019-07-10,6614.963295740608
2019-07-11,6661.518968893067
2019-07-12,6634.349906360014
2019-07-15,6665.549851917461
2019-07-16,6674.11778385191
2019-07-17,6654.2539837889535
2019-07-18,6644.692859206603
2019-07-19,6706.693518611227
2019-07-22,6663.997996251562
2019-07-23,6690.251866057461
2019-07-24,6681.867081614551
2019-07-25,6695.2208752340675
2019-07-26,6650.0785473994265
2019-07-29,6625.911356912552
2019-07-30,6634.1839505884345
2019-07-31,6611.051271856947
2019-08-01,6558.486092940952
2019-08-02,6457.2849736364815
2019-08-05,6309.005920729678
2019-08-06,6280.154948993914
2019-08-07,6293.609775196449
2019-08-08,6354.28065656205
2019-08-09,6337.94922706945
2019-08-12,6327.973333637712
2019-08-13,6268.222265861077
2019-08-14,6282.526727472626
2019-08-15,6278.972592460282
2019-08-16,6324.2771942605905
2019-08-19,6380.265534611668
2019-08-20,6394.471918214591
2019-08-21,6406.050313102269
2019-08-22,6391.606184892975
2019-08-23,6399.639067680898
2019-08-26,6317.869838223216
2019-08-27,6336.868643676541
2019-08-28,6340.326008800941
2019-08-29,6374.859665509949
2019-08-30,6439.782768966612
2019-09-02,6432.549405662415
2019-09-03,6375.264726738924
2019-09-04,6464.929193566637
2019-09-05,6516.775792902781
2019-09-06,6528.806423400335
2019-09-09,6554.758143194848
2019-09-10,6556.304318193334
2019-09-11,6590.635953951263
2019-09-12,6610.655175138872
2019-09-13,6630.292690203675
2019-09-16,6631.061273105524
2019-09-17,6586.215762795892
2019-09-18,6596.666253073318
2019-09-19,6571.1911544106815
2019-09-20,6570.013074829103
2019-09-23,6528.183108520501
2019-09-24,6512.736527302892
2019-09-25,6488.338353965282
2019-09-26,6487.8238419158215
2019-09-27,6449.21264310117
2019-09-30,6467.0939132921685
2019-10-01,6464.0071678581135
2019-10-02,6416.548136401962
2019-10-03,6430.524322728674
2019-10-04,6436.272827647881
2019-10-07,6433.463769203853
2019-10-08,6457.935418233925
2019-10-09,6442.125245684493
2019-10-10,6454.1942456836
2019-10-11,6534.84721940042
2019-10-14,6580.966391619835
2019-10-15,6586.034698254735
2019-10-16,6610.0455513526995
2019-10-17,6630.341526679142
2019-10-18,6590.740824538194
2019-10-21,6620.297503289094
2019-10-22,6635.544131691321
2019-10-23,6611.390353575329
2019-10-24,6654.423660817165
2019-10-25,6652.202523784364
2019-10-28,6690.1268922024265
2019-10-29,6696.428314508753
2019-10-30,6683.945565956158
2019-10-31,6690.007805180006
2019-11-01,6724.529099841327
2019-11-04,6819.543783817626
2019-11-05,6857.172480638243
2019-11-06,6826.301266296321
2019-11-07,6866.56167111819
2019-11-08,6844.99492372244
2019-11-11,6756.739650462686
2019-11-12,6786.502261166067
2019-11-13,6718.750699844378
2019-11-14,6697.828153302166
2019-11-15,6721.220811550835
2019-11-18,6746.794016538008
2019-11-19,6775.110023130406
2019-11-20,6742.451278175934
2019-11-21,6668.218708576677
2019-11-22,6679.998817557882
2019-11-25,6706.508653635154
2019-11-26,6688.748313684571
2019-11-27,6696.178120915227
2019-11-28,6665.763219968477
2019-11-29,6586.187179344492
2019-12-02,6588.875852842461
2019-12-03,6587.672873306821
2019-12-04,6573.6998985619075
2019-12-05,6607.83839039693
2019-12-06,6631.898512376299
2019-12-09,6633.214415580942
2019-12-10,6616.733741916209
2019-12-11,6650.7627398560235
2019-12-12,6718.257086073626
2019-12-13,6800.215915729559
2019-12-16,6773.662494608325
2019-12-17,6847.988041698554
2019-12-18,6875.142983795788
2019-12-19,6858.655757377251
2019-12-20,6873.236775959742
2019-12-23,6887.273089776328
2019-12-24,6869.768129274298
2019-12-25,6873.729890035274
2019-12-26,6888.178199441673
2019-12-27,6931.1646807278275
2019-12-30,6938.189568563324
2019-12-31,6920.644171182502
2020-01-01,6920.644171182502
2020-01-02,6953.761009010536
2020-01-03,6941.186799840304
2020-01-06,6893.468197842731
2020-01-07,6929.427202100224
2020-01-08,6869.166964780892
2020-01-09,6962.799655095923
2020-01-10,6973.050216737276
2020-01-13,7031.008627408874
2020-01-14,7043.899681397789
2020-01-15,7022.84353582689
2020-01-16,7034.249879670224
2020-01-17,7067.405528713416
2020-01-20,7058.182517572582
2020-01-21,6944.6317620053915
2020-01-22,6991.745356269977
2020-01-23,6904.073395058884
2020-01-24,6900.685866380079
2020-01-27,6861.229291823699
2020-01-28,6829.237765001
2020-01-29,6763.079773969938
2020-01-30,6609.710129289495
2020-01-31,6562.98810329591
2020-02-03,6495.741251155715
2020-02-04,6610.521931964646
2020-02-05,6647.155404436395
2020-02-06,6753.622886065177
2020-02-07,6711.4839623299595
2020-02-10,6684.076619286024
2020-02-11,6730.696635414583
2020-02-12,6772.364721168778
2020-02-13,6744.127539759447
2020-02-14,6742.134183370179
2020-02-17,6772.113500663522
2020-02-18,6710.7744199618855
2020-02-19,6744.72516890398
2020-02-20,6712.205922378169
2020-02-21,6656.293584086891
2020-02-24,6510.629632098111
2020-02-25,6508.510821517941
2020-02-26,6409.348460323777
2020-02-27,6435.630374392301
2020-02-28,6298.226661065244
2020-03-02,6370.402480701067
2020-03-03,6429.691668019939
2020-03-04,6518.478956093177
2020-03-05,6585.95949831951
2020-03-06,6462.200172550322
2020-03-09,6217.1859136907415
2020-03-10,6285.596343882509
2020-03-11,6229.097809804315
2020-03-12,5954.422016788323
2020-03-13,5865.396717486156
2020-03-16,5599.4785369606425
2020-03-17,5528.184680801476
2020-03-18,5381.845213361769
2020-03-19,5155.093628985398
2020-03-20,5427.78326401702
2020-03-23,5185.026395093862
2020-03-24,5422.894437913608
2020-03-25,5623.508965472515
2020-03-26,5657.122681109412
2020-03-27,5687.150901894802
2020-03-30,5619.138837804661
2020-03-31,5721.957712966907
2020-04-01,5598.455555924506
2020-04-02,5662.4691504356215
2020-04-03,5649.573839475536
2020-04-06,5763.748397648737
2020-04-07,5897.929590648685
2020-04-08,5853.288492251423
2020-04-09,5909.264460041087
2020-04-10,5923.506417358695
2020-04-13,5916.667203641891
2020-04-14,5992.953612532339
2020-04-15,5975.471979571819
2020-04-16,5913.618834101433
2020-04-17,6023.602394345786
2020-04-20,6035.422750001965
2020-04-21,5929.794335177788
2020-04-22,5983.419215481981
2020-04-23,6000.075467075677
2020-04-24,5954.888186806886
2020-04-27,6063.255198921176
2020-04-28,6103.125436486013
2020-04-29,6157.134405129306
2020-04-30,6206.387644165317
2020-05-01,6179.745417630368
2020-05-04,6034.825618182329
2020-05-05,6060.174467508276
2020-05-06,6093.639200956646
2020-05-07,6085.931347690076
2020-05-08,6155.813807456148
2020-05-11,6185.487643741115
2020-05-12,6149.734539134101
2020-05-13,6167.01396914402
2020-05-14,6110.49048913116
2020-05-15,6097.947522534003
2020-05-18,6124.277194770671
2020-05-19,6213.319894123598
2020-05-20,6218.367215239748
2020-05-21,6202.211952853627
2020-05-22,6051.791064073654
2020-05-25,6084.406347296033
2020-05-26,6172.454479719151
2020-05-27,6148.262504318521
2020-05-28,6154.306652495151
2020-05-29,6210.47449380422
2020-06-01,6316.669238211693
2020-06-02,6367.884329808921
2020-06-03,6453.300853274495
2020-06-04,6485.805353449298
2020-06-05,6535.500332043027
2020-06-08,6534.014240355978
2020-06-09,6553.839334699066
2020-06-10,6589.185127659717
2020-06-11,6499.619111856835
2020-06-12,6447.609853654351
2020-06-15,6321.491263444704
2020-06-16,6449.454821643337
2020-06-17,6473.079356175822
2020-06-18,6479.5384614822315
2020-06-19,6508.328120648212
2020-06-22,6485.081525601427
2020-06-23,6531.924288211377
2020-06-24,6539.326381365909
2020-06-25,6505.136003371963
2020-06-26,6490.656934508297
2020-06-29,6447.834807453339
2020-06-30,6466.154899301054
2020-07-01,6492.700343176356
2020-07-02,6633.268090571217
2020-07-03,6686.923008276361
2020-07-06,6875.489768825036
2020-07-07,6828.324198675823
2020-07-08,6902.814105375573
2020-07-09,6946.181497140071
2020-07-10,6860.67927015616
2020-07-13,6884.914851446455
2020-07-14,6816.030592575666
2020-07-15,6824.933973310895
2020-07-16,6698.925520970843
2020-07-17,6746.766019041654
2020-07-20,6780.51478276432
2020-07-21,6832.945170932452
2020-07-22,6796.62538580993
2020-07-23,6794.412955308028
2020-07-24,6678.709584812044
2020-07-27,6717.362640636104
2020-07-28,6752.819955874315
2020-07-29,6798.730483065728
2020-07-30,6783.796088995474
2020-07-31,6795.988621223358
2020-08-03,6776.176206299105
2020-08-04,6836.929131871829
2020-08-05,6900.812809399373
2020-08-06,6919.286319060918
2020-08-07,6847.875026731026
2020-08-10,6835.072760543403
2020-08-11,6868.735412915422
2020-08-12,6884.21749570428
2020-08-13,6933.113086561248
2020-08-14,6932.027325873409
2020-08-17,6997.518434552478
2020-08-18,7028.84677323165
2020-08-19,6973.079259192988
2020-08-20,6863.675256004583
2020-08-21,6911.592575978284
2020-08-24,6968.967339321948
2020-08-25,6997.587729722773
2020-08-26,6997.190653618906
2020-08-27,6996.51728504232
2020-08-28,7010.774640753415
2020-08-31,6922.5494982568725
2020-09-01,6989.508316364311
2020-09-02,6998.929852948467
2020-09-03,6952.704308569256
2020-09-04,6903.396842552083
2020-09-07,6872.212518062406
2020-09-08,6877.321089912459
2020-09-09,6826.637532288063
2020-09-10,6826.1928121668125
2020-09-11,6853.354379288639
2020-09-14,6913.862888611885
2020-09-15,6962.576351527849
2020-09-16,6970.096326116028
2020-09-17,6926.314593181667
2020-09-18,6959.9980551887575
2020-09-21,6878.761621942615
2020-09-22,6814.578255534768
2020-09-23,6793.715406841072
2020-09-24,6666.744949981626
2020-09-25,6667.646553973559
2020-09-28,6744.349058503548
2020-09-29,6733.065945397456
2020-09-30,6785.14200444865
2020-10-01,6796.101312827549
2020-10-02,6784.364262452683
2020-10-05,6828.177029335897
2020-10-06,6871.046843571545
2020-10-07,6887.811066867754
2020-10-08,6936.823428141886
2020-10-09,6953.840393125515
2020-10-12,7031.27588124352
2020-10-13,7027.64789924157
2020-10-14,7010.224798302358
2020-10-15,6946.078928080036
2020-10-16,6954.648197015824
2020-10-19,6964.878903356104
2020-10-20,6996.5527712850135
2020-10-21,7046.9230992603225
2020-10-22,7026.294223268857
2020-10-23,7014.186345831871
2020-10-26,7006.577197719656
2020-10-27,6999.397864056235
2020-10-28,6981.776077534364
2020-10-29,6968.28367085485
2020-10-30,6862.909977363252
2020-11-02,6936.794753379258
2020-11-03,6985.923548506734
2020-11-04,7058.214133165691
2020-11-05,7231.687901178487
2020-11-06,7280.074029157992
2020-11-09,7321.367719207924
2020-11-10,7328.442542878731
2020-11-11,7356.0219796901565
2020-11-12,7367.807663980047
2020-11-13,7366.49621138326
2020-11-16,7432.125108558589
2020-11-17,7422.298954178613
2020-11-18,7462.522961250841
2020-11-19,7438.220429740445
2020-11-20,7462.450663794367
2020-11-23,7530.409479646449
2020-11-24,7513.592137209999
2020-11-25,7451.315256340231
2020-11-26,7506.153000877492
2020-11-27,7524.64032775922
2020-11-30,7397.768274680825
2020-12-01,7498.173070025793
2020-12-02,7485.954384598951
2020-12-03,7546.292269060984
2020-12-04,7615.174845276169
2020-12-07,7598.137104854134
2020-12-08,7609.804660601914
2020-12-09,7624.487387249955
2020-12-10,7602.666519952531
2020-12-11,7626.217389778248
2020-12-14,7614.182407222771
2020-12-15,7611.401208925863
2020-12-16,7673.494270287723
2020-12-17,7714.41321030876
2020-12-18,7705.747095268614
2020-12-21,7693.534420806162
2020-12-22,7638.3526070084035
2020-12-23,7688.685126647354
2020-12-24,7732.283524353727
2020-12-25,7768.588678918399
2020-12-28,7759.622386776268
2020-12-29,7797.8464478505375
2020-12-30,7930.768171403108
2020-12-31,7950.494458090137
2021-01-01,7950.49445809018
2021-01-04,8003.598632429734
2021-01-05,8149.089930649761
2021-01-06,8108.048327095672
2021-01-07,8153.096785502284
2021-01-08,8308.184581264006
2021-01-11,8265.941582696572
2021-01-12,8254.59009038225
2021-01-13,8292.430432839143
2021-01-14,8283.204131576822
2021-01-15,8229.469610809587
2021-01-18,8215.61350572776
2021-01-19,8349.412043109936
2021-01-20,8391.652537383694
2021-01-21,8445.722462488397
2021-01-22,8422.75921739869
2021-01-25,8532.237951018964
2021-01-26,8402.526731727752
2021-01-27,8357.539562675785
2021-01-28,8220.516738042383
2021-01-29,8142.754094086702
2021-02-01,8282.863595675606
2021-02-02,8414.56202489805
2021-02-03,8457.520873916375
2021-02-04,8399.214395283061
2021-02-05,8452.22336021135
2021-02-08,8467.583731821047
2021-02-09,8524.015755817472
2021-02-10,8624.517635481525
2021-02-11,8644.845288237753
2021-02-12,8648.281841934167
2021-02-15,8676.985779711984
2021-02-16,8721.790302360125
2021-02-17,8736.995170747488
2021-02-18,8619.204194425216
2021-02-19,8653.242699461169
2021-02-22,8472.26477701653
2021-02-23,8466.10645372692
2021-02-24,8314.59407434876
2021-02-25,8391.97200538379
2021-02-26,8185.328894987351
2021-03-01,8286.376400800431
2021-03-02,8234.847426781742
2021-03-03,8362.610316484876
2021-03-04,8149.539524614667
2021-03-05,8135.497773143344
2021-03-08,7942.556888487714
2021-03-09,7973.200249213254
2021-03-10,8003.070556980395
2021-03-11,8168.870054692264
2021-03-12,8147.490471239363
2021-03-15,8109.322687990506
2021-03-16,8179.937743621651
2021-03-17,8180.961864854366
2021-03-18,8227.924631875992
2021-03-19,8136.269227344859
2021-03-22,8147.731518685696
2021-03-23,8068.615271203669
2021-03-24,7963.164993515413
2021-03-25,7942.890019497921
2021-03-26,8028.812702199479
2021-03-29,8035.153274984594
2021-03-30,8116.7312249574925
2021-03-31,8075.175287679089
2021-04-01,8163.036799776688
2021-04-02,8178.805672697155
2021-04-05,8170.468393617422
2021-04-06,8213.025669777275
2021-04-07,8186.9998357974655
2021-04-08,8211.348745156332
2021-04-09,8153.510236053895
2021-04-12,8101.286259603857
2021-04-13,8110.293285968617
2021-04-14,8168.401274378509
2021-04-15,8171.919249717182
2021-04-16,8231.532153643098
2021-04-19,8292.650298130819
2021-04-20,8316.501648686215
2021-04-21,8238.523513331591
2021-04-22,8247.939907591366
2021-04-23,8300.753644246606
2021-04-26,8320.619842967837
2021-04-27,8310.670231299842
2021-04-28,8322.213593162716
2021-04-29,8322.596370883453
2021-04-30,8233.174462097839
2021-05-03,8168.565738400217
2021-05-04,8149.856429131249
2021-05-05,8094.224932507508
2021-05-06,8118.962786927721
2021-05-07,8170.260885142759
2021-05-10,8172.291208256913
2021-05-11,8053.187561104153
2021-05-12,7983.8106212571665
2021-05-13,7868.179486079441
2021-05-14,7961.253211163114
2021-05-17,7958.394515201068
2021-05-18,8096.03300033703
2021-05-19,8090.864416408005
2021-05-20,8095.7484810473625
2021-05-21,8121.518396171577
2021-05-24,8086.299837371147
2021-05-25,8225.889411234002
2021-05-26,8257.91162952459
2021-05-27,8286.804463147371
2021-05-28,8309.850789559472
2021-05-31,8384.985174159923
2021-06-01,8456.549710507834
2021-06-02,8397.149410319676
2021-06-03,8346.71374204675
2021-06-04,8321.564152134591
2021-06-07,8314.571598570168
2021-06-08,8302.990193405009
2021-06-09,8291.84484034804
2021-06-10,8333.23026362515
2021-06-11,8370.61381354048
2021-06-14,8375.320271806951
2021-06-15,8326.26183894122
2021-06-16,8282.416085668641
2021-06-17,8248.76358138435
2021-06-18,8249.764130106056
2021-06-21,8190.005034416661
2021-06-22,8181.738843326053
2021-06-23,8255.527696276613
2021-06-24,8261.219336559108
2021-06-25,8328.250357782994
2021-06-28,8324.292391272667
2021-06-29,8319.118519775751
2021-06-30,8314.454184059814
2021-07-01,8287.768119524828
2021-07-02,8192.789764073812
2021-07-05,8218.563323136028
2021-07-06,8177.227782234874
2021-07-07,8160.775368404473
2021-07-08,8034.680606265691
2021-07-09,8042.121888194975
2021-07-12,8081.028758627041
2021-07-13,8149.8066539291785
2021-07-14,8124.664825956909
2021-07-15,8183.798750580164
2021-07-16,8132.217248229823
2021-07-19,8056.886434677022
2021-07-20,8027.604046323147
2021-07-21,7992.758961426688
2021-07-22,8049.400623019659
2021-07-23,7940.4662956867805
2021-07-26,7743.448135544951
2021-07-27,7596.800008089408
2021-07-28,7706.295840723924
2021-07-29,7803.586714582125
2021-07-30,7722.002266053942
2021-08-02,7787.982934668644
2021-08-03,7829.619896767135
2021-08-04,7883.7237616437715
2021-08-05,7852.942594002404
2021-08-06,7790.274552693623
2021-08-09,7824.332847370521
2021-08-10,7851.215209571082
2021-08-11,7812.684295948489
2021-08-12,7769.721990486289
2021-08-13,7703.166523599009
2021-08-16,7680.306505832762
2021-08-17,7586.736649057902
2021-08-18,7652.3282603038115
2021-08-19,7535.349032611744
2021-08-20,7455.466044767016
2021-08-23,7571.291856161357
2021-08-24,7703.439234076566
2021-08-25,7729.9095016256715
2021-08-26,7664.637282462166
2021-08-27,7689.882023943878
2021-08-30,7766.731969283898
2021-08-31,7871.365005326301
2021-09-01,7894.187585481133
2021-09-02,7871.094640931282
2021-09-03,7920.461681940232
2021-09-06,7958.087543296745
2021-09-07,7968.035690673323
2021-09-08,7907.635792420475
2021-09-09,7831.271961502903
2021-09-10,7890.529904229302
2021-09-13,7832.3432438309765
2021-09-14,7788.618191803528
2021-09-15,7754.277507042892
2021-09-16,7699.29555373689
2021-09-17,7730.697151649896
2021-09-20,7632.435206329274
2021-09-21,7642.414004919769
2021-09-22,7640.655995909594
2021-09-23,7675.042458361943
2021-09-24,7660.198909904952
2021-09-27,7672.182463606881
2021-09-28,7642.5625999725535
2021-09-29,7605.479309680589
2021-09-30,7636.631497100517
2021-10-01,7592.892448411256
2021-10-04,7530.424260183571
2021-10-05,7522.620830881604
2021-10-06,7477.521704854394
2021-10-07,7608.643528137431
2021-10-08,7610.725730852936
2021-10-11,7628.546943460537
2021-10-12,7571.663892394473
2021-10-13,7609.47215538549
2021-10-14,7627.95572183145
2021-10-15,7693.203282456097
2021-10-18,7671.028066951228
2021-10-19,7773.985877159949
2021-10-20,7783.198581858772
2021-10-21,7763.433396519034
2021-10-22,7793.62291919964
2021-10-25,7800.58466961058
2021-10-26,7805.106043662105
2021-10-27,7744.36092167437
2021-10-28,7722.6088527459815
2021-10-29,7686.72861483673
2021-11-01,7682.321999013319
2021-11-02,7671.652782780598
2021-11-03,7658.574886676265
2021-11-04,7660.755046477515
2021-11-05,7651.659002605357
2021-11-08,7671.436300100136
2021-11-09,7719.605081713623
2021-11-10,7712.1801134970065
2021-11-11,7768.564473951152
2021-11-12,7792.165291393428
2021-11-15,7805.1187809461735
2021-11-16,7858.364033669631
2021-11-17,7834.531729511372
2021-11-18,7805.450528951219
2021-11-19,7790.755565862908
2021-11-22,7785.577845348265
2021-11-23,7730.113197062861
2021-11-24,7734.99783659322
2021-11-25,7724.640454630795
2021-11-26,7584.6585733490365
2021-11-29,7553.774913295792
2021-11-30,7489.9861074886485
2021-12-01,7563.206936335812
2021-12-02,7599.245611148165
2021-12-03,7582.835519505172
2021-12-06,7524.398684865344
2021-12-07,7611.419799052782
2021-12-08,7658.896551491374
2021-12-09,7722.903312982011
2021-12-10,7678.476144671325
2021-12-13,7647.607932656292
2021-12-14,7630.1874234039315
2021-12-15,7559.561994435194
2021-12-16,7611.684632869681
2021-12-17,7586.412123952613
2021-12-20,7461.726678798262
2021-12-21,7526.208239474735
2021-12-22,7548.108298534269
2021-12-23,7579.5532332364755
2021-12-24,7600.4890856435395
2021-12-27,7612.4992979120625
2021-12-28,7650.388410643535
2021-12-29,7618.496716614254
2021-12-30,7634.3435612389485
2021-12-31,7678.818658809718
2022-01-03,7640.482740103977
2022-01-04,7623.971638374328
2022-01-05,7582.456505433969
2022-01-06,7510.490727878663
2022-01-07,7546.538944512678
2022-01-10,7579.707327820114
2022-01-11,7604.315976173065
2022-01-12,7695.938876623488
2022-01-13,7699.665647661212
2022-01-14,7658.024433639538
2022-01-17,7631.275810582089
2022-01-18,7637.192512469155
2022-01-19,7607.178198507783
2022-01-20,7686.86856161265
2022-01-21,7665.9850837361855
2022-01-24,7618.254954452005
2022-01-25,7525.186299515859
2022-01-26,7492.107469159647
2022-01-27,7371.085326035711
2022-01-28,7364.527473419409
2022-01-31,7406.411754767243
2022-02-01,7416.02062477006
2022-02-02,7419.675310859327
2022-02-03,7423.116254402072
2022-02-04,7493.594550854235
2022-02-07,7505.085234609866
2022-02-08,7519.120876935367
2022-02-09,7621.9388058807845
2022-02-10,7666.949716119929
2022-02-11,7630.896838287815
2022-02-14,7567.919580952034
2022-02-15,7570.786579940335
2022-02-16,7649.713436649991
2022-02-17,7681.867228006669
2022-02-18,7651.884712985419
2022-02-21,7649.377570636339
2022-02-22,7555.236286593135
2022-02-23,7576.194648344823
2022-02-24,7412.896916800671
2022-02-25,7435.722156720144
2022-02-28,7451.5372004680485
2022-03-01,7511.861955512239
2022-03-02,7469.372406470978
2022-03-03,7481.282252196203
2022-03-04,7362.151435056235
2022-03-07,7139.91844382669
2022-03-08,7029.9377999067565
2022-03-09,7040.582567343368
2022-03-10,7139.050923346532
2022-03-11,7049.803127382157
2022-03-14,6870.015859066452
2022-03-15,6715.132948192
2022-03-16,6976.385424821938
2022-03-17,7194.091723084315
2022-03-18,7183.158826138103
2022-03-21,7131.892439706532
2022-03-22,7199.942419319293
2022-03-23,7232.095285185767
2022-03-24,7230.399862981412
2022-03-25,7153.482155674423
2022-03-28,7134.926855076759
2022-03-29,7175.0910444291585
2022-03-30,7263.562900959062
2022-03-31,7221.945061884491
2022-04-01,7243.916730879726
2022-04-04,7293.795441242615
2022-04-05,7291.337782971895
2022-04-06,7236.644729691042
2022-04-07,7136.782312099499
2022-04-08,7150.856562523873
2022-04-11,7032.466896730543
2022-04-12,7035.715153821907
2022-04-13,7091.975808330469
2022-04-14,7103.311487093882
2022-04-15,7079.820125927319
2022-04-18,7044.594428463237
2022-04-19,6990.355377830451
2022-04-20,6985.1539865326085
2022-04-21,6925.62448961383
2022-04-22,6910.068142370845
2022-04-25,6726.267930169671
2022-04-26,6751.096854013909
2022-04-27,6725.557142591041
2022-04-28,6768.539109351925
2022-04-29,6890.7466648112495
2022-05-02,6877.2109299994745
2022-05-03,6837.739427961211
2022-05-04,6818.061253160277
2022-05-05,6797.94415608526
2022-05-06,6635.730141021564
2022-05-09,6552.0813992116755
2022-05-10,6554.640815199693
2022-05-11,6579.68519030662
2022-05-12,6456.793100689078
2022-05-13,6538.745893936951
2022-05-16,6534.556538874136
2022-05-17,6632.0315547802
2022-05-18,6694.392576366706
2022-05-19,6627.870769861194
2022-05-20,6740.218965278016
2022-05-23,6725.838784547067
2022-05-24,6624.475537684974
2022-05-25,6657.535152103195
2022-05-26,6663.196865234477
2022-05-27,6757.941890373065
2022-05-30,6869.824483001585
2022-05-31,6955.79455348653
2022-06-01,6902.927752219939
2022-06-02,6834.6721846820055
2022-06-03,6844.065939434201
2022-06-06,6905.527095559534
2022-06-07,6849.003532688314
2022-06-08,6899.908846394197
2022-06-09,6837.962662131703
2022-06-10,6783.496830227067
2022-06-13,6606.195883468215
2022-06-14,6624.295056687733
2022-06-15,6614.889433838407
2022-06-16,6581.436433874928
2022-06-17,6578.45737299373
2022-06-20,6562.179024178819
2022-06-21,6652.8890504849005
2022-06-22,6535.619183598756
2022-06-23,6561.939956297464
2022-06-24,6667.54553581437
2022-06-27,6756.295662433277
2022-06-28,6810.877966179024
2022-06-29,6737.305792467564
2022-06-30,6698.486105257909
2022-07-01,6681.696142118891
2022-07-04,6691.903883125284
2022-07-05,6702.684863545602
2022-07-06,6616.503321529197
2022-07-07,6669.666049592098
2022-07-08,6685.605793862662
2022-07-11,6603.6081971517515
2022-07-12,6527.173185059633
2022-07-13,6554.53203931076
2022-07-14,6532.399287904961
2022-07-15,6470.223509293042
2022-07-18,6558.335117559557
2022-07-19,6533.748610424818
2022-07-20,6566.86148634335
2022-07-21,6570.528288427806
2022-07-22,6571.773766280639
2022-07-25,6570.030824659661
2022-07-26,6573.829081089972
2022-07-27,6579.242098975205
2022-07-28,6610.1767914185875
2022-07-29,6573.418016468052
2022-08-01,6566.2303364249765
2022-08-02,6500.988718050733
2022-08-03,6499.938778636922
2022-08-04,6555.223789048748
2022-08-05,6629.633290737718
2022-08-08,6604.694000478191
2022-08-09,6622.7067479078905
2022-08-10,6565.224811424267
2022-08-11,6679.419100879502
2022-08-12,6671.09459230449
2022-08-15,6642.288646554027
2022-08-16,6620.536338842083
2022-08-17,6620.945009347958
2022-08-18,6575.248166282344
2022-08-19,6546.460972781338
2022-08-22,6494.553001277696
2022-08-23,6434.247629591946
2022-08-24,6395.231145667953
2022-08-25,6508.707588731318
2022-08-26,6519.371940066825
2022-08-29,6413.598518742567
2022-08-30,6416.956594713991
2022-08-31,6462.221165066023
2022-09-01,6359.912631946568
2022-09-02,6322.556556714555
2022-09-05,6284.665749117455
2022-09-06,6285.707150514146
2022-09-07,6235.445662634411
2022-09-08,6258.584508632526
2022-09-09,6320.524841771483
2022-09-12,6345.127718516659
2022-09-13,6372.30890279548
2022-09-14,6258.775878672236
2022-09-15,6246.091240721971
2022-09-16,6179.083515264118
2022-09-19,6138.368574643604
2022-09-20,6151.967709438597
2022-09-21,6072.787397441334
2022-09-22,5993.377361972621
2022-09-23,5924.131462481939
2022-09-26,5845.316338826547
2022-09-27,5871.089368126895
2022-09-28,5790.2964736940285
2022-09-29,5785.040732495491
2022-09-30,5780.02017217314
2022-10-03,5731.312501966699
2022-10-04,5805.665015726106
2022-10-05,5908.047202132188
2022-10-06,5910.319366922124
2022-10-07,5838.035279969173
2022-10-10,5757.903330266224
2022-10-11,5635.857742853959
2022-10-12,5661.729227714806
2022-10-13,5610.76562341638
2022-10-14,5667.815866063447
2022-10-17,5679.989843660334
2022-10-18,5733.310034886373
2022-10-19,5665.595928161223
2022-10-20,5673.991063299149
2022-10-21,5657.383744649507
2022-10-24,5531.131894161536
2022-10-25,5553.482008925062
2022-10-26,5617.974705762827
2022-10-27,5627.892339010128
2022-10-28,5547.326122135647
2022-10-31,5506.41686302226
2022-11-01,5617.458599881874
2022-11-02,5679.862859139588
2022-11-03,5584.50135944743
2022-11-04,5726.130454938949
2022-11-07,5794.638891408047
2022-11-08,5823.660437449399
2022-11-09,5858.047510965883
2022-11-10,5815.926908446299
2022-11-11,6106.027820706551
2022-11-14,6154.880045848358
2022-11-15,6266.546221568163
2022-11-16,6224.600750131533
2022-11-17,6167.398043372777
2022-11-18,6155.803822865181
2022-11-21,6092.401947855865
2022-11-22,6074.902181585763
2022-11-23,6087.117325311713
2022-11-24,6174.782655360938
2022-11-25,6169.711472292013
2022-11-28,6107.8862854418285
2022-11-29,6251.4698865222035
2022-11-30,6367.564767049882
2022-12-01,6421.8588569113845
2022-12-02,6381.655571646418
2022-12-05,6488.288712079526
2022-12-06,6414.567725739054
2022-12-07,6352.4675480468795
2022-12-08,6399.60597765458
2022-12-09,6484.099094805606
2022-12-12,6436.216651338253
2022-12-13,6414.880756290232
2022-12-14,6504.0590648714215
2022-12-15,6426.184445148446
2022-12-16,6420.816860277348
2022-12-19,6377.89551913887
2022-12-20,6322.893779984225
2022-12-21,6351.064959002427
2022-12-22,6434.842019137596
2022-12-23,6393.658226718051
2022-12-26,6402.653785263728
2022-12-27,6443.523261636562
2022-12-28,6461.956242859996
2022-12-29,6452.648814559482
2022-12-30,6472.956143232279
2023-01-02,6469.500927812948
2023-01-03,6509.550351041476
2023-01-04,6582.005643398933
2023-01-05,6636.700362434713
2023-01-06,6643.121133372713
2023-01-09,6810.922613618589
2023-01-10,6799.45136467771
2023-01-11,6773.926839349288
2023-01-12,6767.511940165292
2023-01-13,6847.135750337168
2023-01-16,6904.983557067593
2023-01-17,6844.09454477282
2023-01-18,6871.947157010615
2023-01-19,6883.14635519672
2023-01-20,6927.688075913361
2023-01-23,6929.210581406029
2023-01-24,6929.101656965867
2023-01-25,6948.087801999197
2023-01-26,7009.943137722916
2023-01-27,7024.295069120154
2023-01-30,7000.671282074274
2023-01-31,6873.811085662552
2023-02-01,6964.177878571244
2023-02-02,7001.662121138957
2023-02-03,6972.455132801914
2023-02-06,6832.033845864397
2023-02-07,6831.570838982856
2023-02-08,6857.027198479841
2023-02-09,6886.507543540188
2023-02-10,6830.347841180554
2023-02-13,6824.146155197924
2023-02-14,6846.462907318626
2023-02-15,6774.619904359601
2023-02-16,6797.149019944765
2023-02-17,6719.2929098502245
2023-02-20,6804.606297977158
2023-02-21,6766.718831478188
2023-02-22,6702.256492083259
2023-02-23,6727.921615614524
2023-02-24,6645.842595714081
2023-02-27,6587.109366954586
2023-02-28,6575.485786193113
2023-03-01,6672.180648976208
2023-03-02,6674.216036273042
2023-03-03,6703.670563259194
2023-03-06,6733.7368175571355
2023-03-07,6711.930733071813
2023-03-08,6621.418867601612
2023-03-09,6569.221462754787
2023-03-10,6503.186848189809
2023-03-13,6596.031770689795
2023-03-14,6491.324341186962
2023-03-15,6546.745212903205
2023-03-16,6516.413987093047
2023-03-17,6618.603818724408
2023-03-20,6566.298997005491
2023-03-21,6615.7884452145645
2023-03-22,6687.357868410784
2023-03-23,6801.563082829119
2023-03-24,6780.994298457184
2023-03-27,6729.52612848684
2023-03-28,6745.43098953428
2023-03-29,6774.444592998632
2023-03-30,6767.192152861054
2023-03-31,6794.438207822354
2023-04-03,6776.6174292088035
2023-04-04,6786.458593683761
2023-04-05,6798.871921611335
2023-04-06,6792.341301585484
2023-04-07,6811.330399599025
2023-04-10,6805.302609820026
2023-04-11,6843.696080686102
2023-04-12,6852.1961086913825
2023-04-13,6866.11303197297
2023-04-14,6894.110136535334
2023-04-17,6906.813627504468
2023-04-18,6889.213429797347
2023-04-19,6843.89588454487
2023-04-20,6840.225682043674
2023-04-21,6772.478148919873
2023-04-24,6752.05137710278
2023-04-25,6700.411866086002
2023-04-26,6705.612587673516
2023-04-27,6730.157209887358
2023-04-28,6765.658522688568
2023-05-01,6761.674086489452
2023-05-02,6774.9699984437575
2023-05-03,6763.305665209002
2023-05-04,6836.559571333914
2023-05-05,6844.190078921717
2023-05-08,6910.897177646421
2023-05-09,6872.771201648949
2023-05-10,6832.516139053167
2023-05-11,6808.950095197777
2023-05-12,6742.482605784909
2023-05-15,6775.081242708981
2023-05-16,6775.4059393107655
2023-05-17,6741.8270715607205
2023-05-18,6778.301737538958
2023-05-19,6797.064939437556
2023-05-22,6813.053022549444
2023-05-23,6759.963225576912
2023-05-24,6700.957743693788
2023-05-25,6652.9951672005045
2023-05-26,6685.644397765494
2023-05-29,6691.360037422998
2023-05-30,6688.668374285172
2023-05-31,6634.658298052244
2023-06-01,6623.236384251836
2023-06-02,6731.404372737458
2023-06-05,6737.776933112771
2023-06-06,6717.962893460121
2023-06-07,6749.838865400815
2023-06-08,6757.538148678088
2023-06-09,6818.220084549283
2023-06-12,6809.297142325614
2023-06-13,6861.512037708812
2023-06-14,6830.549697428829
2023-06-15,6878.130655123422
2023-06-16,6917.818552165131
2023-06-19,6880.639121804646
2023-06-20,6856.384629066852
2023-06-21,6796.501288097245
2023-06-22,6783.057412214639
2023-06-23,6723.963169921023
2023-06-26,6693.033111279318
2023-06-27,6716.396985954293
2023-06-28,6697.4344026695535
2023-06-29,6676.991941571214
2023-06-30,6703.148437981146
2023-07-03,6787.478457885954
2023-07-04,6823.295127613997
2023-07-05,6757.32500265263
2023-07-06,6668.211061922558
2023-07-07,6591.167447146132
2023-07-10,6590.703687435114
2023-07-11,6685.681384621949
2023-07-12,6743.668504932089
2023-07-13,6847.456914226848
2023-07-14,6946.932763718465
2023-07-17,6943.6228755231305
2023-07-18,6920.422208766875
2023-07-19,6871.922834814273
2023-07-20,6866.996741446997
2023-07-21,6874.653865112553
2023-07-24,6866.079253826428
2023-07-25,6945.418065863306
2023-07-26,6947.451938923726
2023-07-27,6989.013594729089
2023-07-28,7043.6498316642965
2023-07-31,7024.107695760738
2023-08-01,7021.930463175909
2023-08-02,6856.178589165729
2023-08-03,6845.142986036179
2023-08-04,6839.798457000986
2023-08-07,6856.447000212457
2023-08-08,6778.961252493274
2023-08-09,6811.998980544268
2023-08-10,6781.6810134079315
2023-08-11,6726.555726848252
2023-08-14,6687.679486207382
2023-08-15,6674.97920847947
2023-08-16,6658.5193407015795
2023-08-17,6650.351131263108
2023-08-18,6578.316792288935
2023-08-21,6539.133371246699
2023-08-22,6590.290434243792
2023-08-23,6583.086467547556
2023-08-24,6657.308717113928
2023-08-25,6573.708038549583
2023-08-28,6582.8054811243655
2023-08-29,6648.21953096034
2023-08-30,6656.486534631438
2023-08-31,6629.2269256282425
2023-09-01,6623.787988399697
2023-09-04,6679.359989690505
2023-09-05,6614.641696791462
2023-09-06,6611.297817009934
2023-09-07,6567.298961912587
2023-09-08,6550.389351037848
2023-09-11,6561.43707597107
2023-09-12,6543.684138373237
2023-09-13,6533.492358544499
2023-09-14,6593.041020294556
2023-09-15,6602.623129323264
2023-09-18,6555.946317727992
2023-09-19,6543.103397832128
2023-09-20,6508.173024895333
2023-09-21,6441.525422704676
2023-09-22,6512.645764891479
2023-09-25,6483.743169431291
2023-09-26,6422.28981945634
2023-09-27,6441.243936151804
2023-09-28,6419.478160057996
2023-09-29,6459.101206764673
2023-10-02,6467.943396566838
2023-10-03,6385.964666503938
2023-10-04,6335.314695472319
2023-10-05,6362.5599690847575
2023-10-06,6403.242397695924
2023-10-09,6399.561517594661
2023-10-10,6420.429276128315
2023-10-11,6476.869147870751
2023-10-12,6541.281442984261
2023-10-13,6451.5648503107805
2023-10-16,6388.097650387361
2023-10-17,6408.712459186088
2023-10-18,6366.192880338991
2023-10-19,6276.295109396326
2023-10-20,6223.330475443415
2023-10-23,6184.120574538549
2023-10-24,6207.729180920832
2023-10-25,6219.05896295811
2023-10-26,6158.507463710781
2023-10-27,6220.31775619493
2023-10-30,6237.641472141943
2023-10-31,6189.326102616006
2023-11-01,6186.784585086731
2023-11-02,6265.51145460146
2023-11-03,6351.550734281289
2023-11-06,6484.973367262251
2023-11-07,6429.1570066576305
2023-11-08,6441.256498664941
2023-11-09,6425.611055659236
2023-11-10,6371.8540560605925
2023-11-13,6377.432428217231
2023-11-14,6405.994947776649
2023-11-15,6555.651465618346
2023-11-16,6532.278514243639
2023-11-17,6527.349574502976
2023-11-20,6585.644748577109
2023-11-21,6620.933356835214
2023-11-22,6568.672637975904
2023-11-23,6582.580829750885
2023-11-24,6526.34158041675
2023-11-27,6512.817816825612
2023-11-28,6555.953490042339
2023-11-29,6547.786493865659
2023-11-30,6568.686888630803
2023-12-01,6512.274567506958
2023-12-04,6514.4558134285335
2023-12-05,6459.101078701949
2023-12-06,6465.823077472967
2023-12-07,6435.543340691718
2023-12-08,6479.006116546693
2023-12-11,6468.916966913346
2023-12-12,6493.896480493899
2023-12-13,6458.770375558707
2023-12-14,6561.556091986084
2023-12-15,6577.396468848299
2023-12-18,6562.633561051399
2023-12-19,6541.7879157108155
2023-12-20,6565.425432899438
2023-12-21,6568.508746908305
2023-12-22,6573.507435761079
2023-12-25,6591.151055817377
2023-12-26,6617.716273272662
2023-12-27,6678.825947919898
2023-12-28,6777.506232048189
2023-12-29,6793.222668931754
2024-01-01,6793.222668931632
2024-01-02,6753.3679891005395
2024-01-03,6675.186779093096
2024-01-04,6660.874346615672
2024-01-05,6625.049866212405
2024-01-08,6582.168079712164
2024-01-09,6578.760896181626
2024-01-10,6536.729444084399
2024-01-11,6558.583274587401
2024-01-12,6551.074256561913
2024-01-15,6542.839547118325
2024-01-16,6448.7029152168825
2024-01-17,6287.672513869325
2024-01-18,6308.345597694704
2024-01-19,6347.028961702646
2024-01-22,6307.927580753332
2024-01-23,6365.532198574991
2024-01-24,6433.239947344537
2024-01-25,6478.501992931067
2024-01-26,6449.084990431972
2024-01-29,6485.94980981265
2024-01-30,6430.64729805697
2024-01-31,6379.651972559035
2024-02-01,6426.414503894307
2024-02-02,6476.612266748415
2024-02-05,6436.965941155539
2024-02-06,6540.700681182198
2024-02-07,6564.628380967675
2024-02-08,6546.498395842403
2024-02-09,6532.236978989187
2024-02-12,6536.34490594297
2024-02-13,6555.986772996997
2024-02-14,6537.709213894498
2024-02-15,6549.527649728727
2024-02-16,6618.3021005997
2024-02-19,6658.530116181906
2024-02-20,6680.589040864617
2024-02-21,6714.042009953504
2024-02-22,6775.695844138853
2024-02-23,6768.575952242643
2024-02-26,6740.028262089528
2024-02-27,6744.921756428197
2024-02-28,6708.317637605259
2024-02-29,6747.818344404618
2024-03-01,6750.676169383743
2024-03-04,6774.622418439542
2024-03-05,6738.428488460914
2024-03-06,6769.06377322553
2024-03-07,6775.497621225063
2024-03-08,6857.463984150262
2024-03-11,6877.216380254818
2024-03-12,6921.688316309164
2024-03-13,6908.379195491557
2024-03-14,6914.212247510343
2024-03-15,6864.0990224280495
2024-03-18,6871.692231242686
2024-03-19,6802.966038771107
2024-03-20,6800.569581429004
2024-03-21,6902.977318152872
2024-03-22,6838.597077980379
2024-03-25,6811.073875373607
2024-03-26,6828.372361006076
2024-03-27,6805.552310065025
2024-03-28,6819.707981532056
2024-03-29,6832.544496726502
2024-04-01,6847.520459737958
2024-04-02,6877.873920795131
2024-04-03,6809.098899351749
2024-04-04,6835.7628014894235
2024-04-05,6806.1147300407265
2024-04-08,6826.141644278398
2024-04-09,6859.802697450546
2024-04-10,6868.267715836515
2024-04-11,6836.4443207285685
2024-04-12,6774.383800703635
2024-04-15,6750.1180294355045
2024-04-16,6620.201714952435
2024-04-17,6650.71573672687
2024-04-18,6703.354082762213
2024-04-19,6608.216933453527
2024-04-22,6644.0268795257925
2024-04-23,6660.980416946353
2024-04-24,6744.755942936526
2024-04-25,6718.038221264703
2024-04-26,6770.387578050759
2024-04-29,6839.31336540075
2024-04-30,6826.375127579163
2024-05-01,6826.321891372046
2024-05-02,6831.172995952808
2024-05-03,6892.060250328493
2024-05-06,6941.585466175418
2024-05-07,6977.151064252147
2024-05-08,6957.366034439419
2024-05-09,6950.3156461294775
2024-05-10,7032.113569044496
2024-05-13,7044.683137515899
2024-05-14,7052.92036034822
2024-05-15,7055.218138426572
2024-05-16,7152.966207618664
2024-05-17,7147.2359789402
2024-05-20,7167.549698987487
2024-05-21,7096.860862660606
2024-05-22,7136.844141318691
2024-05-23,7096.165476004652
2024-05-24,7028.69326110081
2024-05-27,7099.0965017507415
2024-05-28,7085.726093633881
2024-05-29,6977.565005152574
2024-05-30,6894.844893117809
2024-05-31,6857.926517440479
2024-06-03,6948.242931738366
2024-06-04,6949.15869468851
2024-06-05,6957.351563739625
2024-06-06,6996.117758913478
2024-06-07,7016.873306666665
2024-06-10,6984.373117381345
2024-06-11,6924.6471322274
2024-06-12,6943.032302734662
2024-06-13,6974.768414452625
2024-06-14,6976.772474890624
2024-06-17,6965.697400044054
2024-06-18,7002.524239241989
2024-06-19,7086.7358894866165
2024-06-20,7103.447530951494
2024-06-21,7039.578405654638
2024-06-24,7021.746966062787
2024-06-25,7024.812420049997
2024-06-26,7035.26094755047
2024-06-27,6987.465739693788
2024-06-28,7034.963112467582
2024-07-01,7048.977346374835
2024-07-02,7015.416611380539
2024-07-03,7054.047248622978
2024-07-04,7123.763329607978
2024-07-05,7136.520750616403
2024-07-08,7123.142956646187
2024-07-09,7136.895144673972
2024-07-10,7140.036636217231
2024-07-11,7216.005804140272
2024-07-12,7215.326637857711
2024-07-15,7203.636125406469
2024-07-16,7186.641386831832
2024-07-17,7162.019276386673
2024-07-18,7185.537642327934
2024-07-19,7096.385933037758
2024-07-22,7064.730077546641
2024-07-23,7072.746485149896
2024-07-24,7067.428716611736
2024-07-25,7015.558304728985
2024-07-26,6983.666944685861
2024-07-29,6993.093942877317
2024-07-30,6934.856080600139
2024-07-31,7023.565941983486
2024-08-01,7061.226617725042
2024-08-02,6964.6057741270715
2024-08-05,6732.263966817978
2024-08-06,6788.7085444318245
2024-08-07,6887.692249692275
2024-08-08,6879.8466208370955
2024-08-09,6964.998709846902
2024-08-12,6995.652224870615
2024-08-13,7015.304241240869
2024-08-14,7060.032011982121
2024-08-15,7054.090312632002
2024-08-16,7128.688062683702
2024-08-19,7212.243843818288
2024-08-20,7217.819227235684
2024-08-21,7212.453199277445
2024-08-22,7235.32653197536
2024-08-23,7233.529894440195
2024-08-26,7278.095365235412
2024-08-27,7272.8532727311285
2024-08-28,7274.395022732812
2024-08-29,7232.614054135103
2024-08-30,7256.898859000497
2024-09-02,7206.280665785778
2024-09-03,7161.283319490366
2024-09-04,7066.083413116646
2024-09-05,7115.153863902186
2024-09-06,7147.799405057072
2024-09-09,7064.03341517957
2024-09-10,7066.577221096701
2024-09-11,7027.8113152930655
2024-09-12,7085.816056279394
2024-09-13,7145.869593527831
2024-09-16,7177.953048030502
2024-09-17,7215.041049334356
2024-09-18,7201.2408477874515
2024-09-19,7278.258163961529
2024-09-20,7320.522931234989
2024-09-23,7360.271756094418
2024-09-24,7508.473747027154
2024-09-25,7533.305989750163
2024-09-26,7671.778593816221
2024-09-27,7725.800454921118
2024-09-30,7764.158270478828
2024-10-01,7766.555903672367
2024-10-02,7818.224239665049
2024-10-03,7780.153191468897
2024-10-04,7798.882511681715
2024-10-07,7844.130311666594
2024-10-08,7710.554776274906
2024-10-09,7614.356534121645
2024-10-10,7691.422668569597
2024-10-11,7675.407942515326
2024-10-14,7701.816525234603
2024-10-15,7658.460986770999
2024-10-16,7628.442966393633
2024-10-17,7619.405193990019
2024-10-18,7746.40042568569
2024-10-21,7717.887484967343
2024-10-22,7685.736997228569
2024-10-23,7680.479952883231
2024-10-24,7625.656703181165
2024-10-25,7637.221461921023
2024-10-28,7626.891807614354
2024-10-29,7582.788169512427
2024-10-30,7540.2236469094105
2024-10-31,7512.482534584189
2024-11-01,7504.397143364431
2024-11-04,7575.822197378383
2024-11-05,7653.023872622491
2024-11-06,7531.950159008149
2024-11-07,7586.263420310973
2024-11-08,7579.556854215554
2024-11-11,7526.314008001116
2024-11-12,7391.847471720261
2024-11-13,7388.927386246981
2024-11-14,7290.801436310226
2024-11-15,7295.847072954415
2024-11-18,7343.822053242331
2024-11-19,7377.813240665124
2024-11-20,7381.717968812582
2024-11-21,7348.103468173284
2024-11-22,7308.360669769267
2024-11-25,7342.9723436335435
2024-11-26,7303.21892289681
2024-11-27,7330.206698954432
2024-11-28,7288.256262608771
2024-11-29,7276.993405382566
2024-12-02,7320.829073146776
2024-12-03,7374.690692600739
2024-12-04,7385.96745817549
2024-12-05,7378.163828271036
2024-12-06,7426.899985954896
2024-12-09,7464.786845672602
2024-12-10,7461.433077549895
2024-12-11,7430.740125737028
2024-12-12,7460.543910704784
2024-12-13,7393.77715048815
2024-12-16,7372.828961854435
2024-12-17,7311.109073146229
2024-12-18,7356.938688107916
2024-12-19,7257.665362085391
2024-12-20,7217.697636636633
2024-12-23,7323.052160179292
2024-12-24,7371.309842153655
2024-12-25,7381.205666286068
2024-12-26,7376.080699555358
2024-12-27,7386.173515854496
2024-12-30,7366.353761009626
2024-12-31,7354.884927437082
2025-01-01,7354.884927437394
2025-01-02,7251.878644172387
2025-01-03,7253.840061779184
2025-01-06,7267.078100148903
2025-01-07,7292.457820078021
2025-01-08,7266.9673323262
2025-01-09,7230.174943830814
2025-01-10,7179.900795735992
2025-01-13,7093.7668087758175
2025-01-14,7171.163743280078
2025-01-15,7169.812592187983
2025-01-16,7224.826510685907
2025-01-17,7233.700480638348
2025-01-20,7276.967339117234
2025-01-21,7333.16423167624
2025-01-22,7348.474766816236
2025-01-23,7324.407824407143
2025-01-24,7404.088763441857
2025-01-27,7414.776739297896
2025-01-28,7402.086044905031
2025-01-29,7403.821716639315
2025-01-30,7398.726528156349
2025-01-31,7357.7757911053095
2025-02-03,7275.162289666173
2025-02-04,7358.03842164445
2025-02-05,7424.010709043122
2025-02-06,7472.020834363829
2025-02-07,7510.461451822047
2025-02-10,7501.657286007468
2025-02-11,7473.613300459596
2025-02-12,7560.689585120937
2025-02-13,7562.990236811103
2025-02-14,7644.946997285948
2025-02-17,7660.807883427966
2025-02-18,7682.125124828202
2025-02-19,7681.902509015593
2025-02-20,7653.83613076515
2025-02-21,7764.03757496374
2025-02-24,7740.591146896935
2025-02-25,7639.85731332526
2025-02-26,7735.029888596267
2025-02-27,7658.691282152915
2025-02-28,7493.5044264499975
2025-03-03,7489.514198055582
2025-03-04,7454.297125129806
2025-03-05,7581.3996892167515
2025-03-06,7641.600228454821
2025-03-07,7622.565593567755
2025-03-10,7549.506454666313
2025-03-11,7544.466073772636
2025-03-12,7544.365090371448
2025-03-13,7532.479713703942
2025-03-14,7603.597901133155
2025-03-17,7654.2590520498225
2025-03-18,7701.647618162265
2025-03-19,7693.638251504513
2025-03-20,7664.581651809773
2025-03-21,7589.25457142405
2025-03-24,7595.088858010317
2025-03-25,7535.919592321008
2025-03-26,7572.023961024473
2025-03-27,7568.861583610999
2025-03-28,7494.868154645349
2025-03-31,7378.649757130911
2025-04-01,7430.367528420677
2025-04-02,7445.998117422849
2025-04-03,7402.008653655249
2025-04-04,7380.648119396882
2025-04-07,6796.985765662495
2025-04-08,6765.57824877588
2025-04-09,6704.155031950326
2025-04-10,6993.829859565091
2025-04-11,7091.028467559803
2025-04-14,7196.433199760349
2025-04-15,7233.447957880395
2025-04-16,7185.299009973006
2025-04-17,7203.819697830013
2025-04-18,7216.407496622304
2025-04-21,7225.548637837671
2025-04-22,7247.691523849595
2025-04-23,7354.051056334646
2025-04-24,7322.472601591936
2025-04-25,7354.699022552026
2025-04-28,7376.956321654731
2025-04-29,7428.872254416888
2025-04-30,7502.487080267726
2025-05-01,7500.4875657708135
2025-05-02,7645.282592766426
2025-05-05,7717.909346426737
2025-05-06,7748.042250906693
2025-05-07,7758.576260106212
2025-05-08,7733.187044053966
2025-05-09,7769.934827870822
2025-05-12,7855.985374157898
2025-05-13,7816.9254463990255
2025-05-14,7912.478723126665
2025-05-15,7889.653788951677
2025-05-16,7901.240002077114
2025-05-19,7872.059620463477
2025-05-20,7902.882098315976
2025-05-21,7975.559942152606
2025-05-22,7940.501134909057
2025-05-23,7959.549950485335
2025-05-26,7947.020601232728
2025-05-27,7893.61383795485
2025-05-28,7898.870368280096
2025-05-29,7908.899300842308
2025-05-30,7837.302026000863
2025-06-02,7811.5421463711145
2025-06-03,7860.192142437092
2025-06-04,7910.547671795225
2025-06-05,7980.711608901577
2025-06-06,7976.320270453266
2025-06-09,8033.334925522674
2025-06-10,8063.683581646376
2025-06-11,8112.017554071209
2025-06-12,8120.655642522952
2025-06-13,8065.814768287811
2025-06-16,8120.393385244151
2025-06-17,8117.971018552901
2025-06-18,8120.981433020229
2025-06-19,8006.94903286416
2025-06-20,8062.993265619441
2025-06-23,8025.326179544301
2025-06-24,8203.581283664473
2025-06-25,8267.764660138047
2025-06-26,8282.724892585344
2025-06-27,8273.231663603256
2025-06-30,8234.800090963125
2025-07-01,8275.456239688407
2025-07-02,8310.33594165127
2025-07-03,8359.043089855442
2025-07-04,8329.244814805184
2025-07-07,8286.478700201935
2025-07-08,8306.478180796266
2025-07-09,8268.092534042076
2025-07-10,8334.76215767323
2025-07-11,8351.47817059343
2025-07-14,8378.675447146266
2025-07-15,8396.639795594821
2025-07-16,8375.26521300487
2025-07-17,8398.136622839733
2025-07-18,8441.678278095596
2025-07-21,8464.097657183605
2025-07-22,8437.86605064683
2025-07-23,8533.119906702876
2025-07-24,8536.122270752176
2025-07-25,8480.896239085336
2025-07-28,8477.867929255428
2025-07-29,8435.490581860466
2025-07-30,8458.721909241916
2025-07-31,8354.931850817035
2025-08-01,8253.001693034355
2025-08-04,8353.814847153883
2025-08-05,8444.225437834415
2025-08-06,8426.870086088991
2025-08-07,8509.313752532706
2025-08-08,8459.587881812913
2025-08-11,8443.557228175445
2025-08-12,8461.900773236239
2025-08-13,8580.576987185368
2025-08-14,8556.4864199337
2025-08-15,8520.402845173587
2025-08-18,8506.228448503194
2025-08-19,8477.025224600788
2025-08-20,8465.595772801342
2025-08-21,8465.347569933034
2025-08-22,8496.922183074077
2025-08-25,8595.197863424914
2025-08-26,8536.956929324968
2025-08-27,8505.09270611513
2025-08-28,8530.43732861992
2025-08-29,8481.599206455412
2025-09-01,8489.643562281852
2025-09-02,8501.339887112452
2025-09-03,8496.858534877989
2025-09-04,8468.322312074915
2025-09-05,8561.17649057949
2025-09-08,8597.533351232443
2025-09-09,8671.417903820598
2025-09-10,8746.746649914367
2025-09-11,8773.073392255772
2025-09-12,8847.987991167232
2025-09-15,8839.95971437094
2025-09-16,8908.247958768066
2025-09-17,8928.10657921069
2025-09-18,8921.66293439179
2025-09-19,8875.715723870953
2025-09-22,8885.556257678234
2025-09-23,8887.926281028205
2025-09-24,8907.08878705091
2025-09-25,8859.115443925859
2025-09-26,8750.782208022332
2025-09-29,8824.119368562697
2025-09-30,8842.080821925405
2025-10-01,8861.814008016117
2025-10-02,8945.296723066704
2025-10-03,8960.132877938266
2025-10-06,8937.347008099134
2025-10-07,8952.568593703636
2025-10-08,8940.840881277456
2025-10-09,9007.100525240245
2025-10-10,8951.29272011775
2025-10-13,8893.869890367203
2025-10-14,8801.7370117132
2025-10-15,8926.261573293776
2025-10-16,9030.041123984842
2025-10-17,8942.74413877012
2025-10-20,9054.593652647023
2025-10-21,9089.865129036478
2025-10-22,9079.49546332782
2025-10-23,9060.727734818642
2025-10-24,9125.402487355004
2025-10-27,9228.922963117695
2025-10-28,9187.227292164593
2025-10-29,9257.937168458107
2025-10-30,9200.925230185474
2025-10-31,9157.047444277561
2025-11-03,9223.853491894026
2025-11-04,9141.503793955642
2025-11-05,9087.24457860987
2025-11-06,9149.505292741505
2025-11-07,9065.8081864426
2025-11-10,9164.057245239166
2025-11-11,9150.973814832763
2025-11-12,9177.610383924351
2025-11-13,9179.621090468621
2025-11-14,9031.747113423862
2025-11-17,9042.42767495113
2025-11-18,8891.671569954944
2025-11-19,8881.347894018758
2025-11-20,8937.71539955312
2025-11-21,8752.712742615024
2025-11-24,8833.303627418463
2025-11-25,8880.07122100929
2025-11-26,8974.992926965568
2025-11-27,8984.204565423208
2025-11-28,8947.339836495403
2025-12-01,8978.123309274582
2025-12-02,9024.817740171491
2025-12-03,9005.61607117344
2025-12-04,9035.069284761657
2025-12-05,9075.216303298865
2025-12-08,9073.360885803688
2025-12-09,9025.79974724137
2025-12-10,9034.6762506343
2025-12-11,8980.455174461875
2025-12-12,9037.98210497462
2025-12-15,8957.84249928181
2025-12-16,8845.064315673155
2025-12-17,8887.46697552901
2025-12-18,8858.045195074965
2025-12-19,8922.284124635233
2025-12-22,9000.135400529303
2025-12-23,8997.602846950855
2025-12-24,9046.898328642275
2025-12-25,9041.347984294998
2025-12-26,9072.576351563534
2025-12-29,9092.1187485275
2025-12-30,9096.700552765824
2025-12-31,9074.841837480637
2026-01-01,9074.841837480662
2026-01-02,9171.702930260028
2026-01-05,9246.36855881624
2026-01-06,9326.669103530761
2026-01-07,9338.722443652858
2026-01-08,9276.856835969507
2026-01-09,9298.887398986326
2026-01-12,9371.263817866546
2026-01-13,9413.93592110824
2026-01-14,9453.834037513743
2026-01-15,9479.636121772233
2026-01-16,9518.45617126556
2026-01-19,9525.980303778131
2026-01-20,9500.722424567446
2026-01-21,9520.575879492873
2026-01-22,9557.114354517233
2026-01-23,9593.286136275894
2026-01-26,9669.146076831987
2026-01-27,9780.055243327977
2026-01-28,9879.955966546737
2026-01-29,9823.098370119686
2026-01-30,9663.53741092584
2026-02-02,9398.417056225238
2026-02-03,9600.951957171477
2026-02-04,9648.840613342802
2026-02-05,9513.071715243175
2026-02-06,9470.320298387405
2026-02-09,9681.292893589067
2026-02-10,9744.490747398271
2026-02-11,9854.399578744062
2026-02-12,9884.883421836368
2026-02-13,9791.839872990431
2026-02-16,9811.87709425828
2026-02-17,9816.20232257741
2026-02-18,9809.649680593224
2026-02-19,9881.568612776335
2026-02-20,9891.415345354335
2026-02-23,10059.481552689043
2026-02-24,10133.629022624827
2026-02-25,10260.834859701597
2026-02-26,10341.059795727258
2026-02-27,10281.265878419446
2026-03-02,10142.621742073527
2026-03-03,9782.978322618337
2026-03-04,9297.014566814936
2026-03-05,9603.668480115302
2026-03-06,9627.84147768229
2026-03-09,9284.463099077007
2026-03-10,9547.511126394484
2026-03-11,9685.149180299088
2026-03-12,9615.157381679226
2026-03-13,9484.388321628876
2026-03-16,9480.091044781457
2026-03-17,9597.888671839264
2026-03-18,9769.026797281762
2026-03-19,9583.83856117922
2026-03-20,9533.025582742639
2026-03-23,9174.194474428028
2026-03-24,9343.246113870877
2026-03-25,9562.827670219634
2026-03-26,9431.337495478518
2026-03-27,9408.312527121085
2026-03-30,9279.775295290865
2026-03-31,9099.312009917774
2026-04-01,9457.882958092881
2026-04-02,9290.278926284926
2026-04-03,9320.149033604965
2026-04-06,9339.853788125594
2026-04-07,9401.174068177048
2026-04-08,9851.330023620592
2026-04-09,9836.203524495915
2026-04-10,9930.386852361127
2026-04-13,9895.491437910268
2026-04-14,10077.08757664703
2026-04-15,10226.61997560131
2026-04-16,10373.925292593796
2026-04-17,10394.129987303673
2026-04-20,10486.054245823798
2026-04-21,10660.441042170936
2026-04-22,10697.143853294407
2026-04-23,10568.143566034845
2026-04-24,10642.238315546574
2026-04-27,10737.227072236234
2026-04-28,10763.314897106446
2026-04-29,10769.810966514025
2026-04-30,10653.691730511073
2026-05-01,10654.134921190158
2026-05-04,10971.584856919986
2026-05-05,10987.403051299443
2026-05-06,11302.426459240502
2026-05-07,11442.673023688998
2026-05-08,11374.20341221378
2026-05-11,11556.334082069485
2026-05-12,11545.223887108059
2026-05-13,11624.354116987857
2026-05-14,11643.15609343841
2026-05-15,11357.199321968481
2026-05-18,11277.654374392454
2026-05-19,11101.727191958369
2026-05-20,11084.176723009054
2026-05-21,11457.815878272731
2026-05-22,11662.1478554548
2026-05-25,11883.906893838268
2026-05-26,12079.845635669937
2026-05-27,12279.350512023853
2026-05-28,12248.057641866117
2026-05-29,12612.285736908563
2026-06-01,12831.837385099961
2026-06-02,12834.655671526174
2026-06-03,12902.234774141747
2026-06-04,12664.405536269278
2026-06-05,12379.052329814445
2026-06-08,11922.651107905496
2026-06-09,12350.580180709272
2026-06-10,11975.635602230032
2026-06-11,11969.215626011142
2026-06-12,12286.310495949238
2026-06-15,12649.74064336338
2026-06-16,12681.93415801593
2026-06-17,12692.817914833313
2026-06-18,12705.921083379662
2026-06-19,12684.308111876524
2026-06-22,12761.743060327004
2026-06-23,12301.060413812716
2026-06-24,12309.688050109537
2026-06-25,12417.826958484005
2026-06-26,11986.13069060851
2026-06-29,12112.2390003008
2026-06-30,12257.61866870951
2026-07-01,12302.626064329592
2026-07-02,12058.780046556389
2026-07-03,12228.548837650218
2026-07-06,12092.1572270729
2026-07-07,11830.761248477678
2026-07-08,11828.988585781715
2026-07-09,11860.437878681847
2026-07-10,11929.034368963961
2026-07-13,11659.893440562733
2026-07-14,11617.309646758245
2026-07-15,11885.141369046856
2026-07-16,11726.655339813735
2026-07-17,11387.893442614943
2026-07-20,11313.5898830063
2026-07-21,11674.142291637181
2026-07-22,11770.267473043445
2026-07-23,11956.388238438212
2026-07-24,11661.94482814698
2026-07-27,11729.701637821427
2026-07-28,11181.17493203271
2026-07-29,11018.452972387186
2026-07-30,10972.789578822287
2026-07-31,11571.235424072718
